7 0.11203703703703705 0.22317708333333333 0.1851851851851852 0.0234375
7 0.2837962962962963 0.2671875 0.4916666666666667 0.030208333333333334
7 0.11018518518518519 0.33229166666666665 0.1814814814814815 0.025
0 0.06296296296296297 0.55078125 0.05 0.025520833333333333
7 0.4981481481481482 0.8377604166666667 0.6314814814814815 0.0265625
7 0.26435185185185184 0.5533854166666666 0.33055555555555555 0.0265625
4 0.5 0.26536458333333335 0.9555555555555556 0.0515625
4 0.5018518518518519 0.37421875 0.9592592592592593 0.05364583333333333
7 0.49722222222222223 0.12786458333333334 0.3814814814814815 0.05572916666666666
7 0.8847222222222223 0.43463541666666666 0.13055555555555556 0.027604166666666666
7 0.49722222222222223 0.8898437499999999 0.46296296296296297 0.0296875
