7 0.14953703703703705 0.07473958333333333 0.23240740740740742 0.0421875
2 0.9421296296296297 0.07109375 0.0638888888888889 0.03697916666666667
5 0.075 0.15208333333333332 0.07222222222222223 0.04583333333333333
5 0.075 0.19713541666666667 0.07222222222222223 0.043229166666666666
5 0.07361111111111111 0.2421875 0.06944444444444445 0.040625
5 0.075 0.284375 0.07222222222222223 0.04375
5 0.07361111111111111 0.3296875 0.06944444444444445 0.040625
5 0.07314814814814816 0.3729166666666667 0.06851851851851852 0.041666666666666664
5 0.07361111111111111 0.4161458333333333 0.06944444444444445 0.042708333333333334
5 0.07175925925925926 0.4596354166666667 0.06574074074074074 0.043229166666666666
5 0.07361111111111111 0.5041666666666667 0.06944444444444445 0.041666666666666664
5 0.07453703703703704 0.5486979166666667 0.0712962962962963 0.04010416666666666
5 0.07453703703703704 0.5916666666666667 0.07314814814814816 0.03958333333333333
5 0.07361111111111111 0.634375 0.06944444444444445 0.04375
5 0.07546296296296297 0.6794270833333333 0.07314814814814816 0.04114583333333333
5 0.07361111111111111 0.7205729166666667 0.06944444444444445 0.04635416666666667
7 0.4930555555555556 0.8700520833333333 0.9361111111111111 0.10052083333333334
7 0.33055555555555555 0.1546875 0.4314814814814815 0.027083333333333334
7 0.15324074074074073 0.23958333333333334 0.07314814814814816 0.02395833333333333
7 0.17731481481481481 0.28541666666666665 0.13240740740740742 0.025
7 0.1814814814814815 0.3286458333333333 0.13333333333333333 0.027083333333333334
7 0.17037037037037037 0.3731770833333333 0.11666666666666667 0.0234375
7 0.1865740740740741 0.4158854166666667 0.14351851851851852 0.024479166666666666
7 0.16111111111111112 0.46067708333333335 0.1 0.022395833333333334
7 0.18333333333333335 0.5044270833333333 0.13703703703703704 0.0265625
7 0.1837962962962963 0.5924479166666666 0.13425925925925927 0.0265625
7 0.16898148148148148 0.6354166666666666 0.10833333333333334 0.022916666666666665
7 0.1550925925925926 0.6786458333333333 0.08240740740740742 0.025
7 0.17453703703703705 0.7221354166666667 0.11388888888888889 0.0234375
7 0.5037037037037038 0.7890625 0.10555555555555556 0.025
