7 0.1328703703703704 0.12135416666666667 0.1564814814814815 0.020833333333333332
7 0.18472222222222223 0.1703125 0.2601851851851852 0.030208333333333334
7 0.4425925925925926 0.20963541666666666 0.7796296296296297 0.0453125
7 0.21157407407407408 0.2877604166666667 0.31203703703703706 0.030729166666666665
0 0.8805555555555555 0.28541666666666665 0.05740740740740741 0.03229166666666666
7 0.10972222222222222 0.3528645833333333 0.11203703703703705 0.021354166666666667
7 0.18935185185185185 0.4200520833333333 0.26944444444444443 0.030729166666666665
0 0.8805555555555555 0.41796875 0.05925925925925926 0.0328125
7 0.23287037037037037 0.49609375 0.3527777777777778 0.030729166666666665
7 0.35833333333333334 0.5252604166666667 0.6 0.025520833333333333
7 0.23287037037037037 0.58359375 0.36203703703703705 0.027604166666666666
7 0.36342592592592593 0.6119791666666666 0.6212962962962963 0.022916666666666665
7 0.22824074074074074 0.6713541666666667 0.3490740740740741 0.029166666666666667
7 0.35879629629629634 0.7015625 0.6046296296296296 0.025
2 0.06851851851851852 0.065625 0.07777777777777778 0.04375
7 0.19675925925925927 0.065625 0.15833333333333333 0.03333333333333333
