3 0.49583333333333335 0.24921875 0.587962962962963 0.1578125
2 0.08518518518518518 0.4122395833333333 0.07407407407407407 0.0390625
7 0.3805555555555556 0.40572916666666664 0.49074074074074076 0.029166666666666667
2 0.0837962962962963 0.5307291666666667 0.06944444444444445 0.040625
7 0.3194444444444445 0.5236979166666667 0.3685185185185185 0.0296875
2 0.08472222222222223 0.6497395833333334 0.06574074074074074 0.04114583333333333
7 0.37962962962962965 0.6447916666666667 0.4962962962962963 0.028125
2 0.0837962962962963 0.7408854166666666 0.06944444444444445 0.03697916666666667
7 0.2425925925925926 0.7338541666666667 0.22037037037037038 0.02395833333333333
2 0.06851851851851852 0.07265625 0.040740740740740744 0.0265625
7 0.2550925925925926 0.07265625 0.23796296296296296 0.028645833333333332
7 0.5425925925925926 0.4479166666666667 0.8148148148148149 0.053125
7 0.5398148148148149 0.7791666666666667 0.8166666666666667 0.059375
7 0.2638888888888889 0.8841145833333334 0.13703703703703704 0.0359375
7 0.737962962962963 0.88515625 0.19444444444444445 0.034895833333333334
7 0.5263888888888889 0.5684895833333333 0.7842592592592593 0.058854166666666666
7 0.4865740740740741 0.67421875 0.7046296296296296 0.028645833333333332
