7 0.6013888888888889 0.19296875 0.14907407407407408 0.025520833333333333
7 0.08935185185185185 0.23984375 0.08981481481481482 0.019270833333333334
7 0.11805555555555557 0.2838541666666667 0.1398148148148148 0.028125
2 0.9212962962962963 0.28828125 0.07222222222222223 0.04010416666666666
7 0.09675925925925927 0.340625 0.09907407407407408 0.019791666666666666
7 0.12453703703703704 0.3893229166666667 0.1527777777777778 0.024479166666666666
7 0.5013888888888889 0.3424479166666667 0.11574074074074074 0.019270833333333334
2 0.9337962962962963 0.38515625 0.058333333333333334 0.0328125
7 0.5689814814814815 0.38958333333333334 0.24166666666666667 0.02395833333333333
7 0.5013888888888889 0.5770833333333333 0.44537037037037036 0.027083333333333334
2 0.06851851851851852 0.065625 0.07777777777777778 0.04375
7 0.21944444444444444 0.06744791666666666 0.20925925925925926 0.03177083333333333
2 0.10462962962962963 0.11770833333333333 0.06296296296296297 0.03333333333333333
7 0.10462962962962963 0.1453125 0.08518518518518518 0.017708333333333333
2 0.30462962962962964 0.11692708333333333 0.061111111111111116 0.03177083333333333
7 0.3060185185185185 0.14557291666666666 0.075 0.022395833333333334
2 0.5046296296296297 0.11692708333333333 0.061111111111111116 0.03177083333333333
7 0.5050925925925926 0.14479166666666665 0.08055555555555556 0.022916666666666665
2 0.7055555555555556 0.11692708333333333 0.061111111111111116 0.03177083333333333
7 0.7055555555555556 0.14401041666666667 0.10370370370370371 0.022395833333333334
2 0.9064814814814816 0.11692708333333333 0.061111111111111116 0.03177083333333333
7 0.9064814814814816 0.14401041666666667 0.10185185185185186 0.022395833333333334
4 0.500925925925926 0.2872395833333333 0.9537037037037037 0.06510416666666667
4 0.20694444444444446 0.38776041666666666 0.36203703703703705 0.0640625
4 0.6597222222222222 0.3880208333333333 0.46944444444444444 0.06354166666666666
7 0.5027777777777778 0.484375 0.20555555555555557 0.029166666666666667
7 0.3861111111111111 0.19270833333333334 0.17037037037037037 0.025
