7 0.20462962962962963 0.17942708333333332 0.29444444444444445 0.027604166666666666
7 0.8597222222222223 0.27057291666666666 0.10648148148148148 0.0234375
7 0.21712962962962964 0.27265625 0.3212962962962963 0.030729166666666665
7 0.7435185185185186 0.32916666666666666 0.3351851851851852 0.027083333333333334
7 0.525462962962963 0.3890625 0.8731481481481482 0.053125
7 0.5 0.5872395833333334 0.07222222222222223 0.027604166666666666
2 0.06435185185185185 0.071875 0.04722222222222222 0.030208333333333334
7 0.31712962962962965 0.075 0.36388888888888893 0.034375
7 0.8796296296296297 0.07447916666666667 0.1814814814814815 0.03229166666666666
7 0.5388888888888889 0.4770833333333333 0.33333333333333337 0.03854166666666667
7 0.5958333333333333 0.703125 0.39351851851851855 0.030208333333333334
7 0.5930555555555556 0.8341145833333333 0.3675925925925926 0.0296875
2 0.32222222222222224 0.47031249999999997 0.07777777777777778 0.04479166666666667
