3 0.12546296296296297 0.1796875 0.2490740740740741 0.140625
3 0.375 0.1796875 0.25 0.140625
3 0.625 0.1796875 0.25 0.140625
3 0.875 0.1796875 0.25 0.140625
2 0.12592592592592594 0.89609375 0.05925925925925926 0.0359375
2 0.37592592592592594 0.896875 0.06296296296296297 0.03333333333333333
2 0.6268518518518519 0.8966145833333333 0.05740740740740741 0.0359375
2 0.875925925925926 0.89609375 0.05740740740740741 0.0328125
2 0.06851851851851852 0.0703125 0.04814814814814815 0.026041666666666668
7 0.33796296296296297 0.07395833333333333 0.34074074074074073 0.035416666666666666
2 0.9305555555555556 0.07083333333333333 0.061111111111111116 0.030208333333333334
