3 0.0837962962962963 0.061197916666666664 0.16574074074074074 0.12135416666666667
3 0.25 0.061197916666666664 0.16666666666666669 0.12135416666666667
3 0.4166666666666667 0.061197916666666664 0.16666666666666669 0.12135416666666667
3 0.5833333333333334 0.061197916666666664 0.16666666666666669 0.12135416666666667
3 0.75 0.061197916666666664 0.16666666666666669 0.12135416666666667
3 0.9166666666666667 0.061197916666666664 0.16666666666666669 0.12135416666666667
3 0.10046296296296296 0.178125 0.19907407407407407 0.1125
3 0.3 0.178125 0.2 0.1125
3 0.5 0.178125 0.2 0.1125
3 0.7000000000000001 0.178125 0.2 0.1125
3 0.9 0.178125 0.2 0.1125
3 0.10046296296296296 0.290625 0.19907407407407407 0.1125
3 0.3 0.290625 0.2 0.1125
3 0.5 0.290625 0.2 0.1125
3 0.7000000000000001 0.290625 0.2 0.1125
3 0.9 0.290625 0.2 0.1125
3 0.10046296296296296 0.403125 0.19907407407407407 0.1125
3 0.3 0.403125 0.2 0.1125
3 0.5 0.403125 0.2 0.1125
3 0.7000000000000001 0.403125 0.2 0.1125
3 0.9 0.403125 0.2 0.1125
3 0.10046296296296296 0.515625 0.19907407407407407 0.1125
3 0.3 0.515625 0.2 0.1125
3 0.5 0.515625 0.2 0.1125
3 0.7000000000000001 0.515625 0.2 0.1125
3 0.9 0.515625 0.2 0.1125
3 0.10046296296296296 0.628125 0.19907407407407407 0.1125
3 0.3 0.628125 0.2 0.1125
3 0.5 0.628125 0.2 0.1125
3 0.7000000000000001 0.628125 0.2 0.1125
3 0.9 0.628125 0.2 0.1125
3 0.10046296296296296 0.740625 0.19907407407407407 0.1125
3 0.3 0.740625 0.2 0.1125
3 0.5 0.740625 0.2 0.1125
3 0.7000000000000001 0.740625 0.2 0.1125
3 0.9 0.740625 0.2 0.1125
3 0.10046296296296296 0.853125 0.19907407407407407 0.1125
3 0.3 0.853125 0.2 0.1125
3 0.5 0.853125 0.2 0.1125
3 0.7000000000000001 0.853125 0.2 0.1125
3 0.9 0.853125 0.2 0.1125
