7 0.48703703703703705 0.09375 0.5481481481481482 0.029166666666666667
7 0.18981481481481483 0.3848958333333333 0.1425925925925926 0.026041666666666668
7 0.19814814814814816 0.44947916666666665 0.15555555555555556 0.028125
7 0.8268518518518518 0.3848958333333333 0.09814814814814815 0.019791666666666666
7 0.20185185185185187 0.5140625 0.16666666666666669 0.028125
7 0.1953703703703704 0.5786458333333333 0.15 0.030208333333333334
7 0.2935185185185185 0.6411458333333333 0.35000000000000003 0.030208333333333334
7 0.23148148148148148 0.7041666666666666 0.22592592592592595 0.020833333333333332
7 0.4175925925925926 0.7614583333333333 0.6055555555555556 0.020833333333333332
0 0.837037037037037 0.7604166666666666 0.040740740740740744 0.025
2 0.16666666666666669 0.8494791666666667 0.07037037037037037 0.036458333333333336
2 0.5 0.8479166666666667 0.05555555555555556 0.041666666666666664
2 0.8351851851851853 0.8489583333333334 0.04814814814814815 0.03333333333333333
2 0.08425925925925926 0.9057291666666667 0.07592592592592592 0.030208333333333334
2 0.25092592592592594 0.90625 0.07592592592592592 0.035416666666666666
2 0.42314814814814816 0.90625 0.07592592592592592 0.0375
2 0.5833333333333334 0.9088541666666666 0.07777777777777778 0.03229166666666666
2 0.7546296296296297 0.9052083333333333 0.07222222222222223 0.035416666666666666
2 0.9194444444444445 0.9067708333333333 0.07592592592592592 0.036458333333333336
0 0.8388888888888889 0.6395833333333333 0.044444444444444446 0.022916666666666665
7 0.8175925925925926 0.5765625 0.12407407407407407 0.019791666666666666
7 0.8416666666666667 0.5119791666666667 0.06481481481481481 0.019791666666666666
0 0.8407407407407408 0.44635416666666666 0.05185185185185186 0.026041666666666668
7 0.8527777777777779 0.3411458333333333 0.08703703703703704 0.019791666666666666
2 0.7861111111111111 0.340625 0.03518518518518519 0.022916666666666665
7 0.28703703703703703 0.1546875 0.0962962962962963 0.026041666666666668
2 0.8462962962962963 0.15416666666666667 0.05185185185185186 0.022916666666666665
2 0.9500000000000001 0.09114583333333333 0.044444444444444446 0.028125
4 0.49722222222222223 0.3854166666666667 0.8055555555555556 0.058333333333333334
4 0.49722222222222223 0.44895833333333335 0.8055555555555556 0.05625
4 0.49444444444444446 0.5125 0.8074074074074075 0.05416666666666667
4 0.49722222222222223 0.5760416666666667 0.8055555555555556 0.05416666666666667
4 0.4953703703703704 0.6401041666666667 0.8018518518518519 0.05520833333333333
4 0.4962962962962963 0.7625 0.8074074074074075 0.05625
4 0.5601851851851852 0.1546875 0.6759259259259259 0.05520833333333333
7 0.837962962962963 0.7026041666666667 0.08333333333333334 0.019791666666666666
