7 0.1125 0.07291666666666667 0.16018518518518518 0.030208333333333334
2 0.9458333333333334 0.06953125 0.04166666666666667 0.04010416666666666
7 0.1814814814814815 0.14114583333333333 0.16111111111111112 0.02395833333333333
7 0.4064814814814815 0.1421875 0.18703703703703706 0.026041666666666668
7 0.6574074074074074 0.1421875 0.19814814814814816 0.026041666666666668
7 0.8925925925925926 0.1421875 0.15555555555555556 0.026041666666666668
7 0.10185185185185186 0.20963541666666666 0.17037037037037037 0.04114583333333333
7 0.055092592592592596 0.3307291666666667 0.10833333333333334 0.036458333333333336
7 0.2726851851851852 0.3325520833333333 0.2898148148148148 0.04010416666666666
0 0.9611111111111111 0.33125 0.05925925925925926 0.03333333333333333
7 0.055092592592592596 0.37916666666666665 0.10833333333333334 0.036458333333333336
7 0.2337962962962963 0.38515625 0.20277777777777778 0.04010416666666666
0 0.9597222222222223 0.37994791666666666 0.05648148148148149 0.03177083333333333
7 0.055092592592592596 0.4276041666666667 0.10833333333333334 0.036458333333333336
7 0.2638888888888889 0.42994791666666665 0.2740740740740741 0.03802083333333333
0 0.9601851851851853 0.4283854166666667 0.05740740740740741 0.03177083333333333
7 0.055092592592592596 0.47604166666666664 0.10833333333333334 0.036458333333333336
7 0.3550925925925926 0.47994791666666664 0.4416666666666667 0.04010416666666666
0 0.9597222222222223 0.47604166666666664 0.05462962962962963 0.03125
7 0.055092592592592596 0.5244791666666666 0.10833333333333334 0.036458333333333336
7 0.30694444444444446 0.52578125 0.35462962962962963 0.033854166666666664
0 0.9597222222222223 0.5252604166666667 0.06018518518518519 0.0328125
7 0.055092592592592596 0.5729166666666666 0.10833333333333334 0.036458333333333336
7 0.30185185185185187 0.5739583333333333 0.3462962962962963 0.0375
0 0.9606481481481481 0.5729166666666666 0.05648148148148149 0.03229166666666666
7 0.055092592592592596 0.6213541666666667 0.10833333333333334 0.036458333333333336
7 0.26851851851851855 0.6236979166666666 0.27037037037037037 0.03697916666666667
0 0.9611111111111111 0.6213541666666667 0.053703703703703705 0.03125
7 0.055092592592592596 0.6697916666666667 0.10833333333333334 0.036458333333333336
7 0.3805555555555556 0.67265625 0.5037037037037038 0.033854166666666664
0 0.9606481481481481 0.6700520833333333 0.058333333333333334 0.03177083333333333
7 0.055092592592592596 0.7182291666666667 0.10833333333333334 0.036458333333333336
7 0.38333333333333336 0.7239583333333334 0.4962962962962963 0.040625
0 0.9601851851851853 0.7184895833333333 0.053703703703703705 0.030729166666666665
7 0.055092592592592596 0.7666666666666666 0.10833333333333334 0.036458333333333336
7 0.24166666666666667 0.7713541666666667 0.22037037037037038 0.041666666666666664
0 0.9606481481481481 0.76640625 0.05648148148148149 0.03177083333333333
7 0.055092592592592596 0.8151041666666666 0.10833333333333334 0.036458333333333336
7 0.2625 0.81796875 0.27314814814814814 0.04010416666666666
0 0.9615740740740741 0.81484375 0.05648148148148149 0.03177083333333333
7 0.055092592592592596 0.8635416666666667 0.10833333333333334 0.036458333333333336
7 0.2625 0.8664062499999999 0.26203703703703707 0.03697916666666667
0 0.9592592592592593 0.8627604166666667 0.05555555555555556 0.030729166666666665
7 0.055092592592592596 0.9119791666666667 0.10833333333333334 0.036458333333333336
7 0.3458333333333333 0.9153645833333334 0.42685185185185187 0.0421875
0 0.9597222222222223 0.9127604166666666 0.058333333333333334 0.030729166666666665
