6 0.9027777777777778 0.1171875 0.10555555555555556 0.03854166666666667
6 0.9046296296296297 0.21145833333333333 0.10925925925925926 0.03958333333333333
6 0.9018518518518519 0.40260416666666665 0.11111111111111112 0.040625
7 0.5 0.06666666666666667 0.18888888888888888 0.03333333333333333
7 0.21296296296296297 0.10677083333333333 0.3703703703703704 0.02395833333333333
7 0.21851851851851853 0.13020833333333334 0.3814814814814815 0.022916666666666665
7 0.2518518518518519 0.19947916666666665 0.43333333333333335 0.021875
7 0.2212962962962963 0.22447916666666667 0.37962962962962965 0.019791666666666666
7 0.19351851851851853 0.28802083333333334 0.32407407407407407 0.02395833333333333
7 0.4398148148148148 0.3234375 0.8240740740740741 0.042708333333333334
7 0.1953703703703704 0.39166666666666666 0.3277777777777778 0.022916666666666665
7 0.2537037037037037 0.41822916666666665 0.4444444444444445 0.021875
7 0.15462962962962964 0.4786458333333333 0.24629629629629632 0.028125
7 0.26296296296296295 0.5057291666666667 0.45925925925925926 0.02395833333333333
7 0.10648148148148148 0.6057291666666667 0.15 0.02395833333333333
7 0.10648148148148148 0.6567708333333333 0.1574074074074074 0.02395833333333333
7 0.09907407407407408 0.7171875 0.1388888888888889 0.02395833333333333
7 0.11944444444444445 0.78125 0.17592592592592593 0.029166666666666667
7 0.08518518518518518 0.8364583333333333 0.10740740740740741 0.025
7 0.10277777777777779 0.921875 0.10555555555555556 0.016666666666666666
7 0.2990740740740741 0.9234375 0.10555555555555556 0.017708333333333333
7 0.5027777777777778 0.9223958333333333 0.12037037037037038 0.015625
7 0.7037037037037037 0.9239583333333333 0.10740740740740741 0.016666666666666666
7 0.9046296296296297 0.9234375 0.10555555555555556 0.017708333333333333
2 0.10092592592592593 0.8932291666666666 0.08333333333333334 0.042708333333333334
2 0.30462962962962964 0.8911458333333333 0.09814814814814815 0.046875
2 0.5027777777777778 0.8921875 0.09814814814814815 0.046875
2 0.7037037037037037 0.8927083333333333 0.10370370370370371 0.04583333333333333
2 0.9009259259259259 0.8916666666666666 0.09814814814814815 0.04583333333333333
