3 0.28611111111111115 0.20494791666666667 0.2240740740740741 0.12552083333333333
7 0.2851851851851852 0.28854166666666664 0.09444444444444444 0.025
3 0.7138888888888889 0.20494791666666667 0.2240740740740741 0.12552083333333333
7 0.7134259259259259 0.28854166666666664 0.14351851851851852 0.026041666666666668
7 0.0912037037037037 0.37447916666666664 0.1175925925925926 0.026041666666666668
2 0.08425925925925926 0.44140625 0.06851851851851852 0.033854166666666664
7 0.2851851851851852 0.428125 0.25 0.029166666666666667
7 0.3425925925925926 0.46380208333333334 0.362962962962963 0.03177083333333333
2 0.08240740740740742 0.54453125 0.08333333333333334 0.030729166666666665
7 0.3106481481481482 0.53515625 0.30092592592592593 0.033854166666666664
7 0.4759259259259259 0.5692708333333333 0.6222222222222222 0.028125
2 0.8518518518518519 0.5486979166666667 0.05185185185185186 0.0265625
2 0.9412037037037038 0.5471354166666667 0.06574074074074074 0.033854166666666664
2 0.08287037037037037 0.6528645833333333 0.06944444444444445 0.03802083333333333
7 0.33842592592592596 0.6401041666666667 0.35833333333333334 0.03333333333333333
7 0.40370370370370373 0.6747395833333333 0.4814814814814815 0.0296875
2 0.9402777777777778 0.6520833333333333 0.0638888888888889 0.03125
2 0.08240740740740742 0.7591145833333334 0.07592592592592592 0.043229166666666666
7 0.29814814814814816 0.7440104166666667 0.2796296296296296 0.028645833333333332
7 0.47314814814814815 0.7776041666666667 0.6166666666666667 0.03125
2 0.9407407407407408 0.7614583333333333 0.061111111111111116 0.0375
2 0.08333333333333334 0.8643229166666666 0.07037037037037037 0.043229166666666666
7 0.23935185185185187 0.8486979166666666 0.14907407407407408 0.0390625
7 0.4759259259259259 0.8848958333333333 0.6222222222222222 0.030208333333333334
2 0.9407407407407408 0.8643229166666666 0.061111111111111116 0.033854166666666664
7 0.28194444444444444 0.07291666666666667 0.2175925925925926 0.027083333333333334
2 0.06944444444444445 0.07265625 0.06481481481481481 0.03697916666666667
