7 0.3125 0.053906249999999996 0.1212962962962963 0.033854166666666664
7 0.5851851851851853 0.09609375 0.6759259259259259 0.0453125
7 0.5291666666666667 0.19609375 0.5564814814814815 0.0359375
7 0.6032407407407407 0.23723958333333334 0.7046296296296296 0.0453125
7 0.5111111111111112 0.33619791666666665 0.5185185185185185 0.03697916666666667
7 0.5791666666666667 0.37890625 0.6583333333333333 0.0265625
7 0.31666666666666665 0.4791666666666667 0.14444444444444446 0.034375
7 0.562962962962963 0.5216145833333333 0.6296296296296297 0.025520833333333333
7 0.33240740740740743 0.61875 0.17222222222222222 0.030208333333333334
7 0.5842592592592593 0.66328125 0.6722222222222223 0.04739583333333333
7 0.29212962962962963 0.7611979166666667 0.08055555555555556 0.0296875
7 0.5125000000000001 0.80625 0.5324074074074074 0.04791666666666666
2 0.5 0.8953125 0.10370370370370371 0.057291666666666664
2 0.12592592592592594 0.07291666666666667 0.15185185185185185 0.08541666666666667
2 0.12685185185185185 0.21614583333333334 0.15 0.08541666666666667
2 0.12546296296296297 0.3578125 0.15462962962962964 0.08645833333333333
2 0.12592592592592594 0.49947916666666664 0.15 0.08541666666666667
2 0.12731481481481483 0.6416666666666666 0.14907407407407408 0.08229166666666667
2 0.12731481481481483 0.7841145833333333 0.15092592592592594 0.08489583333333334
