7 0.125 0.1421875 0.12037037037037038 0.030208333333333334
7 0.375 0.14401041666666667 0.07037037037037037 0.025520833333333333
7 0.6231481481481481 0.14244791666666667 0.12037037037037038 0.0265625
7 0.8773148148148149 0.1421875 0.1287037037037037 0.027083333333333334
7 0.09212962962962963 0.21692708333333333 0.09537037037037037 0.0234375
7 0.14814814814814814 0.26171875 0.20925925925925926 0.0296875
2 0.4990740740740741 0.2526041666666667 0.06296296296296297 0.034375
7 0.9314814814814815 0.21744791666666666 0.04814814814814815 0.025520833333333333
7 0.8925925925925926 0.26171875 0.13518518518518519 0.03177083333333333
7 0.1564814814814815 0.371875 0.22592592592592595 0.02395833333333333
7 0.18842592592592594 0.4125 0.2916666666666667 0.028125
3 0.5 0.7265625 0.9074074074074074 0.2989583333333333
2 0.06712962962962964 0.07161458333333333 0.049074074074074076 0.030729166666666665
7 0.5101851851851852 0.07109375 0.1814814814814815 0.0328125
2 0.9425925925925926 0.07083333333333333 0.06296296296296297 0.036458333333333336
7 0.5 0.5119791666666667 0.31851851851851853 0.029166666666666667
7 0.5 0.6221354166666666 0.5796296296296296 0.028645833333333332
7 0.5013888888888889 0.65234375 0.4675925925925926 0.024479166666666666
7 0.500462962962963 0.690625 0.38796296296296295 0.05
