3 0.16805555555555557 0.24869791666666666 0.32685185185185184 0.1640625
3 0.49953703703703706 0.24869791666666666 0.32685185185185184 0.1640625
3 0.8305555555555556 0.24869791666666666 0.32592592592592595 0.1640625
3 0.16805555555555557 0.41562499999999997 0.32685185185185184 0.16458333333333333
3 0.49953703703703706 0.41562499999999997 0.32685185185185184 0.16458333333333333
3 0.8305555555555556 0.41562499999999997 0.32592592592592595 0.16458333333333333
3 0.16805555555555557 0.5825520833333333 0.32685185185185184 0.1640625
3 0.49953703703703706 0.5825520833333333 0.32685185185185184 0.1640625
3 0.8305555555555556 0.5825520833333333 0.32592592592592595 0.1640625
3 0.16805555555555557 0.74921875 0.32685185185185184 0.1640625
3 0.49953703703703706 0.74921875 0.32685185185185184 0.1640625
3 0.8305555555555556 0.74921875 0.32592592592592595 0.1640625
3 0.16805555555555557 0.8828125 0.32685185185185184 0.09791666666666667
3 0.49953703703703706 0.8828125 0.32685185185185184 0.09791666666666667
3 0.8305555555555556 0.8828125 0.32592592592592595 0.09791666666666667
2 0.06944444444444445 0.06484375 0.06851851851851852 0.03802083333333333
7 0.312962962962963 0.06796875 0.3907407407407408 0.027604166666666666
2 0.9314814814814815 0.06536458333333334 0.06666666666666667 0.0390625
7 0.12592592592592594 0.13098958333333333 0.06296296296296297 0.019270833333333334
7 0.3768518518518519 0.13098958333333333 0.07222222222222223 0.021354166666666667
7 0.6273148148148149 0.13229166666666667 0.0638888888888889 0.019791666666666666
7 0.8763888888888889 0.13203125 0.058333333333333334 0.022395833333333334
