7 0.2569444444444445 0.09791666666666667 0.4101851851851852 0.0375
2 0.8935185185185186 0.09583333333333333 0.053703703703703705 0.03229166666666666
7 0.47685185185185186 0.234375 0.8444444444444444 0.16458333333333333
7 0.2851851851851852 0.36302083333333335 0.45555555555555555 0.03333333333333333
7 0.20046296296296298 0.42135416666666664 0.28425925925925927 0.03125
7 0.2162037037037037 0.48359375 0.3175925925925926 0.03177083333333333
7 0.12824074074074074 0.5432291666666667 0.1398148148148148 0.03125
7 0.2518518518518519 0.6041666666666666 0.3851851851851852 0.036458333333333336
7 0.4902777777777778 0.8778645833333333 0.5935185185185186 0.030729166666666665
7 0.500925925925926 0.78359375 0.2851851851851852 0.034895833333333334
