7 0.2898148148148148 0.071875 0.2425925925925926 0.03125
7 0.1574074074074074 0.146875 0.24444444444444446 0.025
7 0.1564814814814815 0.24739583333333334 0.25 0.030208333333333334
7 0.18611111111111112 0.3484375 0.3092592592592593 0.030208333333333334
7 0.16018518518518518 0.44895833333333335 0.2611111111111111 0.027083333333333334
7 0.14537037037037037 0.5505208333333333 0.2388888888888889 0.026041666666666668
7 0.15092592592592594 0.6494791666666666 0.23148148148148148 0.02395833333333333
7 0.17407407407407408 0.7 0.2814814814814815 0.025
7 0.19722222222222224 0.8020833333333334 0.3277777777777778 0.029166666666666667
7 0.11851851851851852 0.9026041666666667 0.1814814814814815 0.030208333333333334
2 0.06759259259259259 0.071875 0.061111111111111116 0.03125
0 0.9222222222222223 0.159375 0.05555555555555556 0.03333333333333333
0 0.9222222222222223 0.259375 0.05555555555555556 0.03125
0 0.9203703703703704 0.4614583333333333 0.05925925925925926 0.03125
0 0.9212962962962963 0.5635416666666666 0.061111111111111116 0.03333333333333333
7 0.23796296296296296 0.17604166666666665 0.40555555555555556 0.025
7 0.062037037037037036 0.275 0.05 0.01875
7 0.35000000000000003 0.3770833333333333 0.6370370370370371 0.022916666666666665
7 0.14722222222222223 0.4765625 0.2240740740740741 0.021875
7 0.10370370370370371 0.5765625 0.14444444444444446 0.019791666666666666
7 0.3231481481481482 0.7270833333333333 0.575925925925926 0.025
7 0.07314814814814816 0.828125 0.07592592592592592 0.01875
