2 0.06759259259259259 0.0703125 0.0462962962962963 0.027083333333333334
2 0.9324074074074075 0.07083333333333333 0.05925925925925926 0.034375
7 0.2652777777777778 0.07083333333333333 0.24537037037037038 0.03229166666666666
7 0.13194444444444445 0.14609375 0.19166666666666668 0.0296875
7 0.07592592592592592 0.21979166666666666 0.08703703703703704 0.025
7 0.10092592592592593 0.2916666666666667 0.12962962962962962 0.025
7 0.125 0.3619791666666667 0.17777777777777778 0.025
7 0.10972222222222222 0.43463541666666666 0.14722222222222223 0.022395833333333334
7 0.12731481481481483 0.5065104166666666 0.18796296296296297 0.024479166666666666
7 0.08888888888888889 0.58046875 0.10370370370370371 0.022395833333333334
7 0.16620370370370371 0.65234375 0.25833333333333336 0.0203125
7 0.11296296296296297 0.7229166666666667 0.14814814814814814 0.021875
7 0.11527777777777778 0.7955729166666666 0.15462962962962964 0.0234375
2 0.16620370370370371 0.8825520833333333 0.06574074074074074 0.03697916666666667
7 0.16712962962962963 0.9130208333333333 0.08611111111111111 0.022916666666666665
2 0.5 0.8854166666666666 0.06666666666666667 0.035416666666666666
7 0.5 0.9127604166666666 0.15185185185185185 0.0171875
2 0.8319444444444445 0.884375 0.06759259259259259 0.035416666666666666
7 0.8347222222222223 0.91484375 0.06574074074074074 0.0171875
