7 0.4949074074074074 0.26848958333333334 0.987962962962963 0.3359375
0 0.03888888888888889 0.7575520833333333 0.05 0.033854166666666664
7 0.47222222222222227 0.7705729166666666 0.7925925925925926 0.033854166666666664
2 0.06851851851851852 0.065625 0.07777777777777778 0.04375
7 0.32592592592592595 0.06692708333333333 0.4240740740740741 0.028645833333333332
7 0.3509259259259259 0.6325520833333333 0.7000000000000001 0.18697916666666667
7 0.2662037037037037 0.8174479166666666 0.225 0.0328125
7 0.5259259259259259 0.8177083333333334 0.16666666666666669 0.03229166666666666
7 0.7597222222222223 0.8145833333333333 0.1824074074074074 0.030208333333333334
7 0.18981481481481483 0.8937499999999999 0.13333333333333333 0.028125
7 0.4412037037037037 0.8966145833333333 0.25092592592592594 0.033854166666666664
7 0.75 0.8971354166666666 0.2518518518518519 0.033854166666666664
