7 0.5 0.071875 0.6 0.040625
7 0.24351851851851852 0.14010416666666667 0.42592592592592593 0.030208333333333334
7 0.17592592592592593 0.22239583333333332 0.29074074074074074 0.028125
7 0.8041666666666667 0.22239583333333332 0.33425925925925926 0.027083333333333334
7 0.16018518518518518 0.3140625 0.26296296296296295 0.034375
7 0.9060185185185186 0.31171875 0.13425925925925927 0.025520833333333333
7 0.10185185185185186 0.40182291666666664 0.15555555555555556 0.03177083333333333
7 0.8060185185185186 0.4005208333333333 0.3416666666666667 0.028125
7 0.20740740740740743 0.4791666666666667 0.362962962962963 0.034375
7 0.12824074074074074 0.5619791666666667 0.20833333333333334 0.034375
6 0.8712962962962963 0.54453125 0.19444444444444445 0.049479166666666664
7 0.7694444444444445 0.5859375 0.39814814814814814 0.03333333333333333
7 0.11064814814814815 0.6544270833333333 0.1675925925925926 0.0328125
6 0.8712962962962963 0.6341145833333334 0.19444444444444445 0.049479166666666664
7 0.7819444444444444 0.67578125 0.3731481481481482 0.033854166666666664
7 0.11944444444444445 0.7419270833333333 0.17962962962962964 0.0296875
6 0.8712962962962963 0.7239583333333334 0.19444444444444445 0.05
7 0.7944444444444445 0.765625 0.34814814814814815 0.03333333333333333
7 0.5032407407407408 0.8265625 0.3416666666666667 0.021875
