2 0.06759259259259259 0.071875 0.07222222222222223 0.022916666666666665
7 0.23055555555555557 0.07291666666666667 0.11666666666666667 0.03125
2 0.825925925925926 0.0703125 0.05555555555555556 0.028125
2 0.9444444444444445 0.07135416666666666 0.04814814814814815 0.030208333333333334
7 0.19722222222222224 0.14583333333333334 0.32407407407407407 0.027083333333333334
7 0.11018518518518519 0.21302083333333333 0.13148148148148148 0.028125
7 0.1925925925925926 0.28125 0.2962962962962963 0.027083333333333334
7 0.2064814814814815 0.3489583333333333 0.32037037037037036 0.027083333333333334
7 0.1925925925925926 0.4166666666666667 0.2962962962962963 0.029166666666666667
7 0.22592592592592595 0.484375 0.3703703703703704 0.03125
7 0.2925925925925926 0.5541666666666667 0.49259259259259264 0.03125
7 0.2888888888888889 0.621875 0.48888888888888893 0.027083333333333334
7 0.25925925925925924 0.6895833333333333 0.42962962962962964 0.029166666666666667
7 0.14814814814814814 0.7567708333333333 0.21851851851851853 0.030208333333333334
7 0.24814814814814815 0.8260416666666667 0.40740740740740744 0.029166666666666667
7 0.12222222222222223 0.8927083333333333 0.15925925925925927 0.029166666666666667
