7 0.09907407407407408 0.12057291666666667 0.16666666666666669 0.022395833333333334
7 0.20231481481481484 0.17473958333333334 0.33611111111111114 0.025520833333333333
7 0.33981481481481485 0.20208333333333334 0.6111111111111112 0.022916666666666665
7 0.17453703703703705 0.26328125 0.28240740740740744 0.025520833333333333
7 0.08611111111111111 0.28984375 0.09814814814814815 0.025520833333333333
7 0.14537037037037037 0.35260416666666666 0.22592592592592595 0.028125
7 0.08611111111111111 0.378125 0.09814814814814815 0.026041666666666668
7 0.19768518518518519 0.44114583333333335 0.33981481481481485 0.027083333333333334
7 0.08564814814814815 0.46640624999999997 0.09722222222222222 0.025520833333333333
7 0.24166666666666667 0.5421875 0.4203703703703704 0.028125
0 0.9370370370370371 0.5408854166666667 0.053703703703703705 0.0296875
7 0.12268518518518519 0.628125 0.1712962962962963 0.029166666666666667
0 0.937962962962963 0.6294270833333333 0.053703703703703705 0.0296875
7 0.250462962962963 0.7033854166666667 0.42685185185185187 0.0296875
7 0.34814814814814815 0.7333333333333333 0.625925925925926 0.025
0 0.9375 0.7169270833333333 0.058333333333333334 0.0296875
7 0.17175925925925928 0.7924479166666667 0.27870370370370373 0.025520833333333333
7 0.07916666666666666 0.8208333333333333 0.08981481481481482 0.020833333333333332
7 0.25925925925925924 0.8830729166666667 0.45 0.0265625
7 0.13333333333333333 0.9106770833333333 0.19814814814814816 0.022395833333333334
2 0.01990740740740741 0.065625 0.03796296296296296 0.021875
2 0.06851851851851852 0.06510416666666667 0.07777777777777778 0.04375
7 0.16574074074074074 0.06666666666666667 0.10370370370370371 0.027083333333333334
2 0.9356481481481482 0.06588541666666667 0.04166666666666667 0.0390625
