7 0.4990740740740741 0.12864583333333332 0.46296296296296297 0.0375
7 0.4986111111111111 0.21562499999999998 0.2916666666666667 0.027083333333333334
7 0.4981481481481482 0.30859375 0.34814814814814815 0.030729166666666665
7 0.500462962962963 0.39140625 0.1675925925925926 0.025520833333333333
7 0.500462962962963 0.4786458333333333 0.20092592592592592 0.03125
7 0.500925925925926 0.5598958333333334 0.15925925925925927 0.026041666666666668
7 0.4967592592592593 0.6453125 0.16203703703703703 0.027083333333333334
7 0.4986111111111111 0.7322916666666667 0.33796296296296297 0.03125
7 0.4981481481481482 0.8166666666666667 0.13333333333333333 0.03333333333333333
7 0.5 0.90078125 0.16296296296296298 0.0296875
