7 0.24305555555555555 0.146875 0.4175925925925926 0.03125
7 0.8671296296296297 0.14791666666666667 0.19722222222222224 0.021875
7 0.12916666666666668 0.2125 0.1638888888888889 0.026041666666666668
7 0.12175925925925926 0.28619791666666666 0.13425925925925927 0.022395833333333334
0 0.07731481481481482 0.35104166666666664 0.058333333333333334 0.03333333333333333
7 0.3439814814814815 0.35546875 0.4620370370370371 0.0265625
0 0.07685185185185185 0.4401041666666667 0.05740740740740741 0.035416666666666666
7 0.26203703703703707 0.4427083333333333 0.29444444444444445 0.027083333333333334
0 0.07731481481481482 0.52734375 0.05277777777777778 0.030729166666666665
7 0.4666666666666667 0.5427083333333333 0.7092592592592593 0.04895833333333333
0 0.0763888888888889 0.64140625 0.05462962962962963 0.0328125
7 0.4912037037037037 0.6447916666666667 0.7601851851851852 0.029166666666666667
0 0.07824074074074075 0.7299479166666667 0.05462962962962963 0.033854166666666664
7 0.5185185185185185 0.74296875 0.8111111111111111 0.050520833333333334
7 0.1287037037037037 0.8244791666666667 0.15185185185185185 0.022916666666666665
0 0.07685185185185185 0.8877604166666666 0.05740740740740741 0.034895833333333334
7 0.21157407407407408 0.8903645833333333 0.1953703703703704 0.027604166666666666
7 0.24074074074074076 0.07447916666666667 0.19444444444444445 0.03229166666666666
2 0.06574074074074074 0.07109375 0.04814814814814815 0.0296875
