2 0.058333333333333334 0.059375 0.061111111111111116 0.03333333333333333
7 0.40740740740740744 0.06197916666666667 0.6296296296296297 0.02395833333333333
2 0.9314814814814815 0.06041666666666667 0.0962962962962963 0.04583333333333333
7 0.16666666666666669 0.11770833333333333 0.14074074074074075 0.020833333333333332
7 0.5 0.11770833333333333 0.15185185185185185 0.022916666666666665
7 0.8314814814814815 0.11666666666666667 0.14444444444444446 0.022916666666666665
7 0.3990740740740741 0.18645833333333334 0.10925925925925926 0.029166666666666667
7 0.3888888888888889 0.221875 0.08518518518518518 0.01875
3 0.1638888888888889 0.21562499999999998 0.10925925925925926 0.11458333333333333
3 0.17037037037037037 0.34739583333333335 0.15925925925925927 0.109375
3 0.1685185185185185 0.4770833333333333 0.20370370370370372 0.10833333333333334
3 0.15092592592592594 0.6072916666666667 0.21296296296296297 0.1125
3 0.15555555555555556 0.759375 0.2777777777777778 0.04583333333333333
7 0.49722222222222223 0.8177083333333334 0.15 0.0375
7 0.500925925925926 0.8885416666666667 0.5277777777777778 0.04791666666666666
2 0.9638888888888889 0.7369791666666666 0.05 0.030208333333333334
2 0.9648148148148149 0.6067708333333334 0.05925925925925926 0.030208333333333334
2 0.9601851851851853 0.4765625 0.05740740740740741 0.028125
2 0.9638888888888889 0.3458333333333333 0.053703703703703705 0.03333333333333333
2 0.9611111111111111 0.21458333333333332 0.05925925925925926 0.03333333333333333
7 0.487962962962963 0.3182291666666667 0.2833333333333333 0.026041666666666668
7 0.38981481481481484 0.353125 0.09074074074074075 0.020833333333333332
7 0.4675925925925926 0.4505208333333333 0.24629629629629632 0.028125
7 0.5314814814814816 0.5796875 0.3814814814814815 0.028125
7 0.38981481481481484 0.6151041666666667 0.09814814814814815 0.019791666666666666
7 0.46111111111111114 0.7109375 0.24074074074074076 0.02395833333333333
7 0.3907407407407408 0.7458333333333333 0.0962962962962963 0.022916666666666665
