7 0.09166666666666667 0.14505208333333333 0.12037037037037038 0.022395833333333334
2 0.08981481481481482 0.22395833333333334 0.10185185185185186 0.057291666666666664
7 0.27314814814814814 0.22447916666666667 0.15185185185185185 0.027083333333333334
6 0.9037037037037038 0.22395833333333334 0.11481481481481481 0.0375
2 0.08981481481481482 0.3151041666666667 0.10185185185185186 0.057291666666666664
7 0.29212962962962963 0.31640625 0.20277777777777778 0.027604166666666666
6 0.9037037037037038 0.31484375 0.11481481481481481 0.03697916666666667
2 0.08981481481481482 0.40598958333333335 0.10185185185185186 0.057812499999999996
7 0.2439814814814815 0.40729166666666666 0.09537037037037037 0.02395833333333333
6 0.9037037037037038 0.40598958333333335 0.11481481481481481 0.03697916666666667
2 0.08981481481481482 0.5026041666666666 0.10185185185185186 0.057291666666666664
7 0.2601851851851852 0.50390625 0.1277777777777778 0.0234375
2 0.08981481481481482 0.6046875 0.10185185185185186 0.057291666666666664
7 0.29305555555555557 0.6044270833333333 0.18796296296296297 0.025520833333333333
2 0.08981481481481482 0.7065104166666667 0.10185185185185186 0.057812499999999996
7 0.3101851851851852 0.7096354166666666 0.23148148148148148 0.025520833333333333
2 0.08981481481481482 0.8083333333333333 0.10185185185185186 0.057291666666666664
7 0.3509259259259259 0.8091145833333333 0.3111111111111111 0.024479166666666666
7 0.22175925925925927 0.071875 0.16574074074074074 0.03229166666666666
2 0.0699074074074074 0.071875 0.049074074074074076 0.030208333333333334
