7 0.17824074074074076 0.14114583333333333 0.19907407407407407 0.029166666666666667
7 0.49953703703703706 0.14088541666666665 0.1638888888888889 0.028645833333333332
7 0.8199074074074074 0.14088541666666665 0.1287037037037037 0.0265625
3 0.5 0.28984375 0.2240740740740741 0.12552083333333333
7 0.4990740740740741 0.409375 0.35000000000000003 0.035416666666666666
7 0.4990740740740741 0.45859374999999997 0.8611111111111112 0.057812499999999996
7 0.13194444444444445 0.6375 0.1953703703703704 0.026041666666666668
2 0.08240740740740742 0.7182291666666667 0.08703703703703704 0.046875
7 0.2449074074074074 0.7041666666666666 0.1712962962962963 0.03333333333333333
7 0.26157407407407407 0.7388020833333333 0.19351851851851853 0.027604166666666666
2 0.9398148148148149 0.7166666666666667 0.05555555555555556 0.03229166666666666
2 0.08194444444444444 0.825 0.05277777777777778 0.04479166666666667
7 0.25601851851851853 0.8096354166666666 0.1824074074074074 0.033854166666666664
7 0.2125 0.8455729166666667 0.10092592592592593 0.027604166666666666
2 0.9402777777777778 0.8236979166666667 0.058333333333333334 0.0328125
7 0.26203703703703707 0.9174479166666667 0.1962962962962963 0.0328125
7 0.25787037037037036 0.07395833333333333 0.17500000000000002 0.03125
2 0.0712962962962963 0.07161458333333333 0.06851851851851852 0.03177083333333333
7 0.4990740740740741 0.53515625 0.13333333333333333 0.0234375
