7 0.49259259259259264 0.13229166666666667 0.8333333333333334 0.04375
7 0.4328703703703704 0.17083333333333334 0.7138888888888889 0.022916666666666665
7 0.3902777777777778 0.21119791666666665 0.637962962962963 0.025520833333333333
7 0.3287037037037037 0.2578125 0.5018518518518519 0.020833333333333332
7 0.30324074074074076 0.3013020833333333 0.4564814814814815 0.0234375
7 0.42129629629629634 0.34609375 0.6925925925925926 0.021354166666666667
7 0.5180555555555556 0.4005208333333333 0.8861111111111112 0.04375
7 0.25787037037037036 0.43828125 0.36944444444444446 0.022395833333333334
7 0.40555555555555556 0.490625 0.6611111111111111 0.042708333333333334
7 0.42129629629629634 0.5278645833333333 0.6851851851851852 0.019270833333333334
7 0.3458333333333333 0.5723958333333333 0.5416666666666667 0.020833333333333332
3 0.10648148148148148 0.065625 0.1537037037037037 0.04375
2 0.037037037037037035 0.13098958333333333 0.06481481481481481 0.03697916666666667
2 0.0375 0.178125 0.062037037037037036 0.035416666666666666
2 0.0375 0.22109375 0.05648148148148149 0.034895833333333334
2 0.038425925925925926 0.5802083333333333 0.058333333333333334 0.03229166666666666
2 0.04027777777777778 0.5361979166666666 0.06574074074074074 0.0328125
2 0.03796296296296296 0.4908854166666667 0.06296296296296297 0.030729166666666665
2 0.04027777777777778 0.44427083333333334 0.04722222222222222 0.03854166666666667
2 0.03935185185185185 0.3984375 0.049074074074074076 0.036458333333333336
2 0.03796296296296296 0.35260416666666666 0.07037037037037037 0.0375
2 0.036111111111111115 0.30885416666666665 0.07037037037037037 0.034375
2 0.03796296296296296 0.26484375 0.06666666666666667 0.03802083333333333
