7 0.15046296296296297 0.13385416666666666 0.25833333333333336 0.02395833333333333
7 0.28101851851851856 0.17942708333333332 0.4990740740740741 0.024479166666666666
6 0.9055555555555556 0.17890625 0.11481481481481481 0.03697916666666667
7 0.13472222222222222 0.24140625 0.23240740740740742 0.028645833333333332
7 0.26805555555555555 0.2856770833333333 0.47500000000000003 0.0265625
6 0.9055555555555556 0.2833333333333333 0.11481481481481481 0.0375
7 0.2199074074074074 0.3455729166666667 0.4027777777777778 0.027604166666666666
7 0.25601851851851853 0.39140625 0.4416666666666667 0.028645833333333332
6 0.9055555555555556 0.38828125 0.11481481481481481 0.03697916666666667
7 0.14675925925925926 0.44895833333333335 0.24722222222222223 0.02395833333333333
7 0.26342592592592595 0.4942708333333333 0.4620370370370371 0.02395833333333333
6 0.9055555555555556 0.4927083333333333 0.11481481481481481 0.0375
7 0.20046296296296298 0.5528645833333333 0.3601851851851852 0.025520833333333333
7 0.26296296296296295 0.5994791666666667 0.45740740740740743 0.025
6 0.9055555555555556 0.59765625 0.11481481481481481 0.03697916666666667
7 0.24120370370370373 0.6575520833333334 0.4416666666666667 0.024479166666666666
7 0.3907407407407408 0.6994791666666667 0.7148148148148148 0.026041666666666668
2 0.08750000000000001 0.06536458333333334 0.08796296296296297 0.03802083333333333
7 0.32731481481481484 0.06744791666666666 0.38796296296296295 0.030729166666666665
2 0.8578703703703704 0.06328125 0.07314814814814816 0.044270833333333336
2 0.9611111111111111 0.065625 0.07777777777777778 0.0375
