7 0.2050925925925926 0.12916666666666665 0.21944444444444444 0.036458333333333336
7 0.2518518518518519 0.19036458333333334 0.08888888888888889 0.028645833333333332
7 0.26944444444444443 0.25234375 0.13333333333333333 0.027604166666666666
7 0.26851851851851855 0.31979166666666664 0.1277777777777778 0.03333333333333333
7 0.31851851851851853 0.3841145833333333 0.22777777777777777 0.0265625
7 0.25462962962962965 0.4497395833333333 0.1 0.0265625
7 0.27546296296296297 0.5174479166666667 0.1398148148148148 0.0265625
7 0.3106481481481482 0.5796875 0.21203703703703705 0.027083333333333334
7 0.27824074074074073 0.6494791666666666 0.13425925925925927 0.03229166666666666
7 0.24953703703703706 0.71328125 0.08240740740740742 0.0296875
7 0.2777777777777778 0.7783854166666666 0.14444444444444446 0.030729166666666665
7 0.2740740740740741 0.8453125 0.12962962962962962 0.03125
5 0.1277777777777778 0.18515625 0.07222222222222223 0.034895833333333334
5 0.12638888888888888 0.25104166666666666 0.062037037037037036 0.035416666666666666
5 0.12592592592592594 0.3169270833333333 0.06851851851851852 0.0359375
5 0.13055555555555556 0.38203125 0.06851851851851852 0.03697916666666667
5 0.12916666666666668 0.4479166666666667 0.06944444444444445 0.03958333333333333
5 0.12824074074074074 0.5145833333333333 0.07685185185185185 0.035416666666666666
5 0.12638888888888888 0.5799479166666667 0.0638888888888889 0.0359375
5 0.13101851851851853 0.6453125 0.0712962962962963 0.036458333333333336
5 0.12592592592592594 0.71171875 0.061111111111111116 0.0359375
5 0.1277777777777778 0.77734375 0.07222222222222223 0.0359375
5 0.1277777777777778 0.8416666666666667 0.07222222222222223 0.035416666666666666
