2 0.16990740740740742 0.18828125 0.14537037037037037 0.08177083333333333
7 0.5861111111111111 0.19088541666666667 0.3685185185185185 0.034895833333333334
2 0.16990740740740742 0.3171875 0.14537037037037037 0.08229166666666667
7 0.5893518518518519 0.32135416666666666 0.38981481481481484 0.0375
2 0.16990740740740742 0.44557291666666665 0.14537037037037037 0.08177083333333333
7 0.5902777777777778 0.44947916666666665 0.3212962962962963 0.03958333333333333
2 0.16990740740740742 0.57421875 0.14537037037037037 0.08177083333333333
7 0.5893518518518519 0.5765625 0.4305555555555556 0.0375
2 0.16990740740740742 0.7026041666666667 0.14537037037037037 0.08229166666666667
7 0.5898148148148148 0.7057291666666666 0.2537037037037037 0.04479166666666667
2 0.16990740740740742 0.8080729166666667 0.14537037037037037 0.0359375
2 0.09722222222222222 0.8799479166666666 0.09814814814814815 0.0546875
7 0.31666666666666665 0.8822916666666667 0.22037037037037038 0.05520833333333333
2 0.5856481481481481 0.8799479166666666 0.09722222222222222 0.0546875
7 0.8064814814814815 0.8807291666666667 0.2 0.05625
2 0.0712962962962963 0.07421875 0.07037037037037037 0.030729166666666665
