3 0.49953703703703706 0.37135416666666665 0.5712962962962963 0.253125
2 0.26944444444444443 0.5377604166666666 0.09814814814814815 0.0546875
7 0.22361111111111112 0.5848958333333333 0.08425925925925926 0.028125
7 0.3143518518518519 0.57734375 0.0712962962962963 0.022395833333333334
7 0.26990740740740743 0.6143229166666666 0.1398148148148148 0.030729166666666665
2 0.7305555555555556 0.5388020833333333 0.09814814814814815 0.0546875
7 0.7291666666666667 0.5825520833333333 0.1527777777777778 0.027604166666666666
7 0.7319444444444445 0.61484375 0.18981481481481483 0.03177083333333333
7 0.45925925925925926 0.68671875 0.8314814814814815 0.07135416666666666
7 0.6990740740740741 0.76796875 0.05740740740740741 0.021354166666666667
