7 0.10601851851851853 0.17369791666666667 0.1638888888888889 0.0328125
5 0.04861111111111111 0.23385416666666667 0.049074074074074076 0.028125
7 0.9023148148148149 0.23411458333333332 0.14722222222222223 0.0296875
5 0.04953703703703704 0.3033854166666667 0.05092592592592593 0.03177083333333333
7 0.912962962962963 0.30494791666666665 0.12592592592592594 0.0296875
5 0.05092592592592593 0.3755208333333333 0.053703703703703705 0.029166666666666667
7 0.912962962962963 0.3763020833333333 0.12592592592592594 0.0296875
5 0.05 0.44609375 0.05185185185185186 0.0296875
7 0.9023148148148149 0.4471354166666667 0.14722222222222223 0.0296875
5 0.05 0.5171875 0.05185185185185186 0.030208333333333334
7 0.9023148148148149 0.5184895833333333 0.14722222222222223 0.0296875
5 0.05092592592592593 0.5888020833333333 0.053703703703703705 0.030729166666666665
7 0.9023148148148149 0.5893229166666667 0.14722222222222223 0.0296875
5 0.04953703703703704 0.6598958333333333 0.05092592592592593 0.03125
7 0.9023148148148149 0.6606770833333333 0.14722222222222223 0.0296875
5 0.050462962962962966 0.7307291666666667 0.05462962962962963 0.029166666666666667
7 0.9023148148148149 0.7315104166666666 0.14722222222222223 0.0296875
5 0.05 0.80234375 0.05185185185185186 0.028645833333333332
7 0.9023148148148149 0.8028645833333333 0.14722222222222223 0.0296875
7 0.21851851851851853 0.23723958333333334 0.2611111111111111 0.0328125
7 0.23796296296296296 0.30807291666666664 0.3055555555555556 0.03177083333333333
7 0.2337962962962963 0.38125 0.30092592592592593 0.03229166666666666
7 0.1962962962962963 0.4513020833333333 0.22222222222222224 0.0296875
7 0.2125 0.5203125 0.25833333333333336 0.03229166666666666
7 0.2125 0.5908854166666666 0.2490740740740741 0.034895833333333334
7 0.22037037037037038 0.6653645833333334 0.27037037037037037 0.028645833333333332
7 0.20925925925925926 0.73359375 0.24814814814814815 0.033854166666666664
7 0.22083333333333335 0.80546875 0.26944444444444443 0.0328125
7 0.4828703703703704 0.11666666666666667 0.9361111111111111 0.03125
7 0.36388888888888893 0.06197916666666667 0.5277777777777778 0.034375
2 0.05648148148148149 0.057812499999999996 0.06481481481481481 0.03333333333333333
7 0.500925925925926 0.8895833333333333 0.3740740740740741 0.03229166666666666
