7 0.2837962962962963 0.15364583333333334 0.49722222222222223 0.034375
6 0.912962962962963 0.15338541666666666 0.11481481481481481 0.03697916666666667
7 0.20833333333333334 0.21796875 0.21851851851851853 0.021354166666666667
7 0.5 0.21848958333333332 0.17037037037037037 0.025520833333333333
6 0.5074074074074074 0.26328125 0.10925925925925926 0.0453125
7 0.7944444444444445 0.21692708333333333 0.10740740740740741 0.025520833333333333
6 0.799537037037037 0.2635416666666667 0.10833333333333334 0.04791666666666666
7 0.4050925925925926 0.07369791666666667 0.5305555555555556 0.034895833333333334
2 0.06944444444444445 0.07161458333333333 0.07037037037037037 0.0390625
7 0.2064814814814815 0.26276041666666666 0.13703703703703704 0.021354166666666667
