7 0.26990740740740743 0.07447916666666667 0.25277777777777777 0.034375
2 0.06851851851851852 0.07161458333333333 0.06666666666666667 0.030729166666666665
7 0.250462962962963 0.14270833333333333 0.11574074074074074 0.027083333333333334
7 0.7495370370370371 0.14140625 0.1675925925925926 0.024479166666666666
6 0.9055555555555556 0.21015625 0.0962962962962963 0.034895833333333334
7 0.19722222222222224 0.21041666666666667 0.3425925925925926 0.022916666666666665
2 0.5 0.4627604166666667 0.25925925925925924 0.14739583333333334
7 0.4953703703703704 0.6111979166666667 0.812962962962963 0.07864583333333333
7 0.5 0.6776041666666667 0.9277777777777778 0.025
7 0.49953703703703706 0.7549479166666666 0.27870370370370373 0.0203125
