7 0.44351851851851853 0.071875 0.5462962962962963 0.029166666666666667
2 0.07037037037037037 0.06875 0.04259259259259259 0.029166666666666667
7 0.24953703703703706 0.14401041666666667 0.2935185185185185 0.0265625
7 0.7495370370370371 0.14322916666666666 0.3490740740740741 0.027083333333333334
7 0.13657407407407407 0.21458333333333332 0.18425925925925926 0.028125
7 0.10416666666666667 0.28619791666666666 0.11574074074074074 0.0234375
7 0.20740740740740743 0.36223958333333334 0.32037037037037036 0.028645833333333332
7 0.1375 0.43515624999999997 0.18611111111111112 0.0234375
7 0.14074074074074075 0.5098958333333333 0.1851851851851852 0.027083333333333334
7 0.13333333333333333 0.58671875 0.17037037037037037 0.024479166666666666
7 0.11157407407407408 0.66171875 0.12685185185185185 0.024479166666666666
7 0.10462962962962963 0.7359375 0.11296296296296297 0.027083333333333334
7 0.12314814814814816 0.8098958333333334 0.15 0.028125
7 0.09675925925925927 0.8833333333333333 0.09907407407407408 0.025
