7 0.27083333333333337 0.07447916666666667 0.2490740740740741 0.034375
2 0.07083333333333333 0.0703125 0.0638888888888889 0.03125
2 0.19444444444444445 0.2296875 0.3111111111111111 0.175
7 0.19444444444444445 0.34869791666666666 0.17962962962962964 0.025520833333333333
2 0.525 0.2296875 0.3111111111111111 0.175
7 0.525462962962963 0.34869791666666666 0.12685185185185185 0.0234375
2 0.85 0.2296875 0.3 0.175
7 0.8555555555555556 0.34661458333333334 0.17962962962962964 0.022395833333333334
7 0.13935185185185187 0.4434895833333333 0.20277777777777778 0.027604166666666666
2 0.08981481481481482 0.5286458333333334 0.10185185185185186 0.057291666666666664
7 0.2953703703703704 0.53046875 0.20370370370370372 0.0296875
2 0.08981481481481482 0.6307291666666667 0.10185185185185186 0.057291666666666664
7 0.2675925925925926 0.6328125 0.14814814814814814 0.028125
2 0.08981481481481482 0.7328125 0.10185185185185186 0.057291666666666664
7 0.3013888888888889 0.7317708333333334 0.2138888888888889 0.028125
2 0.08981481481481482 0.8346354166666666 0.10185185185185186 0.057812499999999996
7 0.3768518518518519 0.834375 0.35555555555555557 0.029166666666666667
