7 0.26851851851851855 0.07447916666666667 0.2555555555555556 0.03333333333333333
2 0.06898148148148149 0.07057291666666667 0.06759259259259259 0.028645833333333332
7 0.1800925925925926 0.41901041666666666 0.2916666666666667 0.030729166666666665
2 0.16481481481481483 0.5453125 0.23333333333333334 0.13125
7 0.16481481481481483 0.6385416666666667 0.17592592592592593 0.03333333333333333
7 0.16481481481481483 0.6734375 0.08518518518518518 0.026041666666666668
2 0.4203703703703704 0.5447916666666667 0.23333333333333334 0.13125
7 0.41805555555555557 0.6385416666666667 0.13240740740740742 0.03333333333333333
7 0.4175925925925926 0.6734375 0.08518518518518518 0.026041666666666668
2 0.7351851851851852 0.5453125 0.23333333333333334 0.13125
7 0.7342592592592593 0.6385416666666667 0.3611111111111111 0.03333333333333333
7 0.7342592592592593 0.6734375 0.08518518518518518 0.026041666666666668
7 0.28240740740740744 0.7502604166666667 0.48703703703703705 0.0296875
7 0.10046296296296296 0.8351562499999999 0.13240740740740742 0.024479166666666666
2 0.08981481481481482 0.9140625 0.10185185185185186 0.040625
7 0.3962962962962963 0.9072916666666666 0.40185185185185185 0.027083333333333334
7 0.5041666666666667 0.21276041666666667 0.34351851851851856 0.0421875
7 0.500925925925926 0.2794270833333333 0.6592592592592593 0.028645833333333332
