7 0.1675925925925926 0.12838541666666667 0.17407407407407408 0.025520833333333333
7 0.4990740740740741 0.12864583333333332 0.0925925925925926 0.02395833333333333
7 0.8328703703703704 0.12786458333333334 0.20277777777777778 0.025520833333333333
7 0.1328703703703704 0.19192708333333333 0.20092592592592592 0.030729166666666665
7 0.24120370370370373 0.24375 0.4064814814814815 0.029166666666666667
0 0.9226851851851853 0.24140625 0.05462962962962963 0.030729166666666665
7 0.17731481481481481 0.3138020833333333 0.28240740740740744 0.028645833333333332
0 0.9226851851851853 0.31223958333333335 0.062037037037037036 0.03177083333333333
7 0.1486111111111111 0.38515625 0.225 0.030729166666666665
7 0.1537037037037037 0.45416666666666666 0.23703703703703705 0.022916666666666665
7 0.14305555555555557 0.5033854166666667 0.2175925925925926 0.0234375
2 0.07083333333333333 0.05859375 0.062037037037037036 0.030729166666666665
2 0.24629629629629632 0.055989583333333336 0.22962962962962963 0.0484375
7 0.5101851851851852 0.05807291666666667 0.26666666666666666 0.0453125
