7 0.23611111111111113 0.07421875 0.1851851851851852 0.03177083333333333
2 0.06805555555555556 0.071875 0.05092592592592593 0.029166666666666667
7 0.22870370370370371 0.14713541666666666 0.3907407407407408 0.024479166666666666
7 0.18888888888888888 0.22395833333333334 0.3092592592592593 0.027083333333333334
7 0.22916666666666669 0.2986979166666667 0.38796296296296295 0.027604166666666666
7 0.1300925925925926 0.3723958333333333 0.19351851851851853 0.025
7 0.10555555555555556 0.4466145833333333 0.14444444444444446 0.022395833333333334
7 0.1550925925925926 0.5231770833333333 0.24351851851851852 0.028645833333333332
7 0.15601851851851853 0.5979166666666667 0.23981481481481481 0.02395833333333333
7 0.17777777777777778 0.67421875 0.29074074074074074 0.028645833333333332
6 0.8953703703703704 0.6708333333333333 0.0925925925925926 0.034375
7 0.10740740740740741 0.7494791666666667 0.14074074074074075 0.027083333333333334
