0 0.08611111111111111 0.19427083333333334 0.06851851851851852 0.030208333333333334
0 0.08611111111111111 0.2739583333333333 0.061111111111111116 0.035416666666666666
0 0.08703703703703704 0.39479166666666665 0.06296296296296297 0.03333333333333333
0 0.08796296296296297 0.4713541666666667 0.061111111111111116 0.034375
0 0.08518518518518518 0.5510416666666667 0.06666666666666667 0.03125
2 0.06944444444444445 0.06979166666666667 0.05 0.029166666666666667
7 0.2638888888888889 0.0734375 0.18703703703703706 0.03229166666666666
7 0.10555555555555556 0.14270833333333333 0.13703703703703704 0.020833333333333332
7 0.3277777777777778 0.19479166666666667 0.3740740740740741 0.025
7 0.33425925925925926 0.275 0.37592592592592594 0.029166666666666667
7 0.13425925925925927 0.340625 0.20555555555555557 0.022916666666666665
7 0.5203703703703704 0.39427083333333335 0.7555555555555555 0.026041666666666668
7 0.4703703703703704 0.4734375 0.6481481481481481 0.026041666666666668
7 0.48888888888888893 0.5515625 0.6777777777777778 0.02395833333333333
7 0.5 0.6255208333333333 0.1925925925925926 0.026041666666666668
7 0.500925925925926 0.6848958333333334 0.4537037037037037 0.046875
