6 0.8916666666666667 0.2203125 0.09074074074074075 0.036458333333333336
6 0.9111111111111111 0.475 0.10740740740740741 0.03333333333333333
2 0.9481481481481482 0.071875 0.037037037037037035 0.03125
2 0.06944444444444445 0.071875 0.06481481481481481 0.03125
7 0.26666666666666666 0.075 0.2 0.035416666666666666
7 0.1925925925925926 0.14635416666666667 0.32592592592592595 0.02395833333333333
7 0.22777777777777777 0.19427083333333334 0.3888888888888889 0.026041666666666668
7 0.3787037037037037 0.2375 0.6870370370370371 0.052083333333333336
7 0.15462962962962964 0.321875 0.2425925925925926 0.029166666666666667
7 0.12592592592592594 0.3458333333333333 0.1814814814814815 0.020833333333333332
7 0.4851851851851852 0.3927083333333333 0.9037037037037038 0.027083333333333334
7 0.14814814814814814 0.4640625 0.23333333333333334 0.02395833333333333
7 0.4 0.4921875 0.7333333333333334 0.02395833333333333
7 0.14351851851851852 0.5666666666666667 0.22037037037037038 0.027083333333333334
7 0.08518518518518518 0.5927083333333333 0.10740740740740741 0.022916666666666665
7 0.21574074074074076 0.6677083333333333 0.3611111111111111 0.029166666666666667
7 0.11111111111111112 0.7427083333333333 0.15185185185185185 0.029166666666666667
