7 0.5 0.09765625 0.5018518518518519 0.06197916666666667
7 0.4962962962962963 0.1828125 0.6685185185185185 0.065625
3 0.12361111111111112 0.29973958333333334 0.08425925925925926 0.07552083333333333
7 0.4083333333333333 0.28880208333333335 0.3388888888888889 0.0234375
7 0.34351851851851856 0.3104166666666667 0.20925925925925926 0.019791666666666666
5 0.9069444444444444 0.2994791666666667 0.07685185185185185 0.0375
3 0.12314814814814816 0.3911458333333333 0.13333333333333333 0.052083333333333336
7 0.37777777777777777 0.3815104166666667 0.2777777777777778 0.0234375
7 0.34351851851851856 0.40338541666666666 0.20925925925925926 0.0203125
5 0.9069444444444444 0.3919270833333333 0.0638888888888889 0.034895833333333334
3 0.12638888888888888 0.4848958333333333 0.14351851851851852 0.0625
7 0.325 0.4747395833333333 0.17222222222222222 0.0234375
7 0.34351851851851856 0.49635416666666665 0.20925925925925926 0.019791666666666666
5 0.9074074074074074 0.48515625 0.07037037037037037 0.03802083333333333
