3 0.11666666666666667 0.09895833333333333 0.10370370370370371 0.058333333333333334
7 0.27175925925925926 0.1015625 0.19166666666666668 0.027083333333333334
3 0.11666666666666667 0.15885416666666666 0.10370370370370371 0.058333333333333334
7 0.23287037037037037 0.15989583333333332 0.11388888888888889 0.02395833333333333
3 0.11666666666666667 0.21875 0.10370370370370371 0.058333333333333334
7 0.3421296296296296 0.22109375 0.33055555555555555 0.028645833333333332
3 0.11666666666666667 0.278125 0.10370370370370371 0.058333333333333334
7 0.36574074074074076 0.2817708333333333 0.37592592592592594 0.026041666666666668
3 0.11666666666666667 0.3380208333333333 0.10370370370370371 0.058333333333333334
7 0.2652777777777778 0.3390625 0.17685185185185187 0.02395833333333333
3 0.11666666666666667 0.39791666666666664 0.10370370370370371 0.058333333333333334
7 0.24722222222222223 0.3989583333333333 0.1388888888888889 0.025
3 0.11666666666666667 0.4575520833333333 0.10370370370370371 0.057812499999999996
7 0.23703703703703705 0.4578125 0.12222222222222223 0.021875
3 0.11666666666666667 0.5174479166666667 0.10370370370370371 0.057812499999999996
7 0.24953703703703706 0.5184895833333333 0.15092592592592594 0.0234375
3 0.11666666666666667 0.5770833333333333 0.10370370370370371 0.058333333333333334
7 0.21712962962962964 0.5783854166666667 0.08240740740740742 0.0203125
3 0.11666666666666667 0.6369791666666667 0.10370370370370371 0.058333333333333334
7 0.24212962962962964 0.6375 0.13796296296296298 0.022916666666666665
3 0.11666666666666667 0.696875 0.10370370370370371 0.058333333333333334
7 0.27870370370370373 0.6984375 0.20370370370370372 0.021875
3 0.11666666666666667 0.75625 0.10370370370370371 0.058333333333333334
7 0.34953703703703703 0.75859375 0.34351851851851856 0.027604166666666666
3 0.11666666666666667 0.8161458333333333 0.10370370370370371 0.058333333333333334
7 0.3523148148148148 0.8171875 0.35462962962962963 0.025
3 0.11666666666666667 0.8760416666666666 0.10370370370370371 0.058333333333333334
7 0.35185185185185186 0.8770833333333333 0.35185185185185186 0.025
