2 0.06666666666666667 0.07083333333333333 0.06666666666666667 0.025
7 0.287962962962963 0.07395833333333333 0.2388888888888889 0.03958333333333333
3 0.2537037037037037 0.221875 0.45555555555555555 0.20625
7 0.12314814814814816 0.35260416666666666 0.16481481481481483 0.028125
3 0.7444444444444445 0.21927083333333333 0.45925925925925926 0.19895833333333332
7 0.6092592592592593 0.353125 0.16666666666666669 0.029166666666666667
3 0.25462962962962965 0.5046875 0.46111111111111114 0.21145833333333333
7 0.19907407407407407 0.6354166666666666 0.32037037037037036 0.03125
3 0.7444444444444445 0.5036458333333333 0.45925925925925926 0.21145833333333333
7 0.6194444444444445 0.6364583333333333 0.17592592592592593 0.027083333333333334
3 0.2555555555555556 0.784375 0.45925925925925926 0.20625
7 0.07777777777777778 0.9161458333333333 0.07037037037037037 0.02395833333333333
3 0.7444444444444445 0.7848958333333333 0.45925925925925926 0.20729166666666665
7 0.6296296296296297 0.9166666666666666 0.1962962962962963 0.027083333333333334
