7 0.2490740740740741 0.1296875 0.38703703703703707 0.03125
7 0.09675925925925927 0.15859375 0.07685185185185185 0.025520833333333333
7 0.24953703703703706 0.21744791666666666 0.3824074074074074 0.0328125
7 0.2587962962962963 0.24687499999999998 0.40092592592592596 0.026041666666666668
7 0.27824074074074073 0.30572916666666666 0.4398148148148148 0.03333333333333333
7 0.29212962962962963 0.3364583333333333 0.47870370370370374 0.028125
0 0.8782407407407408 0.31875 0.05462962962962963 0.034375
7 0.1537037037037037 0.39739583333333334 0.19814814814814816 0.027083333333333334
7 0.24675925925925926 0.42552083333333335 0.3861111111111111 0.025
7 0.2162037037037037 0.4953125 0.325 0.027083333333333334
7 0.24120370370370373 0.5854166666666667 0.3731481481481482 0.03125
7 0.2657407407407408 0.6739583333333333 0.4203703703703704 0.03333333333333333
7 0.18888888888888888 0.76171875 0.26851851851851855 0.027604166666666666
7 0.2439814814814815 0.8502604166666666 0.3861111111111111 0.03177083333333333
7 0.1287037037037037 0.9244791666666666 0.1574074074074074 0.022916666666666665
2 0.01712962962962963 0.06744791666666666 0.025 0.027604166666666666
2 0.06898148148148149 0.06614583333333333 0.0787037037037037 0.04375
7 0.1962962962962963 0.06770833333333333 0.16111111111111112 0.03125
