2 0.051388888888888894 0.11666666666666667 0.028703703703703703 0.014583333333333334
7 0.09027777777777778 0.11640625 0.049074074074074076 0.0140625
7 0.325 0.15260416666666665 0.5796296296296296 0.022916666666666665
2 0.051388888888888894 0.1796875 0.028703703703703703 0.016666666666666666
7 0.09027777777777778 0.17786458333333333 0.049074074074074076 0.018229166666666668
7 0.4953703703703704 0.22838541666666667 0.9259259259259259 0.0484375
2 0.051388888888888894 0.265625 0.028703703703703703 0.016666666666666666
7 0.09027777777777778 0.2638020833333333 0.049074074074074076 0.018229166666666668
7 0.18472222222222223 0.3020833333333333 0.30648148148148147 0.026041666666666668
2 0.051388888888888894 0.32916666666666666 0.028703703703703703 0.016666666666666666
7 0.08750000000000001 0.32838541666666665 0.036111111111111115 0.018229166666666668
7 0.4814814814814815 0.37864583333333335 0.8944444444444445 0.046875
2 0.051388888888888894 0.4153645833333333 0.028703703703703703 0.01614583333333333
7 0.08472222222222223 0.4145833333333333 0.036111111111111115 0.01875
7 0.07083333333333333 0.4536458333333333 0.075 0.025
2 0.051388888888888894 0.47890625 0.028703703703703703 0.01614583333333333
7 0.08611111111111111 0.47890625 0.037037037037037035 0.0171875
7 0.4203703703703704 0.5174479166666667 0.7777777777777778 0.025520833333333333
2 0.051388888888888894 0.5427083333333333 0.028703703703703703 0.016666666666666666
7 0.09027777777777778 0.5408854166666667 0.049074074074074076 0.018229166666666668
7 0.3740740740740741 0.58046875 0.6796296296296297 0.024479166666666666
2 0.051388888888888894 0.60625 0.028703703703703703 0.016666666666666666
7 0.0837962962962963 0.6044270833333333 0.036111111111111115 0.018229166666666668
7 0.3078703703703704 0.6421875 0.5527777777777778 0.022916666666666665
2 0.051388888888888894 0.6697916666666667 0.028703703703703703 0.016666666666666666
7 0.09027777777777778 0.66796875 0.049074074074074076 0.018229166666666668
7 0.4791666666666667 0.71953125 0.8953703703703704 0.04739583333333333
2 0.051388888888888894 0.7559895833333333 0.028703703703703703 0.01614583333333333
7 0.0837962962962963 0.7541666666666667 0.036111111111111115 0.01875
7 0.14120370370370372 0.7916666666666666 0.21944444444444444 0.021875
2 0.051388888888888894 0.8195312499999999 0.028703703703703703 0.01614583333333333
7 0.0837962962962963 0.8177083333333334 0.036111111111111115 0.01875
7 0.4134259259259259 0.8567708333333334 0.7583333333333334 0.026041666666666668
2 0.051388888888888894 0.8833333333333333 0.028703703703703703 0.016666666666666666
7 0.09027777777777778 0.8815104166666666 0.049074074074074076 0.018229166666666668
7 0.350462962962963 0.9197916666666667 0.6324074074074074 0.022916666666666665
7 0.23101851851851854 0.07213541666666666 0.17685185185185187 0.028645833333333332
2 0.06620370370370371 0.07057291666666667 0.06018518518518519 0.034895833333333334
2 0.8250000000000001 0.07161458333333333 0.08518518518518518 0.044270833333333336
2 0.9412037037037038 0.07057291666666667 0.0787037037037037 0.044270833333333336
