7 0.2351851851851852 0.07369791666666667 0.1814814814814815 0.0328125
2 0.06851851851851852 0.07161458333333333 0.05 0.027604166666666666
7 0.20046296296296298 0.14583333333333334 0.33796296296296297 0.026041666666666668
7 0.11527777777777778 0.19817708333333334 0.1638888888888889 0.0265625
7 0.2064814814814815 0.22526041666666666 0.337037037037037 0.025520833333333333
7 0.09907407407407408 0.296875 0.1277777777777778 0.02395833333333333
0 0.9236111111111112 0.29453125 0.06574074074074074 0.033854166666666664
7 0.10185185185185186 0.3716145833333333 0.13148148148148148 0.0234375
7 0.20092592592592592 0.4205729166666667 0.3277777777777778 0.024479166666666666
0 0.924537037037037 0.41875 0.062037037037037036 0.034375
7 0.23750000000000002 0.4973958333333333 0.4101851851851852 0.029166666666666667
7 0.4310185185185185 0.546875 0.7972222222222223 0.06979166666666667
0 0.925 0.53203125 0.05740740740740741 0.0328125
