7 0.17407407407407408 0.14765625 0.27037037037037037 0.0296875
7 0.1912037037037037 0.22421875 0.3101851851851852 0.0296875
7 0.17453703703703705 0.29973958333333334 0.28055555555555556 0.0265625
7 0.35370370370370374 0.32916666666666666 0.6351851851851852 0.025
7 0.17083333333333334 0.4028645833333333 0.275 0.028645833333333332
7 0.23240740740740742 0.43072916666666666 0.39814814814814814 0.025
7 0.14027777777777778 0.5052083333333334 0.2101851851851852 0.029166666666666667
7 0.4587962962962963 0.5447916666666667 0.8453703703703704 0.05
7 0.21574074074074076 0.62890625 0.3611111111111111 0.027604166666666666
0 0.9199074074074074 0.6263020833333334 0.05462962962962963 0.03177083333333333
7 0.18101851851851852 0.7044270833333334 0.2935185185185185 0.027604166666666666
7 0.14027777777777778 0.7325520833333333 0.2064814814814815 0.024479166666666666
2 0.07037037037037037 0.07291666666666667 0.07777777777777778 0.036458333333333336
7 0.2240740740740741 0.07083333333333333 0.15555555555555556 0.036458333333333336
