7 0.4851851851851852 0.071875 0.9240740740740742 0.052083333333333336
7 0.5013888888888889 0.14114583333333333 0.7194444444444444 0.046875
7 0.3101851851851852 0.21380208333333334 0.40555555555555556 0.028645833333333332
7 0.42083333333333334 0.2513020833333333 0.6268518518518519 0.0296875
0 0.9365740740740741 0.22057291666666667 0.08425925925925926 0.050520833333333334
2 0.05185185185185186 0.21328125 0.053703703703703705 0.030729166666666665
7 0.3037037037037037 0.29192708333333334 0.3925925925925926 0.0265625
7 0.43703703703703706 0.34088541666666666 0.6592592592592593 0.0515625
2 0.052314814814814814 0.29401041666666666 0.05648148148148149 0.030729166666666665
0 0.9370370370370371 0.2984375 0.08703703703703704 0.04791666666666666
7 0.46064814814814814 0.4427083333333333 0.7064814814814815 0.05
7 0.46064814814814814 0.496875 0.7064814814814815 0.026041666666666668
2 0.05555555555555556 0.3950520833333333 0.053703703703703705 0.030729166666666665
0 0.9356481481481482 0.40208333333333335 0.08425925925925926 0.04791666666666666
7 0.5013888888888889 0.5919270833333333 0.5064814814814815 0.03697916666666667
7 0.500462962962963 0.6729166666666666 0.5657407407407408 0.03333333333333333
7 0.49259259259259264 0.8041666666666667 0.9407407407407408 0.17083333333333334
7 0.39212962962962966 0.39427083333333335 0.5750000000000001 0.019791666666666666
