3 0.5 0.21927083333333333 0.6111111111111112 0.384375
2 0.22453703703703703 0.6596354166666667 0.18055555555555555 0.1015625
2 0.5037037037037038 0.6575520833333334 0.17592592592592593 0.1015625
2 0.7847222222222222 0.6559895833333333 0.18611111111111112 0.10260416666666666
2 0.3611111111111111 0.8169270833333333 0.1925925925925926 0.1046875
2 0.6453703703703704 0.8153645833333333 0.1962962962962963 0.1015625
7 0.22175925925925927 0.72265625 0.13611111111111113 0.028645833333333332
7 0.5037037037037038 0.7208333333333333 0.14074074074074075 0.022916666666666665
7 0.7851851851851852 0.7203125 0.11851851851851852 0.022916666666666665
7 0.3601851851851852 0.8807291666666667 0.23333333333333334 0.025
7 0.6444444444444445 0.8807291666666667 0.2574074074074074 0.02395833333333333
