7 0.14675925925925926 0.07395833333333333 0.225 0.03229166666666666
2 0.9416666666666667 0.071875 0.05185185185185186 0.03125
5 0.07777777777777778 0.15234375 0.05740740740740741 0.034895833333333334
5 0.0763888888888889 0.19557291666666665 0.05462962962962963 0.034895833333333334
5 0.07731481481481482 0.24192708333333332 0.06018518518518519 0.033854166666666664
5 0.07731481481481482 0.28359375 0.05648148148148149 0.034895833333333334
5 0.0763888888888889 0.3268229166666667 0.05462962962962963 0.033854166666666664
5 0.07777777777777778 0.37005208333333334 0.05555555555555556 0.0359375
5 0.0763888888888889 0.41510416666666666 0.05462962962962963 0.036458333333333336
5 0.07731481481481482 0.4596354166666667 0.05648148148148149 0.033854166666666664
5 0.075 0.5026041666666666 0.05740740740740741 0.03333333333333333
5 0.0763888888888889 0.54609375 0.058333333333333334 0.0328125
5 0.07685185185185185 0.5901041666666667 0.05740740740740741 0.03229166666666666
5 0.07731481481481482 0.6330729166666667 0.05648148148148149 0.033854166666666664
5 0.0787037037037037 0.6786458333333333 0.05740740740740741 0.03229166666666666
5 0.07777777777777778 0.7221354166666667 0.05185185185185186 0.034895833333333334
7 0.4828703703703704 0.8671875 0.887962962962963 0.090625
7 0.32685185185185184 0.15390625 0.4277777777777778 0.025520833333333333
7 0.15 0.24270833333333333 0.07592592592592592 0.025
7 0.17500000000000002 0.2869791666666667 0.13518518518518519 0.025
7 0.17824074074074076 0.32916666666666666 0.13796296296296298 0.027083333333333334
7 0.16944444444444445 0.37395833333333334 0.11851851851851852 0.025
7 0.17916666666666667 0.4161458333333333 0.13425925925925927 0.02395833333333333
7 0.16111111111111112 0.4588541666666667 0.0962962962962963 0.020833333333333332
7 0.18333333333333335 0.5044270833333333 0.1388888888888889 0.0234375
7 0.1800925925925926 0.5916666666666667 0.1287037037037037 0.021875
7 0.17037037037037037 0.63515625 0.12037037037037038 0.0234375
7 0.1564814814814815 0.6786458333333333 0.08703703703703704 0.021875
7 0.5018518518518519 0.78671875 0.09814814814814815 0.022395833333333334
