2 0.06944444444444445 0.0703125 0.07222222222222223 0.028125
2 0.825925925925926 0.07083333333333333 0.05555555555555556 0.03333333333333333
2 0.9416666666666667 0.071875 0.07592592592592592 0.03125
3 0.13518518518518519 0.18541666666666667 0.1962962962962963 0.1125
3 0.13518518518518519 0.34010416666666665 0.20370370370370372 0.11145833333333333
3 0.13611111111111113 0.4942708333333333 0.20555555555555557 0.11354166666666667
3 0.13611111111111113 0.6494791666666666 0.20185185185185187 0.11354166666666667
3 0.13333333333333333 0.803125 0.2 0.11458333333333333
3 0.13518518518518519 0.9171874999999999 0.20370370370370372 0.030208333333333334
7 0.5620370370370371 0.1609375 0.6018518518518519 0.059375
7 0.5509259259259259 0.315625 0.5833333333333334 0.06041666666666667
7 0.5527777777777778 0.46875 0.5796296296296296 0.06041666666666667
7 0.5611111111111111 0.6229166666666667 0.5888888888888889 0.058333333333333334
7 0.5555555555555556 0.7932291666666667 0.5814814814814815 0.08854166666666667
7 0.5722222222222223 0.9166666666666666 0.6111111111111112 0.027083333333333334
7 0.2777777777777778 0.07291666666666667 0.2111111111111111 0.029166666666666667
7 0.5296296296296297 0.20572916666666666 0.5259259259259259 0.019791666666666666
7 0.5305555555555556 0.3598958333333333 0.5240740740740741 0.019791666666666666
7 0.5398148148148149 0.5145833333333333 0.5425925925925926 0.020833333333333332
7 0.5416666666666667 0.6708333333333333 0.55 0.022916666666666665
7 0.5416666666666667 0.8526041666666666 0.5462962962962963 0.021875
