7 0.3388888888888889 0.0734375 0.3925925925925926 0.036458333333333336
7 0.5287037037037037 0.14322916666666666 0.7981481481481482 0.04479166666666667
7 0.29814814814814816 0.19791666666666666 0.4740740740740741 0.03125
7 0.3194444444444445 0.25 0.37962962962962965 0.027083333333333334
7 0.3740740740740741 0.2947916666666667 0.49259259259259264 0.027083333333333334
7 0.4851851851851852 0.3546875 0.8777777777777778 0.046875
2 0.06574074074074074 0.06979166666666667 0.061111111111111116 0.035416666666666666
0 0.08888888888888889 0.13958333333333334 0.06666666666666667 0.035416666666666666
5 0.0925925925925926 0.24791666666666667 0.05925925925925926 0.03333333333333333
5 0.0925925925925926 0.2921875 0.05925925925925926 0.036458333333333336
7 0.500925925925926 0.8937499999999999 0.09814814814814815 0.020833333333333332
