6 0.9166666666666667 0.146875 0.10740740740740741 0.04583333333333333
6 0.9157407407407407 0.3223958333333333 0.10555555555555556 0.04479166666666667
6 0.913888888888889 0.39947916666666666 0.11296296296296297 0.03854166666666667
2 0.07037037037037037 0.07239583333333333 0.06296296296296297 0.03229166666666666
7 0.23981481481481481 0.075 0.20185185185185187 0.035416666666666666
7 0.09351851851851853 0.146875 0.12037037037037038 0.03333333333333333
7 0.17222222222222222 0.22083333333333333 0.2740740740740741 0.027083333333333334
7 0.1925925925925926 0.25104166666666666 0.3148148148148148 0.025
7 0.1388888888888889 0.32395833333333335 0.21851851851851853 0.03125
7 0.3111111111111111 0.4 0.562962962962963 0.029166666666666667
