5 0.8800925925925926 0.0921875 0.06944444444444445 0.04375
5 0.8787037037037038 0.16927083333333334 0.07037037037037037 0.041666666666666664
5 0.8810185185185185 0.24765625 0.07685185185185185 0.0453125
5 0.8810185185185185 0.32526041666666666 0.07685185185185185 0.04114583333333333
5 0.8805555555555555 0.40520833333333334 0.07407407407407407 0.042708333333333334
5 0.8796296296296297 0.48333333333333334 0.07222222222222223 0.04791666666666666
5 0.8791666666666667 0.5606770833333333 0.07314814814814816 0.044270833333333336
5 0.8805555555555555 0.6395833333333333 0.07407407407407407 0.040625
5 0.8796296296296297 0.796875 0.07222222222222223 0.04583333333333333
5 0.8819444444444445 0.8742187499999999 0.0787037037037037 0.04010416666666666
5 0.8810185185185185 0.7171875 0.075 0.036458333333333336
7 0.14074074074074075 0.09505208333333333 0.12037037037037038 0.033854166666666664
7 0.14305555555555557 0.17213541666666665 0.11574074074074074 0.034895833333333334
7 0.14583333333333334 0.2518229166666667 0.11944444444444445 0.0328125
7 0.1398148148148148 0.33125 0.11481481481481481 0.0375
7 0.15046296296296297 0.4080729166666667 0.13055555555555556 0.0328125
7 0.1462962962962963 0.48593749999999997 0.13148148148148148 0.03333333333333333
7 0.13333333333333333 0.5622395833333333 0.08888888888888889 0.030729166666666665
7 0.1398148148148148 0.64296875 0.11111111111111112 0.03802083333333333
7 0.1398148148148148 0.721875 0.10925925925925926 0.03125
7 0.13564814814814816 0.796875 0.09351851851851853 0.03125
7 0.1375 0.8739583333333333 0.09907407407407408 0.03125
