7 0.22546296296296298 0.12916666666666665 0.33425925925925926 0.03333333333333333
7 0.24537037037037038 0.15859375 0.3740740740740741 0.025520833333333333
7 0.225 0.21744791666666666 0.33333333333333337 0.0328125
7 0.4800925925925926 0.24687499999999998 0.8435185185185186 0.026041666666666668
7 0.31342592592592594 0.30572916666666666 0.5101851851851852 0.03333333333333333
7 0.27546296296296297 0.33515625 0.4342592592592593 0.025520833333333333
7 0.2606481481481482 0.3880208333333333 0.4046296296296297 0.03333333333333333
7 0.3763888888888889 0.43072916666666666 0.637962962962963 0.046875
0 0.8828703703703704 0.41171874999999997 0.0638888888888889 0.033854166666666664
7 0.3175925925925926 0.49244791666666665 0.5185185185185185 0.0328125
7 0.27546296296296297 0.521875 0.4342592592592593 0.026041666666666668
7 0.32175925925925924 0.575 0.5268518518518519 0.03333333333333333
7 0.39305555555555555 0.6268229166666667 0.675 0.0640625
0 0.8810185185185185 0.609375 0.06018518518518519 0.03333333333333333
3 0.06851851851851852 0.065625 0.07777777777777778 0.04375
7 0.24583333333333335 0.065625 0.2564814814814815 0.03333333333333333
