0 0.925 0.20677083333333332 0.061111111111111116 0.036458333333333336
0 0.9240740740740742 0.7661458333333333 0.06296296296296297 0.034375
0 0.9231481481481482 0.9125 0.061111111111111116 0.03125
2 0.06851851851851852 0.0703125 0.07407407407407407 0.026041666666666668
7 0.26481481481481484 0.07447916666666667 0.18888888888888888 0.034375
7 0.11944444444444445 0.1453125 0.17222222222222222 0.02395833333333333
7 0.14537037037037037 0.19322916666666667 0.23148148148148148 0.02395833333333333
7 0.15185185185185185 0.2911458333333333 0.24074074074074076 0.021875
7 0.21574074074074076 0.33958333333333335 0.3648148148148148 0.022916666666666665
7 0.1814814814814815 0.4375 0.2962962962962963 0.027083333333333334
7 0.4675925925925926 0.48854166666666665 0.8685185185185186 0.027083333333333334
7 0.0962962962962963 0.5578125 0.13333333333333333 0.019791666666666666
7 0.22870370370370371 0.6078125 0.3907407407407408 0.028125
7 0.1564814814814815 0.7026041666666667 0.24629629629629632 0.026041666666666668
7 0.17962962962962964 0.7520833333333333 0.3074074074074074 0.022916666666666665
7 0.16018518518518518 0.8515625 0.27592592592592596 0.02395833333333333
7 0.13333333333333333 0.9 0.2111111111111111 0.027083333333333334
7 0.32222222222222224 0.22135416666666666 0.5777777777777778 0.021875
7 0.3740740740740741 0.36875 0.6814814814814815 0.022916666666666665
7 0.20833333333333334 0.6348958333333333 0.3425925925925926 0.021875
7 0.28425925925925927 0.7807291666666667 0.5055555555555555 0.02395833333333333
7 0.17777777777777778 0.9255208333333333 0.2888888888888889 0.017708333333333333
