7 0.4990740740740741 0.8828125 0.08703703703703704 0.026041666666666668
7 0.21296296296296297 0.49114583333333334 0.11111111111111112 0.02395833333333333
7 0.5018518518518519 0.4921875 0.14074074074074075 0.026041666666666668
7 0.7944444444444445 0.49114583333333334 0.11111111111111112 0.026041666666666668
7 0.10648148148148148 0.37135416666666665 0.10555555555555556 0.017708333333333333
7 0.2111111111111111 0.2859375 0.0962962962962963 0.028125
7 0.125 0.24114583333333334 0.1462962962962963 0.017708333333333333
7 0.49722222222222223 0.1453125 0.8648148148148148 0.053125
2 0.06944444444444445 0.06979166666666667 0.061111111111111116 0.03333333333333333
2 0.20833333333333334 0.44375 0.061111111111111116 0.04375
2 0.5037037037037038 0.44479166666666664 0.06296296296296297 0.03958333333333333
2 0.7916666666666667 0.4458333333333333 0.10185185185185186 0.03333333333333333
2 0.11111111111111112 0.2875 0.04814814814814815 0.025
4 0.4990740740740741 0.28854166666666664 0.8944444444444445 0.06041666666666667
7 0.4990740740740741 0.5854166666666667 0.05740740740740741 0.022916666666666665
