7 0.5027777777777778 0.09270833333333334 0.7351851851851852 0.05
3 0.1277777777777778 0.20260416666666667 0.13703703703703704 0.07604166666666666
3 0.1287037037037037 0.28541666666666665 0.13518518518518519 0.075
3 0.1277777777777778 0.3697916666666667 0.14444444444444446 0.07708333333333334
3 0.125 0.45260416666666664 0.13518518518518519 0.07604166666666666
3 0.13055555555555556 0.5369791666666667 0.1388888888888889 0.078125
3 0.12592592592592594 0.6192708333333333 0.14074074074074075 0.07604166666666666
3 0.12685185185185185 0.7057291666666666 0.1388888888888889 0.078125
3 0.12592592592592594 0.7875 0.14074074074074075 0.07708333333333334
3 0.12592592592592594 0.8703124999999999 0.14074074074074075 0.07604166666666666
3 0.13055555555555556 0.9244791666666666 0.12407407407407407 0.017708333333333333
7 0.40370370370370373 0.19635416666666666 0.32962962962962966 0.030208333333333334
7 0.33333333333333337 0.290625 0.18888888888888888 0.03125
7 0.4324074074074074 0.375 0.3907407407407408 0.0375
7 0.3111111111111111 0.45677083333333335 0.14444444444444446 0.030208333333333334
7 0.39166666666666666 0.5411458333333333 0.3092592592592593 0.03229166666666666
7 0.32407407407407407 0.6239583333333333 0.17037037037037037 0.035416666666666666
7 0.3194444444444445 0.7078125 0.1685185185185185 0.03229166666666666
7 0.31203703703703706 0.7927083333333333 0.1574074074074074 0.0375
7 0.3509259259259259 0.8760416666666666 0.23148148148148148 0.03125
