7 0.38333333333333336 0.08072916666666667 0.4518518518518519 0.03958333333333333
2 0.8 0.07578125 0.04814814814814815 0.04114583333333333
3 0.21944444444444444 0.15989583333333332 0.11666666666666667 0.065625
7 0.5101851851851852 0.13854166666666667 0.4388888888888889 0.03229166666666666
7 0.5111111111111112 0.17734375 0.4388888888888889 0.049479166666666664
3 0.21944444444444444 0.2640625 0.11666666666666667 0.065625
7 0.5412037037037037 0.24166666666666667 0.4935185185185185 0.03333333333333333
7 0.5296296296296297 0.28359375 0.4759259259259259 0.04635416666666667
3 0.21944444444444444 0.36822916666666666 0.11666666666666667 0.065625
7 0.4726851851851852 0.3458333333333333 0.3527777777777778 0.030208333333333334
7 0.5092592592592593 0.3875 0.4314814814814815 0.04791666666666666
3 0.21944444444444444 0.471875 0.11666666666666667 0.065625
7 0.46851851851851856 0.4497395833333333 0.35000000000000003 0.03177083333333333
7 0.5555555555555556 0.49192708333333335 0.5296296296296297 0.05260416666666667
3 0.21944444444444444 0.5682291666666667 0.11666666666666667 0.065625
7 0.4513888888888889 0.5565104166666667 0.3175925925925926 0.0328125
7 0.5449074074074074 0.5872395833333334 0.5027777777777778 0.025520833333333333
3 0.21944444444444444 0.6640625 0.11666666666666667 0.065625
7 0.4361111111111111 0.6434895833333333 0.2851851851851852 0.028645833333333332
7 0.5657407407407408 0.68203125 0.5462962962962963 0.050520833333333334
3 0.21944444444444444 0.7598958333333333 0.11666666666666667 0.065625
7 0.5430555555555556 0.7497395833333333 0.5064814814814815 0.0328125
7 0.5277777777777778 0.77890625 0.4759259259259259 0.025520833333333333
3 0.21944444444444444 0.8502604166666666 0.11666666666666667 0.05364583333333333
7 0.42638888888888893 0.8354166666666667 0.2657407407407408 0.027083333333333334
7 0.5226851851851853 0.8645833333333334 0.47870370370370374 0.025
7 0.32546296296296295 0.8973958333333333 0.11203703703703705 0.020833333333333332
7 0.6777777777777778 0.89609375 0.15925925925925927 0.0234375
