2 0.951388888888889 0.15494791666666666 0.058333333333333334 0.0328125
7 0.18981481481481483 0.14244791666666667 0.3277777777777778 0.028645833333333332
7 0.23657407407407408 0.1734375 0.41944444444444445 0.025
6 0.9277777777777778 0.2598958333333333 0.10555555555555556 0.036458333333333336
7 0.13657407407407407 0.24791666666666667 0.2138888888888889 0.03125
7 0.33287037037037037 0.2786458333333333 0.612037037037037 0.026041666666666668
6 0.9148148148148149 0.3677083333333333 0.1 0.036458333333333336
7 0.2574074074074074 0.35182291666666665 0.48888888888888893 0.027604166666666666
7 0.10185185185185186 0.3841145833333333 0.16481481481481483 0.0328125
2 0.951388888888889 0.4752604166666667 0.058333333333333334 0.0328125
7 0.17222222222222222 0.4627604166666667 0.2962962962962963 0.028645833333333332
7 0.34305555555555556 0.4947916666666667 0.6361111111111112 0.025
2 0.951388888888889 0.5796875 0.058333333333333334 0.03229166666666666
7 0.2240740740740741 0.5674479166666666 0.4185185185185185 0.028645833333333332
7 0.18888888888888888 0.5986979166666666 0.34444444444444444 0.025520833333333333
6 0.9157407407407407 0.6838541666666667 0.10185185185185186 0.0375
7 0.16712962962962963 0.6721354166666667 0.2953703703703704 0.03177083333333333
7 0.18472222222222223 0.70234375 0.33796296296296297 0.0234375
2 0.951388888888889 0.78828125 0.058333333333333334 0.0328125
7 0.20370370370370372 0.7755208333333333 0.3685185185185185 0.03333333333333333
7 0.3013888888888889 0.8044270833333333 0.5638888888888889 0.024479166666666666
2 0.951388888888889 0.90390625 0.058333333333333334 0.0328125
7 0.22083333333333335 0.88046875 0.4175925925925926 0.028645833333333332
7 0.31527777777777777 0.07291666666666667 0.28425925925925927 0.03229166666666666
2 0.06759259259259259 0.07161458333333333 0.053703703703703705 0.028645833333333332
