7 0.1638888888888889 0.12916666666666665 0.2111111111111111 0.03333333333333333
7 0.3939814814814815 0.15859375 0.6712962962962963 0.025520833333333333
0 0.8819444444444445 0.14244791666666667 0.05092592592592593 0.0328125
7 0.22592592592592595 0.21744791666666666 0.3351851851851852 0.0328125
7 0.10138888888888889 0.24687499999999998 0.08611111111111111 0.026041666666666668
7 0.21666666666666667 0.30572916666666666 0.31666666666666665 0.03333333333333333
7 0.09166666666666667 0.33515625 0.06666666666666667 0.025520833333333333
7 0.2550925925925926 0.39375 0.39351851851851855 0.03333333333333333
7 0.10277777777777779 0.42343749999999997 0.08888888888888889 0.026041666666666668
2 0.06851851851851852 0.065625 0.07777777777777778 0.04375
7 0.24166666666666667 0.065625 0.24814814814814815 0.03333333333333333
