7 0.19212962962962965 0.0703125 0.3138888888888889 0.026041666666666668
7 0.14722222222222223 0.12057291666666667 0.2240740740740741 0.027604166666666666
7 0.39305555555555555 0.14921875 0.7157407407407408 0.025520833333333333
6 0.9037037037037038 0.13151041666666666 0.11481481481481481 0.03697916666666667
7 0.16203703703703703 0.21953124999999998 0.24629629629629632 0.0296875
7 0.38287037037037036 0.24869791666666666 0.6972222222222223 0.025520833333333333
6 0.9037037037037038 0.23229166666666667 0.11481481481481481 0.0375
7 0.1337962962962963 0.31666666666666665 0.21203703703703705 0.03125
7 0.14583333333333334 0.37135416666666665 0.2175925925925926 0.027083333333333334
7 0.41435185185185186 0.3989583333333333 0.7546296296296297 0.026041666666666668
6 0.9037037037037038 0.38229166666666664 0.11481481481481481 0.0375
7 0.0962962962962963 0.47161458333333334 0.11851851851851852 0.024479166666666666
7 0.2967592592592593 0.50078125 0.5268518518518519 0.027604166666666666
6 0.9037037037037038 0.4830729166666667 0.11481481481481481 0.03697916666666667
7 0.09722222222222222 0.57109375 0.11666666666666667 0.0296875
7 0.25925925925925924 0.5986979166666666 0.44074074074074077 0.025520833333333333
6 0.9037037037037038 0.58359375 0.11481481481481481 0.03697916666666667
7 0.11296296296296297 0.6708333333333333 0.16481481481481483 0.028125
7 0.20601851851851852 0.72109375 0.33425925925925926 0.0296875
7 0.0962962962962963 0.7486979166666666 0.11481481481481481 0.025520833333333333
7 0.10046296296296296 0.8205729166666667 0.13611111111111113 0.030729166666666665
7 0.14814814814814814 0.87109375 0.21851851851851853 0.0296875
7 0.06805555555555556 0.8986979166666667 0.058333333333333334 0.025520833333333333
