0 0.9231481481481482 0.2359375 0.06481481481481481 0.036458333333333336
0 0.9203703703703704 0.4359375 0.06666666666666667 0.03854166666666667
0 0.9212962962962963 0.5864583333333333 0.05740740740740741 0.03958333333333333
0 0.9240740740740742 0.6598958333333333 0.06666666666666667 0.03854166666666667
7 0.09074074074074075 0.034375 0.12592592592592594 0.027083333333333334
7 0.07037037037037037 0.08645833333333333 0.07777777777777778 0.025
7 0.08981481481481482 0.15989583333333332 0.10925925925925926 0.030208333333333334
7 0.24722222222222223 0.23854166666666665 0.45 0.03125
7 0.18888888888888888 0.3130208333333333 0.32222222222222224 0.030208333333333334
7 0.15092592592592594 0.384375 0.24629629629629632 0.03125
7 0.0925925925925926 0.4380208333333333 0.11851851851851852 0.026041666666666668
7 0.13148148148148148 0.5130208333333334 0.2 0.03229166666666666
7 0.08425925925925926 0.5875 0.10185185185185186 0.029166666666666667
7 0.10555555555555556 0.6609375 0.16296296296296298 0.03229166666666666
7 0.11203703703703705 0.7380208333333333 0.16111111111111112 0.034375
7 0.08888888888888889 0.8140625 0.11481481481481481 0.026041666666666668
