5 0.8805555555555555 0.08671875 0.05555555555555556 0.0296875
5 0.8824074074074074 0.175 0.05740740740740741 0.028125
5 0.8833333333333334 0.2625 0.061111111111111116 0.03125
5 0.8814814814814815 0.3515625 0.06481481481481481 0.030208333333333334
5 0.8819444444444445 0.43906249999999997 0.06574074074074074 0.03854166666666667
5 0.8819444444444445 0.5291666666666667 0.058333333333333334 0.034375
5 0.8810185185185185 0.6158854166666666 0.06018518518518519 0.033854166666666664
5 0.8819444444444445 0.7044270833333334 0.058333333333333334 0.03177083333333333
5 0.8796296296296297 0.79296875 0.05740740740740741 0.03697916666666667
5 0.8791666666666667 0.8791666666666667 0.058333333333333334 0.035416666666666666
7 0.13703703703703704 0.09140625 0.0925925925925926 0.034895833333333334
7 0.10925925925925926 0.17734375 0.040740740740740744 0.0328125
7 0.10787037037037038 0.2640625 0.05462962962962963 0.029166666666666667
7 0.10972222222222222 0.35234375 0.058333333333333334 0.0296875
7 0.1125 0.44296874999999997 0.05462962962962963 0.028645833333333332
7 0.11064814814814815 0.5299479166666666 0.05277777777777778 0.0328125
7 0.10972222222222222 0.6177083333333333 0.04722222222222222 0.030208333333333334
7 0.10648148148148148 0.7046875 0.044444444444444446 0.03125
7 0.10925925925925926 0.7940104166666666 0.05555555555555556 0.028645833333333332
7 0.11111111111111112 0.8828125 0.05 0.028125
