7 0.15231481481481482 0.12786458333333334 0.25092592592592594 0.03177083333333333
7 0.15462962962962964 0.15546875 0.2611111111111111 0.018229166666666668
0 0.9342592592592593 0.13411458333333334 0.05555555555555556 0.028645833333333332
7 0.11388888888888889 0.21588541666666666 0.17962962962962964 0.025520833333333333
0 0.9361111111111111 0.21536458333333333 0.05740740740740741 0.0296875
7 0.08842592592592594 0.28828125 0.12314814814814816 0.024479166666666666
0 0.9337962962962963 0.28802083333333334 0.058333333333333334 0.03229166666666666
2 0.01990740740740741 0.065625 0.03796296296296296 0.021875
2 0.06805555555555556 0.06510416666666667 0.058333333333333334 0.030208333333333334
7 0.22777777777777777 0.065625 0.22037037037037038 0.029166666666666667
