7 0.18333333333333335 0.07213541666666666 0.2962962962962963 0.028645833333333332
2 0.9467592592592593 0.06901041666666667 0.032407407407407406 0.0296875
2 0.11018518518518519 0.18020833333333333 0.10925925925925926 0.05520833333333333
7 0.24583333333333335 0.17838541666666666 0.0787037037037037 0.034895833333333334
6 0.8865740740740741 0.17604166666666665 0.09722222222222222 0.042708333333333334
2 0.1087962962962963 0.27421875 0.12685185185185185 0.03697916666666667
7 0.2490740740740741 0.275 0.08518518518518518 0.036458333333333336
6 0.8819444444444445 0.2734375 0.08981481481481482 0.041666666666666664
2 0.1087962962962963 0.3697916666666667 0.11018518518518519 0.06145833333333333
7 0.28425925925925927 0.37135416666666665 0.17222222222222222 0.040625
6 0.8837962962962963 0.36875 0.09351851851851853 0.041666666666666664
2 0.11018518518518519 0.4640625 0.11666666666666667 0.065625
7 0.28703703703703703 0.4671875 0.17222222222222222 0.03854166666666667
6 0.8837962962962963 0.4635416666666667 0.09722222222222222 0.03854166666666667
2 0.11018518518518519 0.559375 0.11666666666666667 0.065625
7 0.30092592592592593 0.5622395833333333 0.1925925925925926 0.0421875
6 0.8842592592592593 0.56015625 0.09814814814814815 0.04114583333333333
2 0.11018518518518519 0.6546875 0.11666666666666667 0.065625
7 0.300462962962963 0.6575520833333334 0.1953703703703704 0.0453125
6 0.8819444444444445 0.6533854166666666 0.08981481481481482 0.0421875
2 0.11018518518518519 0.75 0.11666666666666667 0.065625
7 0.3226851851851852 0.7526041666666666 0.24166666666666667 0.036458333333333336
6 0.8833333333333334 0.7484375 0.0925925925925926 0.04479166666666667
