7 0.225 0.13671875 0.4314814814814815 0.025520833333333333
7 0.22175925925925927 0.21536458333333333 0.15092592592592594 0.0328125
7 0.19722222222222224 0.2955729166666667 0.37222222222222223 0.025520833333333333
6 0.9356481481481482 0.3731770833333333 0.09166666666666667 0.0421875
6 0.9375 0.44036458333333334 0.10833333333333334 0.0390625
6 0.9152777777777779 0.5057291666666667 0.10462962962962963 0.041666666666666664
7 0.26481481481481484 0.07395833333333333 0.18703703703703706 0.036458333333333336
2 0.06759259259259259 0.07083333333333333 0.061111111111111116 0.036458333333333336
7 0.4046296296296297 0.375 0.5611111111111111 0.03125
7 0.46435185185185185 0.4393229166666667 0.6675925925925926 0.05677083333333333
7 0.4675925925925926 0.51015625 0.6981481481481482 0.06197916666666667
2 0.07083333333333333 0.21302083333333333 0.0787037037037037 0.04583333333333333
2 0.05324074074074074 0.37135416666666665 0.07314814814814816 0.03854166666666667
2 0.05694444444444444 0.4393229166666667 0.06574074074074074 0.033854166666666664
2 0.05555555555555556 0.5049479166666666 0.07962962962962963 0.033854166666666664
