2 0.25601851851851853 0.14427083333333332 0.1824074074074074 0.103125
7 0.25416666666666665 0.23177083333333334 0.3212962962962963 0.03125
7 0.2555555555555556 0.31744791666666666 0.37962962962962965 0.0453125
2 0.7435185185185186 0.14427083333333332 0.18333333333333335 0.103125
7 0.7412037037037037 0.23229166666666667 0.36944444444444446 0.03125
7 0.7467592592592592 0.32005208333333335 0.33981481481481485 0.050520833333333334
2 0.2518518518518519 0.4622395833333333 0.17407407407407408 0.09947916666666666
7 0.2611111111111111 0.55234375 0.2 0.030729166666666665
7 0.2537037037037037 0.6278645833333333 0.17777777777777778 0.0265625
2 0.4425925925925926 0.4296875 0.061111111111111116 0.034375
2 0.7435185185185186 0.46380208333333334 0.18333333333333335 0.10260416666666666
7 0.7439814814814815 0.5526041666666667 0.3842592592592593 0.030208333333333334
7 0.7435185185185186 0.63828125 0.32962962962962966 0.0484375
2 0.25601851851851853 0.78359375 0.1824074074074074 0.10260416666666666
7 0.25416666666666665 0.8705729166666667 0.1787037037037037 0.033854166666666664
2 0.7435185185185186 0.78359375 0.18333333333333335 0.10260416666666666
7 0.7458333333333333 0.8877604166666666 0.25277777777777777 0.058854166666666666
7 0.22777777777777777 0.03802083333333333 0.10555555555555556 0.03333333333333333
2 0.06712962962962964 0.03671875 0.058333333333333334 0.030729166666666665
