2 0.07407407407407407 0.06979166666666667 0.06296296296296297 0.027083333333333334
2 0.9296296296296297 0.06822916666666666 0.06666666666666667 0.036458333333333336
2 0.8611111111111112 0.24583333333333332 0.06296296296296297 0.0375
2 0.8675925925925926 0.35572916666666665 0.06481481481481481 0.030208333333333334
2 0.8648148148148148 0.46979166666666666 0.05925925925925926 0.03333333333333333
2 0.862962962962963 0.5786458333333333 0.06666666666666667 0.034375
2 0.9398148148148149 0.5796875 0.031481481481481485 0.030208333333333334
2 0.9361111111111111 0.46875 0.031481481481481485 0.03125
2 0.9398148148148149 0.3567708333333333 0.024074074074074074 0.03229166666666666
2 0.9416666666666667 0.24687499999999998 0.03518518518518519 0.035416666666666666
7 0.4990740740740741 0.07239583333333333 0.17592592592592593 0.036458333333333336
0 0.08240740740740742 0.2453125 0.08703703703703704 0.04895833333333333
0 0.08055555555555556 0.35833333333333334 0.08703703703703704 0.04583333333333333
0 0.0787037037037037 0.46770833333333334 0.09074074074074075 0.04791666666666666
0 0.08240740740740742 0.5796875 0.08333333333333334 0.046875
7 0.25925925925925924 0.23541666666666666 0.1925925925925926 0.03333333333333333
7 0.43333333333333335 0.14427083333333332 0.2 0.02395833333333333
2 0.9185185185185185 0.146875 0.07037037037037037 0.03958333333333333
7 0.33796296296296297 0.2713541666666667 0.35000000000000003 0.019791666666666666
7 0.25833333333333336 0.3463541666666667 0.19074074074074074 0.030208333333333334
7 0.33796296296296297 0.3807291666666667 0.35370370370370374 0.021875
7 0.2564814814814815 0.45677083333333335 0.19074074074074074 0.03229166666666666
7 0.2240740740740741 0.4921875 0.12592592592592594 0.019791666666666666
7 0.2564814814814815 0.5802083333333333 0.19074074074074074 0.03333333333333333
