7 0.1398148148148148 0.14609375 0.20185185185185187 0.0296875
7 0.12731481481481483 0.17369791666666667 0.17685185185185187 0.025520833333333333
7 0.23796296296296296 0.24687499999999998 0.39814814814814814 0.029166666666666667
7 0.3087962962962963 0.27447916666666666 0.5398148148148149 0.026041666666666668
7 0.09722222222222222 0.3458333333333333 0.12592592592592594 0.027083333333333334
7 0.14907407407407408 0.396875 0.22037037037037038 0.029166666666666667
7 0.3907407407407408 0.4244791666666667 0.7037037037037037 0.026041666666666668
7 0.1736111111111111 0.49765624999999997 0.26944444444444443 0.0296875
7 0.46805555555555556 0.5255208333333333 0.8583333333333334 0.026041666666666668
7 0.16805555555555557 0.5966145833333333 0.2657407407407408 0.0296875
7 0.1851851851851852 0.64765625 0.2925925925925926 0.0296875
7 0.47222222222222227 0.6875 0.8666666666666667 0.04583333333333333
7 0.1486111111111111 0.76953125 0.22870370370370371 0.024479166666666666
7 0.16203703703703703 0.8200520833333333 0.24629629629629632 0.0296875
7 0.5 0.8588541666666667 0.9222222222222223 0.04791666666666666
7 0.15925925925925927 0.07526041666666666 0.24629629629629632 0.033854166666666664
