2 0.10462962962962963 0.19427083333333334 0.06296296296296297 0.03333333333333333
7 0.27175925925925926 0.19609375 0.16574074074074074 0.0234375
2 0.10462962962962963 0.2838541666666667 0.06296296296296297 0.034375
7 0.23611111111111113 0.284375 0.09074074074074075 0.019791666666666666
2 0.1050925925925926 0.3442708333333333 0.0638888888888889 0.034375
7 0.30092592592592593 0.34609375 0.22037037037037038 0.024479166666666666
2 0.10972222222222222 0.4028645833333333 0.07314814814814816 0.03177083333333333
7 0.24722222222222223 0.4046875 0.11296296296296297 0.022916666666666665
2 0.10324074074074074 0.4653645833333333 0.06018518518518519 0.0359375
7 0.2564814814814815 0.465625 0.13333333333333333 0.025
2 0.10555555555555556 0.5247395833333334 0.06481481481481481 0.034895833333333334
7 0.2555555555555556 0.5263020833333333 0.1277777777777778 0.022395833333333334
2 0.10833333333333334 0.6140625 0.07037037037037037 0.035416666666666666
7 0.23796296296296296 0.6138020833333333 0.09074074074074075 0.0203125
2 0.10740740740740741 0.675 0.06851851851851852 0.036458333333333336
7 0.25601851851851853 0.6739583333333333 0.13055555555555556 0.021875
2 0.10694444444444445 0.7630208333333334 0.06759259259259259 0.034375
7 0.3106481481481482 0.7625 0.24537037037037038 0.021875
2 0.10648148148148148 0.8236979166666667 0.06666666666666667 0.0359375
7 0.23981481481481481 0.8236979166666667 0.10185185185185186 0.0203125
2 0.10462962962962963 0.88359375 0.06296296296296297 0.034895833333333334
7 0.22962962962962963 0.88359375 0.07777777777777778 0.022395833333333334
7 0.25787037037037036 0.03802083333333333 0.437962962962963 0.028125
2 0.9203703703703704 0.03697916666666667 0.06481481481481481 0.03229166666666666
2 0.11805555555555557 0.11276041666666667 0.06574074074074074 0.0421875
2 0.37083333333333335 0.10963541666666667 0.07685185185185185 0.03697916666666667
2 0.6240740740740741 0.1125 0.08703703703703704 0.03125
2 0.8694444444444445 0.11041666666666666 0.07037037037037037 0.03854166666666667
