7 0.23472222222222222 0.07083333333333333 0.19722222222222224 0.03125
2 0.06851851851851852 0.07265625 0.05740740740740741 0.0296875
7 0.22592592592592595 0.159375 0.3592592592592593 0.028125
6 0.9180555555555556 0.15859375 0.11574074074074074 0.03697916666666667
7 0.10185185185185186 0.23854166666666665 0.16481481481481483 0.034375
7 0.3773148148148148 0.32109375 0.41944444444444445 0.033854166666666664
7 0.1615740740740741 0.4041666666666667 0.28055555555555556 0.034375
7 0.08981481481481482 0.4817708333333333 0.0925925925925926 0.027083333333333334
6 0.9180555555555556 0.48020833333333335 0.11574074074074074 0.0375
7 0.12685185185185185 0.5708333333333333 0.16481481481481483 0.03229166666666666
6 0.9180555555555556 0.56796875 0.11574074074074074 0.03697916666666667
7 0.09444444444444444 0.6567708333333333 0.09814814814814815 0.03333333333333333
6 0.9180555555555556 0.6559895833333333 0.11574074074074074 0.03697916666666667
7 0.0976851851851852 0.7354166666666666 0.16018518518518518 0.029166666666666667
7 0.1476851851851852 0.81328125 0.2064814814814815 0.0296875
6 0.9180555555555556 0.8114583333333333 0.11574074074074074 0.0375
7 0.1814814814814815 0.8986979166666667 0.27592592592592596 0.03177083333333333
6 0.9180555555555556 0.89921875 0.11574074074074074 0.03697916666666667
2 0.08657407407407408 0.3203125 0.08611111111111111 0.05416666666666667
