0 0.912962962962963 0.20208333333333334 0.06296296296296297 0.035416666666666666
0 0.9175925925925926 0.2578125 0.06851851851851852 0.03854166666666667
0 0.9166666666666667 0.31145833333333334 0.06296296296296297 0.035416666666666666
0 0.9120370370370371 0.3640625 0.06481481481481481 0.036458333333333336
0 0.9157407407407407 0.42135416666666664 0.061111111111111116 0.034375
0 0.9101851851851852 0.47552083333333334 0.061111111111111116 0.034375
0 0.9148148148148149 0.5302083333333333 0.06296296296296297 0.03333333333333333
0 0.9166666666666667 0.584375 0.06666666666666667 0.03333333333333333
0 0.9166666666666667 0.6395833333333333 0.06666666666666667 0.03333333333333333
0 0.9166666666666667 0.69375 0.06666666666666667 0.03333333333333333
0 0.9148148148148149 0.7489583333333333 0.07037037037037037 0.03333333333333333
0 0.9157407407407407 0.8036458333333333 0.06481481481481481 0.03229166666666666
0 0.9157407407407407 0.8588541666666667 0.07222222222222223 0.034375
0 0.9166666666666667 0.9130208333333333 0.06666666666666667 0.034375
2 0.08148148148148149 0.0671875 0.05185185185185186 0.026041666666666668
7 0.2 0.06875 0.14814814814814814 0.029166666666666667
7 0.9240740740740742 0.06666666666666667 0.10740740740740741 0.03125
7 0.19907407407407407 0.140625 0.27592592592592596 0.027083333333333334
7 0.1175925925925926 0.20416666666666666 0.11666666666666667 0.022916666666666665
7 0.16666666666666669 0.25885416666666666 0.2111111111111111 0.026041666666666668
7 0.28611111111111115 0.3125 0.4388888888888889 0.025
7 0.18796296296296297 0.3703125 0.2425925925925926 0.028125
7 0.2740740740740741 0.42291666666666666 0.41481481481481486 0.025
7 0.2240740740740741 0.47812499999999997 0.32222222222222224 0.025
7 0.20462962962962963 0.5302083333333333 0.2796296296296296 0.025
7 0.24444444444444446 0.5859375 0.35555555555555557 0.02395833333333333
7 0.275 0.6416666666666666 0.4240740740740741 0.022916666666666665
7 0.2953703703703704 0.69375 0.45 0.025
7 0.18055555555555555 0.7489583333333333 0.22777777777777777 0.022916666666666665
7 0.23333333333333334 0.8041666666666667 0.32962962962962966 0.022916666666666665
7 0.23240740740740742 0.8598958333333333 0.3388888888888889 0.028125
7 0.2990740740740741 0.9140625 0.46481481481481485 0.021875
2 0.9018518518518519 0.13802083333333334 0.06666666666666667 0.03229166666666666
