7 0.12314814814814816 0.07265625 0.17222222222222222 0.030729166666666665
7 0.13796296296296298 0.1484375 0.20370370370370372 0.025
7 0.14675925925925926 0.221875 0.2212962962962963 0.026041666666666668
7 0.1462962962962963 0.29635416666666664 0.2240740740740741 0.027083333333333334
7 0.11111111111111112 0.346875 0.1462962962962963 0.02395833333333333
7 0.11111111111111112 0.42213541666666665 0.15 0.0234375
7 0.11388888888888889 0.49609375 0.1537037037037037 0.0265625
7 0.14675925925925926 0.56953125 0.225 0.0234375
7 0.20833333333333334 0.6203125 0.35185185185185186 0.026041666666666668
0 0.925462962962963 0.61875 0.06759259259259259 0.035416666666666666
7 0.10972222222222222 0.696875 0.14722222222222223 0.026041666666666668
7 0.11064814814814815 0.7703125 0.1527777777777778 0.025
7 0.11157407407407408 0.8468749999999999 0.1527777777777778 0.026041666666666668
7 0.11157407407407408 0.9200520833333333 0.15462962962962964 0.022395833333333334
