2 0.04259259259259259 0.06328125 0.037037037037037035 0.027604166666666666
7 0.1564814814814815 0.06354166666666666 0.17592592592592593 0.03333333333333333
7 0.9143518518518519 0.06354166666666666 0.075 0.034375
3 0.15787037037037038 0.16302083333333334 0.21944444444444444 0.12291666666666666
7 0.4361111111111111 0.16484375 0.18888888888888888 0.03802083333333333
7 0.12314814814814816 0.26197916666666665 0.1388888888888889 0.03229166666666666
7 0.15925925925925927 0.29375 0.21666666666666667 0.026041666666666668
2 0.5847222222222223 0.27630208333333334 0.07314814814814816 0.04114583333333333
2 0.6967592592592593 0.27630208333333334 0.07314814814814816 0.04114583333333333
2 0.8087962962962963 0.27630208333333334 0.07314814814814816 0.04114583333333333
7 0.11342592592592593 0.35182291666666665 0.11944444444444445 0.0328125
7 0.11342592592592593 0.38203125 0.11944444444444445 0.027604166666666666
7 0.14120370370370372 0.4427083333333333 0.17500000000000002 0.029166666666666667
7 0.11944444444444445 0.47265625 0.13148148148148148 0.027604166666666666
7 0.2013888888888889 0.5296875 0.2953703703703704 0.03333333333333333
7 0.19953703703703704 0.5927083333333333 0.2916666666666667 0.030208333333333334
7 0.18935185185185185 0.6528645833333333 0.2712962962962963 0.0328125
7 0.19444444444444445 0.7145833333333333 0.2814814814814815 0.03125
