7 0.13703703703703704 0.06666666666666667 0.20740740740740743 0.029166666666666667
7 0.2564814814814815 0.11875 0.4351851851851852 0.029166666666666667
6 0.9175925925925926 0.12005208333333334 0.11481481481481481 0.03697916666666667
7 0.1388888888888889 0.190625 0.2111111111111111 0.028125
7 0.27037037037037037 0.24296874999999998 0.46296296296296297 0.0296875
7 0.3287037037037037 0.27057291666666666 0.5796296296296296 0.025520833333333333
6 0.912962962962963 0.25546875 0.11481481481481481 0.03697916666666667
7 0.16805555555555557 0.34375 0.25833333333333336 0.029166666666666667
6 0.9185185185185185 0.34401041666666665 0.11481481481481481 0.03697916666666667
7 0.12546296296296297 0.41875 0.17314814814814816 0.029166666666666667
6 0.9194444444444445 0.41796875 0.11481481481481481 0.03697916666666667
7 0.08287037037037037 0.49374999999999997 0.08796296296296297 0.029166666666666667
6 0.9185185185185185 0.49453125 0.11481481481481481 0.03697916666666667
7 0.08842592592592594 0.56875 0.09907407407407408 0.029166666666666667
6 0.913888888888889 0.5669270833333333 0.11481481481481481 0.03697916666666667
7 0.1425925925925926 0.64375 0.20740740740740743 0.029166666666666667
6 0.9111111111111111 0.6450520833333333 0.11481481481481481 0.03697916666666667
7 0.08148148148148149 0.71875 0.08518518518518518 0.029166666666666667
6 0.912962962962963 0.7190104166666667 0.11481481481481481 0.03697916666666667
7 0.14166666666666666 0.79375 0.20555555555555557 0.029166666666666667
6 0.9120370370370371 0.7924479166666667 0.11481481481481481 0.03697916666666667
7 0.10324074074074074 0.86875 0.1287037037037037 0.029166666666666667
6 0.9101851851851852 0.8700520833333333 0.11481481481481481 0.03697916666666667
