7 0.1962962962962963 0.07083333333333333 0.3148148148148148 0.036458333333333336
2 0.9490740740740741 0.0703125 0.040740740740740744 0.035416666666666666
7 0.29120370370370374 0.13828125 0.5509259259259259 0.0359375
3 0.10694444444444445 0.21380208333333334 0.17500000000000002 0.0984375
3 0.3111111111111111 0.21380208333333334 0.17407407407407408 0.0984375
3 0.5152777777777778 0.21380208333333334 0.17500000000000002 0.0984375
3 0.7194444444444444 0.21380208333333334 0.17592592592592593 0.0984375
3 0.9180555555555556 0.21380208333333334 0.1638888888888889 0.0984375
2 0.10231481481481482 0.8994791666666666 0.07314814814814816 0.03958333333333333
2 0.30092592592592593 0.9 0.061111111111111116 0.03125
2 0.49722222222222223 0.8979166666666667 0.07222222222222223 0.03854166666666667
2 0.6986111111111112 0.89921875 0.07314814814814816 0.0390625
2 0.8990740740740741 0.9 0.07407407407407407 0.041666666666666664
