7 0.20925925925925926 0.15885416666666666 0.11296296296296297 0.020833333333333332
7 0.35879629629629634 0.15807291666666667 0.09722222222222222 0.027604166666666666
7 0.2337962962962963 0.21979166666666666 0.0712962962962963 0.01875
7 0.38101851851851853 0.21875 0.14907407407407408 0.029166666666666667
7 0.2125 0.28203125 0.11388888888888889 0.027604166666666666
7 0.4828703703703704 0.28098958333333335 0.3490740740740741 0.025520833333333333
7 0.21296296296296297 0.3450520833333333 0.10555555555555556 0.022395833333333334
7 0.5615740740740741 0.34348958333333335 0.5083333333333333 0.028645833333333332
7 0.18287037037037038 0.40859375 0.1638888888888889 0.0234375
7 0.46342592592592596 0.40598958333333335 0.31203703703703706 0.030729166666666665
7 0.16435185185185186 0.46901041666666665 0.2064814814814815 0.022395833333333334
7 0.48842592592592593 0.4669270833333333 0.36203703703703705 0.0296875
2 0.01712962962962963 0.06692708333333333 0.025 0.027604166666666666
2 0.06759259259259259 0.06484375 0.08148148148148149 0.0453125
7 0.2199074074074074 0.06640625 0.21203703703703705 0.027604166666666666
7 0.500462962962963 0.5380208333333333 0.10092592592592593 0.025
