7 0.14305555555555557 0.06979166666666667 0.22685185185185186 0.026041666666666668
7 0.09537037037037037 0.11744791666666667 0.12222222222222223 0.021354166666666667
7 0.14351851851851852 0.16927083333333334 0.2240740740740741 0.026041666666666668
7 0.23842592592592593 0.19765625 0.4064814814814815 0.022395833333333334
0 0.9240740740740742 0.18020833333333333 0.05925925925925926 0.034375
7 0.11990740740740741 0.26640625 0.16574074074074074 0.021354166666666667
7 0.08750000000000001 0.3177083333333333 0.11203703703703705 0.026041666666666668
7 0.20972222222222223 0.34713541666666664 0.3490740740740741 0.022395833333333334
7 0.07962962962962963 0.41744791666666664 0.0962962962962963 0.0234375
7 0.11851851851851852 0.46901041666666665 0.16666666666666669 0.024479166666666666
7 0.34814814814814815 0.49895833333333334 0.6277777777777778 0.027083333333333334
7 0.12222222222222223 0.56875 0.16666666666666669 0.029166666666666667
7 0.24305555555555555 0.5971354166666667 0.4175925925925926 0.022395833333333334
7 0.15555555555555556 0.6723958333333333 0.2388888888888889 0.027083333333333334
7 0.10231481481481482 0.7458333333333333 0.13796296296296298 0.022916666666666665
7 0.09537037037037037 0.8213541666666666 0.11481481481481481 0.02395833333333333
