7 0.17407407407407408 0.12135416666666667 0.23333333333333334 0.02395833333333333
7 0.2300925925925926 0.16927083333333334 0.3472222222222222 0.030208333333333334
7 0.42685185185185187 0.20911458333333333 0.7481481481481482 0.04635416666666667
0 0.8782407407407408 0.19010416666666666 0.062037037037037036 0.0375
7 0.2837962962962963 0.26796875 0.45833333333333337 0.0296875
7 0.4277777777777778 0.3208333333333333 0.7462962962962963 0.06979166666666667
0 0.8814814814814815 0.3 0.061111111111111116 0.036458333333333336
7 0.26435185185185184 0.38697916666666665 0.41203703703703703 0.03333333333333333
7 0.45925925925925926 0.43984375 0.812962962962963 0.06822916666666666
7 0.21157407407407408 0.5041666666666667 0.31203703703703706 0.027083333333333334
7 0.2518518518518519 0.55390625 0.3925925925925926 0.0296875
7 0.4046296296296297 0.6171875 0.7037037037037037 0.090625
0 0.8810185185185185 0.5966145833333333 0.06574074074074074 0.04114583333333333
7 0.29953703703703705 0.6981770833333333 0.487962962962963 0.030729166666666665
7 0.3842592592592593 0.7484375 0.6611111111111111 0.06875
0 0.8805555555555555 0.7286458333333333 0.06666666666666667 0.036458333333333336
7 0.2138888888888889 0.81328125 0.31666666666666665 0.021354166666666667
2 0.11712962962962964 0.8794270833333333 0.09351851851851853 0.0546875
7 0.29074074074074074 0.8802083333333334 0.1962962962962963 0.027083333333333334
2 0.01990740740740741 0.065625 0.03796296296296296 0.021875
2 0.06851851851851852 0.065625 0.07777777777777778 0.04375
7 0.23101851851851854 0.06692708333333333 0.23425925925925928 0.030729166666666665
2 0.9319444444444445 0.065625 0.062037037037037036 0.028125
