7 0.5259259259259259 0.0359375 0.3074074074074074 0.030208333333333334
7 0.3472222222222222 0.16458333333333333 0.3314814814814815 0.03333333333333333
7 0.35185185185185186 0.2604166666666667 0.34074074074074073 0.027083333333333334
7 0.3425925925925926 0.35572916666666665 0.32592592592592595 0.026041666666666668
7 0.28240740740740744 0.45208333333333334 0.21296296296296297 0.029166666666666667
7 0.27870370370370373 0.546875 0.20555555555555557 0.027083333333333334
7 0.33055555555555555 0.6411458333333333 0.3092592592592593 0.026041666666666668
7 0.312962962962963 0.7375 0.26666666666666666 0.03125
7 0.3574074074074074 0.8333333333333334 0.3592592592592593 0.029166666666666667
7 0.08333333333333334 0.09895833333333333 0.12592592592592594 0.022916666666666665
7 0.24814814814814815 0.9223958333333333 0.12962962962962962 0.019791666666666666
7 0.7527777777777778 0.921875 0.13518518518518519 0.020833333333333332
2 0.08240740740740742 0.16822916666666665 0.15 0.07395833333333333
2 0.08148148148148149 0.25885416666666666 0.14814814814814814 0.08229166666666667
2 0.08333333333333334 0.35520833333333335 0.15185185185185185 0.08333333333333333
2 0.08240740740740742 0.4510416666666667 0.1537037037037037 0.08541666666666667
2 0.08240740740740742 0.5463541666666667 0.1537037037037037 0.084375
2 0.08240740740740742 0.6421875 0.1537037037037037 0.08645833333333333
2 0.08333333333333334 0.7354166666666666 0.15185185185185185 0.08125
2 0.08333333333333334 0.8291666666666666 0.15185185185185185 0.08125
2 0.9157407407407407 0.16354166666666667 0.07962962962962963 0.04791666666666666
2 0.9175925925925926 0.2598958333333333 0.08703703703703704 0.051041666666666666
2 0.9175925925925926 0.35572916666666665 0.08703703703703704 0.04895833333333333
2 0.9175925925925926 0.45 0.08333333333333334 0.04583333333333333
2 0.9166666666666667 0.5463541666666667 0.08518518518518518 0.04895833333333333
2 0.9166666666666667 0.6395833333333333 0.08888888888888889 0.04791666666666666
2 0.9157407407407407 0.7375 0.09444444444444444 0.05
2 0.9194444444444445 0.8333333333333334 0.07962962962962963 0.05
2 0.25 0.8921875 0.05555555555555556 0.026041666666666668
2 0.7518518518518519 0.8937499999999999 0.06666666666666667 0.027083333333333334
2 0.9370370370370371 0.03229166666666666 0.07037037037037037 0.0375
