3 0.07546296296296297 0.04348958333333333 0.07314814814814816 0.04114583333333333
7 0.19583333333333333 0.04375 0.14907407407407408 0.04583333333333333
7 0.40694444444444444 0.17317708333333334 0.7361111111111112 0.0953125
7 0.1638888888888889 0.28072916666666664 0.17592592592592593 0.028125
7 0.38472222222222224 0.27838541666666666 0.0787037037037037 0.022395833333333334
7 0.575925925925926 0.27760416666666665 0.12407407407407407 0.02395833333333333
7 0.826388888888889 0.28151041666666665 0.1953703703703704 0.027604166666666666
7 0.14583333333333334 0.35833333333333334 0.10648148148148148 0.021875
7 0.37962962962962965 0.36015625 0.11666666666666667 0.027604166666666666
7 0.6111111111111112 0.359375 0.10185185185185186 0.028125
7 0.8458333333333333 0.36015625 0.1212962962962963 0.028645833333333332
7 0.14351851851851852 0.43984375 0.13518518518518519 0.0296875
7 0.37222222222222223 0.43671875 0.13148148148148148 0.0234375
7 0.5898148148148148 0.44114583333333335 0.10740740740740741 0.02395833333333333
7 0.8305555555555556 0.43906249999999997 0.1851851851851852 0.029166666666666667
7 0.15833333333333333 0.5190104166666667 0.15555555555555556 0.0296875
7 0.2523148148148148 0.5955729166666667 0.1287037037037037 0.022395833333333334
7 0.3666666666666667 0.515625 0.05925925925925926 0.022916666666666665
7 0.587037037037037 0.5182291666666666 0.17407407407407408 0.027083333333333334
7 0.8476851851851852 0.5190104166666667 0.1398148148148148 0.03177083333333333
7 0.6958333333333334 0.59609375 0.1212962962962963 0.024479166666666666
7 0.5018518518518519 0.8768229166666667 0.15185185185185185 0.0234375
