3 0.5143518518518518 0.1875 0.6027777777777777 0.1
7 0.5 0.3 0.8962962962962964 0.058333333333333334
7 0.28703703703703703 0.8872395833333333 0.26481481481481484 0.025520833333333333
7 0.762962962962963 0.8872395833333333 0.1277777777777778 0.025520833333333333
2 0.07037037037037037 0.07083333333333333 0.05925925925925926 0.029166666666666667
2 0.3875 0.6171875 0.06574074074074074 0.03333333333333333
2 0.3875 0.70546875 0.08981481481481482 0.03177083333333333
2 0.375462962962963 0.7919270833333333 0.08425925925925926 0.033854166666666664
7 0.5356481481481482 0.61640625 0.20277777777777778 0.030729166666666665
7 0.5476851851851852 0.7046875 0.2212962962962963 0.029166666666666667
7 0.5453703703703704 0.7924479166666667 0.2351851851851852 0.0296875
