7 0.24351851851851852 0.07395833333333333 0.14074074074074075 0.034375
2 0.06574074074074074 0.07005208333333333 0.05555555555555556 0.030729166666666665
2 0.9425925925925926 0.071875 0.07592592592592592 0.0375
7 0.08287037037037037 0.15520833333333334 0.09722222222222222 0.029166666666666667
7 0.08194444444444444 0.24687499999999998 0.09722222222222222 0.029166666666666667
7 0.0763888888888889 0.3380208333333333 0.09166666666666667 0.030208333333333334
7 0.07824074074074075 0.43072916666666666 0.09722222222222222 0.03125
7 0.08055555555555556 0.5223958333333333 0.1 0.028125
7 0.07916666666666666 0.6127604166666667 0.09722222222222222 0.027604166666666666
7 0.07777777777777778 0.7052083333333333 0.0925925925925926 0.027083333333333334
7 0.07777777777777778 0.7973958333333333 0.09444444444444444 0.027083333333333334
7 0.07731481481481482 0.88828125 0.09351851851851853 0.027604166666666666
