7 0.4990740740740741 0.09322916666666667 0.3666666666666667 0.065625
7 0.4759259259259259 0.19244791666666666 0.8796296296296297 0.0546875
0 0.06759259259259259 0.2713541666666667 0.05740740740740741 0.03229166666666666
7 0.4337962962962963 0.2739583333333333 0.6398148148148148 0.029166666666666667
0 0.06759259259259259 0.34140625 0.05740740740740741 0.03177083333333333
7 0.42453703703703705 0.34296875 0.6231481481481481 0.028645833333333332
0 0.06759259259259259 0.41119791666666666 0.05740740740740741 0.03177083333333333
7 0.3527777777777778 0.4125 0.4759259259259259 0.028125
0 0.06759259259259259 0.48125 0.05740740740740741 0.03229166666666666
7 0.17222222222222222 0.48072916666666665 0.11296296296296297 0.029166666666666667
7 0.4986111111111111 0.7950520833333333 0.913888888888889 0.0765625
7 0.4763888888888889 0.8919270833333334 0.1287037037037037 0.0359375
2 0.5726851851851852 0.8893229166666666 0.025 0.0234375
