2 0.05 0.0625 0.06851851851851852 0.034375
7 0.5013888888888889 0.06067708333333333 0.20833333333333334 0.0328125
7 0.07453703703703704 0.16536458333333334 0.021296296296296296 0.03177083333333333
7 0.47685185185185186 0.15130208333333334 0.6888888888888889 0.0296875
7 0.27037037037037037 0.18723958333333332 0.29814814814814816 0.0203125
2 0.8962962962962964 0.16458333333333333 0.037037037037037035 0.020833333333333332
7 0.07407407407407407 0.27578125 0.03888888888888889 0.034895833333333334
7 0.48055555555555557 0.2625 0.6944444444444444 0.02395833333333333
7 0.26296296296296295 0.29609375 0.2814814814814815 0.021354166666666667
2 0.8962962962962964 0.2739583333333333 0.037037037037037035 0.020833333333333332
7 0.07268518518518519 0.38515625 0.028703703703703703 0.027604166666666666
7 0.4800925925925926 0.3703125 0.6953703703703704 0.028125
7 0.2652777777777778 0.40520833333333334 0.2935185185185185 0.022916666666666665
2 0.8962962962962964 0.3833333333333333 0.037037037037037035 0.020833333333333332
7 0.887962962962963 0.06015625 0.0962962962962963 0.021354166666666667
