7 0.09907407407407408 0.21640625 0.17222222222222222 0.025520833333333333
7 0.10833333333333334 0.2421875 0.19074074074074074 0.026041666666666668
7 0.425462962962963 0.22005208333333334 0.15833333333333333 0.021354166666666667
7 0.42824074074074076 0.24322916666666666 0.05648148148148149 0.019791666666666666
7 0.6518518518518519 0.21979166666666666 0.1425925925925926 0.019791666666666666
7 0.6518518518518519 0.24375 0.05185185185185186 0.020833333333333332
7 0.8763888888888889 0.21822916666666667 0.1527777777777778 0.01875
7 0.875925925925926 0.24453125 0.04814814814814815 0.0203125
2 0.12731481481481483 0.84140625 0.06944444444444445 0.04114583333333333
2 0.37453703703703706 0.83828125 0.10092592592592593 0.0421875
2 0.6268518518518519 0.8393229166666667 0.05740740740740741 0.033854166666666664
2 0.8740740740740741 0.84140625 0.05925925925925926 0.0421875
2 0.06851851851851852 0.065625 0.07777777777777778 0.04375
7 0.20416666666666666 0.065625 0.17314814814814816 0.03333333333333333
2 0.9333333333333333 0.06510416666666667 0.05 0.03229166666666666
7 0.500925925925926 0.5427083333333333 0.2833333333333333 0.027083333333333334
7 0.500462962962963 0.14791666666666667 0.17685185185185187 0.03125
