7 0.5 0.2755208333333333 0.837037037037037 0.027083333333333334
3 0.15092592592592594 0.4830729166666667 0.1462962962962963 0.08177083333333333
7 0.3726851851851852 0.46822916666666664 0.2564814814814815 0.027083333333333334
7 0.26805555555555555 0.5015625 0.058333333333333334 0.027083333333333334
3 0.15092592592592594 0.6088541666666667 0.1462962962962963 0.08229166666666667
7 0.33564814814814814 0.5934895833333333 0.18981481481481483 0.0265625
7 0.2740740740740741 0.6278645833333333 0.06296296296296297 0.0265625
3 0.15092592592592594 0.7348958333333333 0.1462962962962963 0.08229166666666667
7 0.4564814814814815 0.7192708333333333 0.4388888888888889 0.026041666666666668
7 0.27175925925925926 0.7533854166666667 0.0638888888888889 0.024479166666666666
3 0.15092592592592594 0.8606770833333334 0.1462962962962963 0.08177083333333333
7 0.4412037037037037 0.8442708333333333 0.3990740740740741 0.027083333333333334
7 0.28425925925925927 0.8760416666666666 0.08333333333333334 0.03125
7 0.33240740740740743 0.071875 0.32962962962962966 0.03125
2 0.06851851851851852 0.07109375 0.05 0.0296875
