2 0.49953703703703706 0.2520833333333333 0.1787037037037037 0.103125
7 0.5 0.3294270833333333 0.15925925925925927 0.0296875
7 0.32083333333333336 0.35546875 0.04537037037037037 0.022395833333333334
2 0.4986111111111111 0.4713541666666667 0.18055555555555555 0.10104166666666667
7 0.49953703703703706 0.5481770833333334 0.26944444444444443 0.0296875
7 0.49953703703703706 0.57421875 0.04537037037037037 0.022395833333333334
2 0.25092592592592594 0.76640625 0.1814814814814815 0.10260416666666666
7 0.24814814814814815 0.8575520833333333 0.2962962962962963 0.05260416666666667
7 0.24953703703703706 0.8950520833333333 0.04537037037037037 0.022395833333333334
2 0.7486111111111111 0.76484375 0.18055555555555555 0.10260416666666666
7 0.75 0.8434895833333333 0.17037037037037037 0.0296875
7 0.7495370370370371 0.8692708333333333 0.04537037037037037 0.021875
7 0.25 0.1421875 0.10740740740740741 0.026041666666666668
7 0.75 0.1421875 0.08148148148148149 0.026041666666666668
2 0.06944444444444445 0.07057291666666667 0.06296296296296297 0.033854166666666664
7 0.350462962962963 0.07083333333333333 0.4083333333333333 0.036458333333333336
7 0.5027777777777778 0.6520833333333333 0.3148148148148148 0.02395833333333333
