7 0.4967592592592593 0.8645833333333334 0.5083333333333333 0.022916666666666665
7 0.1638888888888889 0.9072916666666666 0.14074074074074075 0.030208333333333334
7 0.49953703703703706 0.9080729166666667 0.18796296296296297 0.025520833333333333
7 0.8365740740740741 0.9075520833333334 0.10092592592592593 0.0234375
7 0.2925925925925926 0.5234375 0.20925925925925926 0.028125
7 0.28101851851851856 0.584375 0.18055555555555555 0.026041666666666668
7 0.29212962962962963 0.6411458333333333 0.2638888888888889 0.022916666666666665
6 0.7018518518518518 0.6393229166666666 0.26666666666666666 0.03802083333333333
7 0.5 0.7013020833333333 0.13148148148148148 0.030729166666666665
7 0.6361111111111112 0.6395833333333333 0.07592592592592592 0.020833333333333332
