0 0.9259259259259259 0.6921875 0.06666666666666667 0.036458333333333336
0 0.925462962962963 0.8158854166666667 0.05648148148148149 0.0296875
7 0.32222222222222224 0.07421875 0.5888888888888889 0.034895833333333334
7 0.15231481481481482 0.14921875 0.24351851851851852 0.0296875
7 0.08842592592592594 0.20182291666666666 0.11574074074074074 0.0296875
7 0.09166666666666667 0.28125 0.11851851851851852 0.029166666666666667
7 0.0837962962962963 0.36015625 0.10462962962962963 0.028645833333333332
7 0.20092592592592592 0.43906249999999997 0.3462962962962963 0.030208333333333334
7 0.3976851851851852 0.4713541666666667 0.7324074074074074 0.027083333333333334
7 0.1527777777777778 0.5473958333333333 0.24074074074074076 0.027083333333333334
7 0.22268518518518518 0.60078125 0.3805555555555556 0.030729166666666665
7 0.14953703703703705 0.6794270833333333 0.22870370370370371 0.027604166666666666
7 0.3773148148148148 0.7125 0.687962962962963 0.03125
7 0.2199074074074074 0.7890625 0.3805555555555556 0.03125
7 0.37222222222222223 0.82109375 0.6907407407407408 0.028645833333333332
7 0.25092592592592594 0.88671875 0.06296296296296297 0.0234375
7 0.7486111111111111 0.8864583333333333 0.15833333333333333 0.022916666666666665
