2 0.06898148148148149 0.07213541666666666 0.05648148148148149 0.034895833333333334
7 0.26481481481481484 0.07421875 0.18703703703703706 0.033854166666666664
7 0.23796296296296296 0.16588541666666667 0.41111111111111115 0.030729166666666665
6 0.9180555555555556 0.16380208333333332 0.11574074074074074 0.03697916666666667
7 0.16527777777777777 0.23671875 0.2564814814814815 0.033854166666666664
7 0.061111111111111116 0.26848958333333334 0.04814814814814815 0.0296875
7 0.275 0.34140625 0.47962962962962963 0.030729166666666665
6 0.9180555555555556 0.33880208333333334 0.11574074074074074 0.03697916666666667
7 0.18101851851851852 0.41171874999999997 0.287962962962963 0.033854166666666664
7 0.1814814814814815 0.4434895833333333 0.2888888888888889 0.0296875
7 0.28935185185185186 0.51796875 0.5175925925925926 0.034895833333333334
7 0.2111111111111111 0.6033854166666667 0.35555555555555557 0.033854166666666664
