2 0.11481481481481481 0.17447916666666666 0.07037037037037037 0.040625
7 0.3074074074074074 0.17604166666666665 0.24814814814814815 0.027083333333333334
0 0.8833333333333334 0.175 0.05925925925925926 0.03333333333333333
2 0.11574074074074074 0.25677083333333334 0.07222222222222223 0.042708333333333334
7 0.4314814814814815 0.2583333333333333 0.48888888888888893 0.029166666666666667
0 0.8814814814814815 0.2557291666666667 0.05555555555555556 0.03229166666666666
2 0.11388888888888889 0.3364583333333333 0.07222222222222223 0.03333333333333333
7 0.3425925925925926 0.34010416666666665 0.3148148148148148 0.030208333333333334
2 0.11203703703703705 0.41770833333333335 0.07222222222222223 0.035416666666666666
7 0.34351851851851856 0.4197916666666667 0.31666666666666665 0.03125
2 0.11111111111111112 0.496875 0.06296296296296297 0.03958333333333333
7 0.36388888888888893 0.4984375 0.3574074074074074 0.03229166666666666
2 0.11481481481481481 0.8119791666666667 0.06666666666666667 0.040625
7 0.4990740740740741 0.9161458333333333 0.5277777777777778 0.02395833333333333
2 0.11481481481481481 0.734375 0.06296296296296297 0.0375
7 0.33981481481481485 0.8130208333333333 0.312962962962963 0.028125
2 0.11018518518518519 0.6546875 0.06851851851851852 0.040625
7 0.3842592592592593 0.6567708333333333 0.3907407407407408 0.03229166666666666
2 0.11111111111111112 0.5760416666666667 0.06666666666666667 0.03958333333333333
7 0.27314814814814814 0.7348958333333333 0.17962962962962964 0.02395833333333333
7 0.34351851851851856 0.578125 0.3092592592592593 0.03125
7 0.21296296296296297 0.071875 0.14074074074074075 0.029166666666666667
2 0.06851851851851852 0.07239583333333333 0.044444444444444446 0.028125
