3 0.25462962962962965 0.047135416666666666 0.4703703703703704 0.030729166666666665
3 0.7462962962962963 0.046875 0.4703703703703704 0.028125
3 0.7421296296296297 0.23072916666666665 0.46944444444444444 0.19895833333333332
3 0.25277777777777777 0.23177083333333334 0.4703703703703704 0.2
3 0.2550925925925926 0.5015625 0.4712962962962963 0.19895833333333332
3 0.7439814814814815 0.49973958333333335 0.47314814814814815 0.19635416666666666
3 0.25416666666666665 0.7690104166666667 0.47314814814814815 0.19947916666666665
3 0.7458333333333333 0.7703125 0.46944444444444444 0.2
7 0.17731481481481481 0.09479166666666666 0.24351851851851852 0.027083333333333334
7 0.6768518518518519 0.09296875 0.26296296296296295 0.027604166666666666
7 0.6208333333333333 0.36276041666666664 0.1527777777777778 0.028645833333333332
7 0.18333333333333335 0.36276041666666664 0.25925925925925924 0.0265625
7 0.1824074074074074 0.63125 0.2537037037037037 0.019791666666666666
7 0.15324074074074073 0.8997395833333334 0.20833333333333334 0.0234375
7 0.638425925925926 0.9010416666666666 0.18425925925925926 0.025
2 0.43703703703703706 0.09348958333333333 0.05740740740740741 0.0328125
2 0.9263888888888889 0.09140625 0.062037037037037036 0.03177083333333333
2 0.9291666666666667 0.36223958333333334 0.05462962962962963 0.0296875
2 0.4365740740740741 0.3614583333333333 0.058333333333333334 0.034375
2 0.437962962962963 0.6291666666666667 0.05740740740740741 0.03125
2 0.9277777777777778 0.6315104166666666 0.05740740740740741 0.03177083333333333
2 0.9273148148148148 0.8976562499999999 0.058333333333333334 0.03177083333333333
2 0.4393518518518519 0.8997395833333334 0.062037037037037036 0.034895833333333334
