7 0.500925925925926 0.16614583333333333 0.5925925925925926 0.04583333333333333
2 0.11342592592592593 0.2583333333333333 0.06018518518518519 0.03333333333333333
7 0.24537037037037038 0.25729166666666664 0.14814814814814814 0.029166666666666667
7 0.4467592592592593 0.36744791666666665 0.750925925925926 0.0328125
7 0.44537037037037036 0.4864583333333333 0.7555555555555555 0.05
2 0.9148148148148149 0.48515625 0.024074074074074074 0.019270833333333334
7 0.47453703703703703 0.61640625 0.8157407407407408 0.04739583333333333
2 0.9148148148148149 0.6158854166666666 0.024074074074074074 0.019270833333333334
7 0.40925925925925927 0.74765625 0.6722222222222223 0.049479166666666664
2 0.9148148148148149 0.7466145833333333 0.024074074074074074 0.019270833333333334
2 0.12592592592592594 0.8924479166666667 0.06296296296296297 0.0359375
7 0.2064814814814815 0.8924479166666667 0.05925925925925926 0.0234375
2 0.45462962962962966 0.8924479166666667 0.06296296296296297 0.0359375
7 0.5398148148148149 0.8924479166666667 0.06851851851851852 0.0234375
2 0.7800925925925927 0.8924479166666667 0.0638888888888889 0.0359375
7 0.875 0.8924479166666667 0.08703703703703704 0.0234375
2 0.01990740740740741 0.065625 0.03796296296296296 0.021875
2 0.0638888888888889 0.065625 0.06851851851851852 0.04375
7 0.1550925925925926 0.0671875 0.09537037037037037 0.029166666666666667
4 0.500462962962963 0.25729166666666664 0.9398148148148149 0.06770833333333333
