7 0.1574074074074074 0.11848958333333333 0.2796296296296296 0.0265625
7 0.1625 0.16302083333333334 0.27685185185185185 0.026041666666666668
7 0.16203703703703703 0.184375 0.2814814814814815 0.016666666666666666
7 0.1625 0.23385416666666667 0.27685185185185185 0.026041666666666668
7 0.20787037037037037 0.2557291666666667 0.3842592592592593 0.017708333333333333
7 0.1574074074074074 0.3046875 0.26666666666666666 0.026041666666666668
7 0.26851851851851855 0.32578125 0.48888888888888893 0.01614583333333333
7 0.31574074074074077 0.36744791666666665 0.5888888888888889 0.024479166666666666
7 0.1625 0.41302083333333334 0.27685185185185185 0.026041666666666668
7 0.26435185185185184 0.459375 0.48055555555555557 0.022916666666666665
7 0.1625 0.5052083333333334 0.27685185185185185 0.026041666666666668
7 0.16342592592592592 0.5265625 0.27870370370370373 0.016666666666666666
7 0.1574074074074074 0.5760416666666667 0.26666666666666666 0.026041666666666668
7 0.26851851851851855 0.5971354166666667 0.48888888888888893 0.01614583333333333
7 0.1625 0.6466145833333333 0.27685185185185185 0.0265625
7 0.1787037037037037 0.66796875 0.3092592592592593 0.01614583333333333
7 0.2189814814814815 0.709375 0.38981481481481484 0.022916666666666665
7 0.1625 0.7552083333333334 0.27685185185185185 0.026041666666666668
7 0.07407407407407407 0.8013020833333333 0.1 0.0234375
7 0.3175925925925926 0.8486979166666666 0.5907407407407408 0.028645833333333332
7 0.3837962962962963 0.8950520833333333 0.7287037037037037 0.025520833333333333
7 0.5 0.93046875 0.9518518518518518 0.0078125
2 0.01990740740740741 0.06432291666666666 0.025 0.0234375
2 0.06620370370370371 0.06536458333333334 0.062037037037037036 0.03697916666666667
7 0.21944444444444444 0.06510416666666667 0.22962962962962963 0.027083333333333334
