7 0.1675925925925926 0.14609375 0.2574074074074074 0.0296875
7 0.10462962962962963 0.17369791666666667 0.13148148148148148 0.025520833333333333
6 0.9037037037037038 0.15859375 0.11481481481481481 0.03697916666666667
7 0.4990740740740741 0.25364583333333335 0.9240740740740742 0.04791666666666666
7 0.10185185185185186 0.33567708333333335 0.13703703703703704 0.0234375
7 0.14027777777777778 0.3872395833333333 0.2101851851851852 0.027604166666666666
6 0.9037037037037038 0.38515625 0.11481481481481481 0.03697916666666667
7 0.22592592592592595 0.4622395833333333 0.38703703703703707 0.028645833333333332
7 0.15925925925925927 0.48802083333333335 0.24074074074074076 0.026041666666666668
7 0.0962962962962963 0.5614583333333333 0.12592592592592594 0.025
7 0.2490740740740741 0.6106770833333334 0.4314814814814815 0.0234375
7 0.4050925925925926 0.6494791666666666 0.7398148148148148 0.04583333333333333
6 0.9037037037037038 0.6341145833333334 0.11481481481481481 0.03697916666666667
7 0.08657407407407408 0.7325520833333333 0.10277777777777779 0.0265625
7 0.09722222222222222 0.7815104166666667 0.13518518518518519 0.025520833333333333
7 0.25416666666666665 0.8119791666666667 0.4398148148148148 0.025
7 0.08796296296296297 0.8833333333333333 0.11296296296296297 0.026041666666666668
7 0.3703703703703704 0.9145833333333333 0.6703703703703704 0.025
7 0.20324074074074075 0.07578125 0.33796296296296297 0.0359375
