7 0.14027777777777778 0.19869791666666667 0.25092592592592594 0.022395833333333334
3 0.06620370370370371 0.26119791666666664 0.09722222222222222 0.0546875
7 0.2740740740740741 0.24973958333333332 0.24444444444444446 0.0265625
7 0.2199074074074074 0.2828125 0.13240740740740742 0.019791666666666666
7 0.9708333333333333 0.26328125 0.019444444444444445 0.025520833333333333
3 0.06805555555555556 0.3424479166666667 0.09722222222222222 0.0546875
7 0.25092592592592594 0.3296875 0.1925925925925926 0.021875
7 0.2199074074074074 0.3653645833333333 0.13240740740740742 0.021354166666666667
7 0.9708333333333333 0.34453125 0.019444444444444445 0.025520833333333333
3 0.06805555555555556 0.4236979166666667 0.09722222222222222 0.0546875
7 0.19907407407407407 0.409375 0.08703703703703704 0.026041666666666668
7 0.2189814814814815 0.44427083333333334 0.12685185185185185 0.021875
7 0.9708333333333333 0.42578125 0.019444444444444445 0.025520833333333333
3 0.06805555555555556 0.5049479166666666 0.09722222222222222 0.0546875
7 0.24074074074074076 0.490625 0.17037037037037037 0.026041666666666668
7 0.2189814814814815 0.5255208333333333 0.12685185185185185 0.021875
7 0.9708333333333333 0.50703125 0.019444444444444445 0.025520833333333333
3 0.06805555555555556 0.5861979166666667 0.09722222222222222 0.0546875
7 0.2740740740740741 0.571875 0.23703703703703705 0.026041666666666668
7 0.21064814814814817 0.6067708333333334 0.11018518518518519 0.021875
7 0.9708333333333333 0.58828125 0.019444444444444445 0.025520833333333333
7 0.14722222222222223 0.6536458333333334 0.27037037037037037 0.027083333333333334
2 0.06805555555555556 0.715625 0.09722222222222222 0.05416666666666667
7 0.21296296296296297 0.70390625 0.1277777777777778 0.025520833333333333
7 0.18564814814814815 0.7361979166666667 0.06018518518518519 0.022395833333333334
7 0.9222222222222223 0.7174479166666666 0.11666666666666667 0.025520833333333333
2 0.06805555555555556 0.796875 0.09722222222222222 0.05416666666666667
7 0.19074074074074074 0.7825520833333334 0.07037037037037037 0.025520833333333333
7 0.18564814814814815 0.8174479166666666 0.06018518518518519 0.022395833333333334
7 0.9222222222222223 0.7986979166666667 0.11666666666666667 0.025520833333333333
2 0.06805555555555556 0.8781249999999999 0.09722222222222222 0.05416666666666667
7 0.34861111111111115 0.8658854166666666 0.40092592592592596 0.0265625
7 0.18564814814814815 0.8986979166666667 0.06018518518518519 0.022395833333333334
7 0.9222222222222223 0.8799479166666666 0.11666666666666667 0.025520833333333333
7 0.25 0.14192708333333334 0.22037037037037038 0.022395833333333334
7 0.75 0.14270833333333333 0.11111111111111112 0.02395833333333333
2 0.06944444444444445 0.07083333333333333 0.06296296296296297 0.028125
7 0.28425925925925927 0.071875 0.2796296296296296 0.029166666666666667
