3 0.5 0.21119791666666665 0.5444444444444445 0.11302083333333333
7 0.5 0.30885416666666665 0.6962962962962963 0.028125
7 0.3027777777777778 0.3716145833333333 0.4981481481481482 0.043229166666666666
7 0.24537037037037038 0.43463541666666666 0.38333333333333336 0.027604166666666666
7 0.26342592592592595 0.4705729166666667 0.41944444444444445 0.027604166666666666
7 0.21944444444444444 0.5065104166666666 0.3314814814814815 0.027604166666666666
7 0.23796296296296296 0.5424479166666667 0.3685185185185185 0.027604166666666666
2 0.0925925925925926 0.6052083333333333 0.07777777777777778 0.04375
2 0.20185185185185187 0.6052083333333333 0.07777777777777778 0.04375
7 0.2625 0.9044270833333333 0.4175925925925926 0.018229166666666668
7 0.11481481481481481 0.8763020833333334 0.12222222222222223 0.018229166666666668
7 0.18703703703703706 0.8458333333333333 0.26666666666666666 0.022916666666666665
2 0.0976851851851852 0.07213541666666666 0.08055555555555556 0.03177083333333333
7 0.5189814814814815 0.07083333333333333 0.11203703703703705 0.03125
