2 0.21851851851851853 0.30755208333333334 0.21851851851851853 0.12343749999999999
7 0.21944444444444444 0.3958333333333333 0.1851851851851852 0.021875
7 0.21666666666666667 0.4276041666666667 0.11111111111111112 0.021875
2 0.7810185185185186 0.30755208333333334 0.21944444444444444 0.12343749999999999
7 0.7787037037037038 0.39609375 0.22037037037037038 0.022395833333333334
7 0.7810185185185186 0.4278645833333333 0.10833333333333334 0.022395833333333334
7 0.49953703703703706 0.51640625 0.22870370370370371 0.021354166666666667
2 0.06712962962962964 0.07005208333333333 0.05277777777777778 0.030729166666666665
7 0.2550925925925926 0.07369791666666667 0.225 0.0359375
7 0.500462962962963 0.8901041666666667 0.12314814814814816 0.020833333333333332
7 0.500462962962963 0.5541666666666667 0.09722222222222222 0.017708333333333333
