7 0.5 0.06041666666666667 0.27592592592592596 0.03333333333333333
7 0.25462962962962965 0.13515625 0.08888888888888889 0.0234375
7 0.22592592592592595 0.19192708333333333 0.14444444444444446 0.024479166666666666
0 0.34074074074074073 0.2520833333333333 0.07777777777777778 0.04583333333333333
7 0.525462962962963 0.25078125 0.22685185185185186 0.0234375
2 0.6782407407407408 0.2505208333333333 0.05277777777777778 0.030208333333333334
7 0.4981481481481482 0.3026041666666667 0.8037037037037037 0.035416666666666666
7 0.21805555555555556 0.43671875 0.287962962962963 0.025520833333333333
7 0.8273148148148148 0.43697916666666664 0.2064814814814815 0.026041666666666668
7 0.32685185185185184 0.540625 0.4314814814814815 0.026041666666666668
7 0.34351851851851856 0.584375 0.4703703703703704 0.04791666666666666
4 0.500925925925926 0.13619791666666667 0.8592592592592593 0.058854166666666666
4 0.49953703703703706 0.190625 0.8564814814814815 0.059375
7 0.49768518518518523 0.3736979166666667 0.13240740740740742 0.030729166666666665
7 0.4986111111111111 0.6494791666666666 0.3027777777777778 0.021875
