7 0.500925925925926 0.06041666666666667 0.2962962962962963 0.030208333333333334
2 0.06157407407407408 0.05963541666666666 0.075 0.0421875
7 0.13518518518518519 0.13567708333333334 0.07777777777777778 0.022395833333333334
7 0.13333333333333333 0.19192708333333333 0.06666666666666667 0.022395833333333334
7 0.17731481481481481 0.24609375 0.16018518518518518 0.0203125
7 0.8152777777777778 0.24739583333333334 0.1787037037037037 0.017708333333333333
7 0.2564814814814815 0.30416666666666664 0.32222222222222224 0.01875
7 0.2587962962962963 0.40390624999999997 0.31574074074074077 0.021354166666666667
7 0.17777777777777778 0.45651041666666664 0.15925925925925927 0.011979166666666666
7 0.18101851851851852 0.5114583333333333 0.1564814814814815 0.01875
0 0.3416666666666667 0.5747395833333333 0.07962962962962963 0.043229166666666666
7 0.5263888888888889 0.5736979166666667 0.22685185185185186 0.0234375
2 0.6907407407407408 0.5734375 0.053703703703703705 0.030208333333333334
7 0.500462962962963 0.625 0.8009259259259259 0.034375
7 0.4449074074074074 0.6986979166666667 0.6861111111111111 0.043229166666666666
0 0.8675925925925926 0.7 0.07222222222222223 0.03958333333333333
7 0.5 0.8348958333333333 0.8277777777777778 0.0375
4 0.49953703703703706 0.1375 0.8638888888888889 0.06145833333333333
4 0.5 0.19244791666666666 0.8611111111111112 0.0609375
4 0.500462962962963 0.24661458333333333 0.8583333333333334 0.059895833333333336
4 0.5 0.3020833333333333 0.8574074074074074 0.06041666666666667
4 0.500925925925926 0.40130208333333334 0.862962962962963 0.0609375
4 0.5013888888888889 0.45677083333333335 0.8601851851851852 0.06041666666666667
4 0.4990740740740741 0.5119791666666667 0.8611111111111112 0.0625
7 0.49953703703703706 0.77890625 0.25833333333333336 0.030729166666666665
