7 0.24212962962962964 0.054427083333333334 0.4620370370370371 0.0234375
7 0.3995370370370371 0.2921875 0.4953703703703704 0.03854166666666667
7 0.2916666666666667 0.37526041666666665 0.28703703703703703 0.03697916666666667
7 0.3162037037037037 0.46015625 0.3287037037037037 0.034895833333333334
7 0.3092592592592593 0.5473958333333333 0.3148148148148148 0.035416666666666666
7 0.22962962962962963 0.6315104166666666 0.16481481481481483 0.034895833333333334
7 0.4152777777777778 0.7208333333333333 0.5342592592592593 0.03958333333333333
7 0.3851851851851852 0.80625 0.46851851851851856 0.03854166666666667
7 0.24814814814814815 0.13515625 0.26296296296296295 0.0328125
7 0.7486111111111111 0.13697916666666665 0.23611111111111113 0.029166666666666667
2 0.08425925925925926 0.21197916666666666 0.09074074074074075 0.029166666666666667
0 0.9069444444444444 0.2908854166666667 0.10833333333333334 0.059895833333333336
0 0.9078703703703704 0.37604166666666666 0.10277777777777779 0.059375
0 0.9087962962962963 0.4627604166666667 0.11203703703703705 0.059895833333333336
0 0.9069444444444444 0.5489583333333333 0.10648148148148148 0.06145833333333333
0 0.9083333333333333 0.63515625 0.10370370370370371 0.057812499999999996
0 0.9083333333333333 0.7208333333333333 0.10925925925925926 0.059375
0 0.9087962962962963 0.80625 0.11203703703703705 0.05625
2 0.08425925925925926 0.2903645833333333 0.0962962962962963 0.04739583333333333
2 0.0837962962962963 0.3763020833333333 0.11018518518518519 0.057812499999999996
2 0.08425925925925926 0.4622395833333333 0.09444444444444444 0.05364583333333333
2 0.08518518518518518 0.5494791666666666 0.1 0.057291666666666664
2 0.08240740740740742 0.63359375 0.10740740740740741 0.0546875
2 0.08518518518518518 0.7203125 0.1 0.053125
2 0.08518518518518518 0.80546875 0.08888888888888889 0.05364583333333333
7 0.2601851851851852 0.8791666666666667 0.23148148148148148 0.02395833333333333
7 0.7430555555555556 0.8794270833333333 0.10277777777777779 0.0234375
