2 0.06898148148148149 0.06822916666666666 0.06018518518518519 0.03958333333333333
7 0.4990740740740741 0.06953125 0.16481481481481483 0.03177083333333333
7 0.19444444444444445 0.13776041666666666 0.34074074074074073 0.0296875
2 0.9175925925925926 0.13802083333333334 0.11666666666666667 0.065625
7 0.1763888888888889 0.19973958333333333 0.30462962962962964 0.0296875
7 0.18981481481481483 0.228125 0.3314814814814815 0.02395833333333333
2 0.9291666666666667 0.21328125 0.05092592592592593 0.04635416666666667
7 0.17685185185185187 0.27109375 0.3055555555555556 0.0296875
7 0.12685185185185185 0.3953125 0.20555555555555557 0.030208333333333334
2 0.9291666666666667 0.3924479166666667 0.05092592592592593 0.04635416666666667
7 0.16898148148148148 0.4705729166666667 0.2898148148148148 0.0296875
2 0.9300925925925926 0.46796875 0.049074074074074076 0.0453125
7 0.10740740740740741 0.54609375 0.16666666666666669 0.0296875
2 0.9310185185185186 0.5458333333333333 0.05092592592592593 0.04479166666666667
7 0.07592592592592592 0.6216145833333333 0.10370370370370371 0.0296875
2 0.9333333333333333 0.621875 0.05555555555555556 0.04479166666666667
