2 0.058333333333333334 0.07083333333333333 0.07777777777777778 0.04375
7 0.23796296296296296 0.07265625 0.2 0.03697916666666667
7 0.2518518518518519 0.14296875 0.23703703703703705 0.022395833333333334
7 0.7481481481481482 0.14401041666666667 0.16666666666666669 0.0234375
7 0.18796296296296297 0.21979166666666666 0.08333333333333334 0.02395833333333333
2 0.04861111111111111 0.2591145833333333 0.058333333333333334 0.0328125
2 0.04861111111111111 0.8078124999999999 0.058333333333333334 0.03229166666666666
7 0.30833333333333335 0.7921875 0.1685185185185185 0.02395833333333333
7 0.42685185185185187 0.8265625 0.40555555555555556 0.022916666666666665
6 0.9226851851851853 0.7989583333333333 0.11574074074074074 0.0375
7 0.34675925925925927 0.2677083333333333 0.04722222222222222 0.021875
7 0.7606481481481482 0.26796875 0.04722222222222222 0.021354166666666667
7 0.27314814814814814 0.3411458333333333 0.10555555555555556 0.01875
7 0.5523148148148148 0.34010416666666665 0.058333333333333334 0.020833333333333332
7 0.8314814814814815 0.34010416666666665 0.06851851851851852 0.01875
7 0.27731481481481485 0.41432291666666665 0.08240740740740742 0.018229166666666668
7 0.5541666666666667 0.41484375 0.10277777777777779 0.021354166666666667
7 0.8310185185185186 0.41484375 0.07314814814814816 0.022395833333333334
7 0.3458333333333333 0.48828125 0.08796296296296297 0.022395833333333334
7 0.762962962962963 0.48854166666666665 0.1425925925925926 0.019791666666666666
7 0.762962962962963 0.5619791666666667 0.18333333333333335 0.020833333333333332
7 0.34490740740740744 0.5619791666666667 0.13055555555555556 0.017708333333333333
7 0.3421296296296296 0.6359375 0.12685185185185185 0.01875
7 0.34444444444444444 0.709375 0.17407407407407408 0.020833333333333332
7 0.7601851851851852 0.6361979166666667 0.2351851851851852 0.021354166666666667
7 0.7615740740740741 0.709375 0.16018518518518518 0.020833333333333332
