3 0.4990740740740741 0.13385416666666666 0.37592592592592594 0.057291666666666664
7 0.5018518518518519 0.18619791666666666 0.4666666666666667 0.030729166666666665
7 0.4898148148148148 0.23333333333333334 0.9777777777777779 0.04375
2 0.05185185185185186 0.3177083333333333 0.07777777777777778 0.04375
7 0.2986111111111111 0.2825520833333333 0.34351851851851856 0.04010416666666666
7 0.48564814814814816 0.3380208333333333 0.7175925925925927 0.07083333333333333
5 0.951388888888889 0.3171875 0.058333333333333334 0.03333333333333333
2 0.05185185185185186 0.4427083333333333 0.07777777777777778 0.04375
7 0.34305555555555556 0.4080729166666667 0.4324074074074074 0.04010416666666666
7 0.4726851851851852 0.4640625 0.6990740740740741 0.06354166666666666
5 0.9541666666666667 0.4427083333333333 0.0638888888888889 0.03125
2 0.05185185185185186 0.5572916666666666 0.07777777777777778 0.04375
7 0.1814814814814815 0.53359375 0.10925925925925926 0.04010416666666666
7 0.513425925925926 0.5776041666666667 0.7731481481481481 0.04791666666666666
5 0.9527777777777778 0.5572916666666666 0.05555555555555556 0.029166666666666667
2 0.05185185185185186 0.6713541666666667 0.07777777777777778 0.04375
7 0.3314814814814815 0.63671875 0.40925925925925927 0.04010416666666666
7 0.513425925925926 0.6919270833333333 0.7731481481481481 0.0703125
5 0.951388888888889 0.6700520833333333 0.05462962962962963 0.0296875
2 0.05185185185185186 0.7859375 0.07777777777777778 0.04375
7 0.38796296296296295 0.7619791666666667 0.5222222222222223 0.040625
7 0.513425925925926 0.80625 0.7731481481481481 0.04791666666666666
5 0.9537037037037037 0.7864583333333334 0.053703703703703705 0.029166666666666667
2 0.06851851851851852 0.065625 0.07777777777777778 0.04375
7 0.34444444444444444 0.065625 0.4537037037037037 0.03333333333333333
2 0.9333333333333333 0.06614583333333333 0.03888888888888889 0.03958333333333333
