0 0.9231481481481482 0.08958333333333333 0.053703703703703705 0.03125
0 0.9240740740740742 0.26510416666666664 0.05925925925925926 0.03229166666666666
0 0.9240740740740742 0.3416666666666667 0.05925925925925926 0.03333333333333333
0 0.9231481481481482 0.41562499999999997 0.05740740740740741 0.03125
0 0.9222222222222223 0.5520833333333334 0.05555555555555556 0.029166666666666667
0 0.9240740740740742 0.6536458333333334 0.05925925925925926 0.030208333333333334
0 0.9231481481481482 0.8979166666666667 0.061111111111111116 0.03333333333333333
7 0.1462962962962963 0.0921875 0.23703703703703705 0.030208333333333334
7 0.13333333333333333 0.17864583333333334 0.20370370370370372 0.053125
7 0.15833333333333333 0.2671875 0.2611111111111111 0.026041666666666668
7 0.15 0.340625 0.22962962962962963 0.025
7 0.12407407407407407 0.4161458333333333 0.1925925925925926 0.028125
7 0.16111111111111112 0.4901041666666667 0.25925925925925924 0.028125
7 0.2555555555555556 0.5541666666666667 0.4481481481481482 0.05416666666666667
7 0.33611111111111114 0.6557291666666667 0.6129629629629629 0.057291666666666664
7 0.27037037037037037 0.7484375 0.4777777777777778 0.059375
7 0.9462962962962963 0.7640625 0.06296296296296297 0.021875
7 0.1527777777777778 0.8479166666666667 0.2351851851851852 0.022916666666666665
7 0.21851851851851853 0.9 0.3592592592592593 0.025
