3 0.14907407407407408 0.2505208333333333 0.19444444444444445 0.109375
7 0.5041666666666667 0.23619791666666667 0.44722222222222224 0.027604166666666666
7 0.4356481481481482 0.2747395833333333 0.30648148148148147 0.0296875
3 0.14907407407407408 0.39791666666666664 0.19444444444444445 0.109375
7 0.4726851851851852 0.38203125 0.3805555555555556 0.025520833333333333
7 0.4375 0.42109375 0.3101851851851852 0.028645833333333332
3 0.14907407407407408 0.5458333333333333 0.19444444444444445 0.109375
7 0.47500000000000003 0.53125 0.3888888888888889 0.028125
7 0.4356481481481482 0.5708333333333333 0.3101851851851852 0.027083333333333334
3 0.14907407407407408 0.6932291666666667 0.19444444444444445 0.109375
7 0.45092592592592595 0.6783854166666666 0.337037037037037 0.027604166666666666
7 0.43703703703703706 0.7166666666666667 0.3055555555555556 0.027083333333333334
7 0.5046296296296297 0.12526041666666665 0.46296296296296297 0.033854166666666664
