7 0.16990740740740742 0.14635416666666667 0.2675925925925926 0.029166666666666667
7 0.10787037037037038 0.19869791666666667 0.15092592592592594 0.030729166666666665
7 0.1824074074074074 0.22630208333333332 0.3074074074074074 0.0265625
7 0.17222222222222222 0.29921875 0.27037037037037037 0.028645833333333332
7 0.1824074074074074 0.3260416666666667 0.29444444444444445 0.022916666666666665
0 0.925 0.30885416666666665 0.06296296296296297 0.035416666666666666
7 0.13611111111111113 0.3997395833333333 0.20370370370370372 0.0265625
7 0.34675925925925927 0.42890625 0.6194444444444445 0.025520833333333333
7 0.2490740740740741 0.5005208333333333 0.4240740740740741 0.029166666666666667
7 0.34351851851851856 0.52890625 0.6129629629629629 0.024479166666666666
7 0.14351851851851852 0.5997395833333333 0.22037037037037038 0.024479166666666666
7 0.20462962962962963 0.6502604166666667 0.34814814814814815 0.0296875
7 0.4203703703703704 0.6786458333333333 0.7703703703703704 0.028125
0 0.925 0.6596354166666667 0.06481481481481481 0.034895833333333334
7 0.20694444444444446 0.7489583333333333 0.34351851851851856 0.027083333333333334
7 0.20092592592592592 0.7981770833333334 0.3351851851851852 0.025520833333333333
7 0.23055555555555557 0.8265625 0.3888888888888889 0.021875
0 0.9231481481481482 0.81015625 0.061111111111111116 0.0359375
7 0.23055555555555557 0.8984375 0.3925925925925926 0.027083333333333334
7 0.22268518518518518 0.07578125 0.16018518518518518 0.0359375
2 0.06805555555555556 0.0703125 0.062037037037037036 0.03125
7 0.7486111111111111 0.0703125 0.27870370370370373 0.022916666666666665
2 0.9486111111111112 0.06927083333333334 0.03796296296296296 0.03333333333333333
