2 0.0699074074074074 0.07213541666666666 0.05462962962962963 0.030729166666666665
7 0.29305555555555557 0.07161458333333333 0.3138888888888889 0.034895833333333334
3 0.13611111111111113 0.18072916666666666 0.19444444444444445 0.109375
7 0.3652777777777778 0.13958333333333334 0.18611111111111112 0.03333333333333333
7 0.6166666666666667 0.19713541666666667 0.6888888888888889 0.08177083333333333
3 0.13611111111111113 0.32447916666666665 0.19444444444444445 0.109375
7 0.41203703703703703 0.2833333333333333 0.2796296296296296 0.03333333333333333
7 0.6166666666666667 0.34088541666666666 0.6888888888888889 0.08177083333333333
3 0.13611111111111113 0.46822916666666664 0.19444444444444445 0.109375
7 0.5800925925925926 0.4270833333333333 0.6157407407407408 0.03333333333333333
7 0.6166666666666667 0.48463541666666665 0.6888888888888889 0.08177083333333333
3 0.13611111111111113 0.6119791666666666 0.19444444444444445 0.109375
7 0.4486111111111111 0.5708333333333333 0.3527777777777778 0.03333333333333333
7 0.6166666666666667 0.6283854166666667 0.6888888888888889 0.08177083333333333
3 0.13611111111111113 0.7557291666666667 0.19444444444444445 0.109375
7 0.5824074074074075 0.7145833333333333 0.6203703703703703 0.03333333333333333
7 0.6166666666666667 0.7721354166666666 0.6888888888888889 0.08177083333333333
3 0.13611111111111113 0.8895833333333333 0.19444444444444445 0.08958333333333333
7 0.45740740740740743 0.8583333333333333 0.3703703703703704 0.03333333333333333
7 0.6166666666666667 0.9046875 0.6888888888888889 0.059375
