7 0.3231481481481482 0.13567708333333334 0.45925925925925926 0.022395833333333334
7 0.19074074074074074 0.20208333333333334 0.3037037037037037 0.029166666666666667
7 0.1486111111111111 0.23098958333333333 0.22314814814814815 0.022395833333333334
6 0.8592592592592593 0.21432291666666667 0.23333333333333334 0.03802083333333333
7 0.1398148148148148 0.30234375 0.20185185185185187 0.024479166666666666
7 0.15046296296296297 0.33046875 0.22685185185185186 0.022395833333333334
7 0.11898148148148148 0.4028645833333333 0.16018518518518518 0.024479166666666666
2 0.06851851851851852 0.065625 0.07777777777777778 0.04375
7 0.23703703703703705 0.06953125 0.24629629629629632 0.030729166666666665
2 0.9370370370370371 0.06614583333333333 0.044444444444444446 0.041666666666666664
2 0.06620370370370371 0.13671875 0.05092592592592593 0.033854166666666664
2 0.5023148148148149 0.9052083333333333 0.1564814814814815 0.04895833333333333
7 0.8023148148148148 0.21484375 0.05462962962962963 0.022395833333333334
