7 0.1300925925925926 0.140625 0.1953703703703704 0.026041666666666668
7 0.1439814814814815 0.1953125 0.2101851851851852 0.030208333333333334
7 0.3939814814814815 0.23385416666666667 0.7101851851851853 0.042708333333333334
6 0.913888888888889 0.21822916666666667 0.09444444444444444 0.034375
7 0.15092592592592594 0.3151041666666667 0.23703703703703705 0.028125
7 0.16712962962962963 0.36744791666666665 0.2564814814814815 0.0296875
7 0.46111111111111114 0.4083333333333333 0.8444444444444444 0.04375
2 0.08564814814814815 0.490625 0.0638888888888889 0.041666666666666664
7 0.3314814814814815 0.490625 0.3111111111111111 0.029166666666666667
0 0.9231481481481482 0.4901041666666667 0.06666666666666667 0.03854166666666667
2 0.08750000000000001 0.5674479166666666 0.06018518518518519 0.03802083333333333
7 0.300462962962963 0.565625 0.2490740740740741 0.029166666666666667
7 0.14351851851851852 0.6361979166666667 0.21666666666666667 0.0328125
2 0.08657407407407408 0.6895833333333333 0.06574074074074074 0.03854166666666667
7 0.22592592592592595 0.68984375 0.1 0.0296875
6 0.9106481481481482 0.6895833333333333 0.10092592592592593 0.034375
2 0.08287037037037037 0.7638020833333333 0.07685185185185185 0.0359375
7 0.23703703703703705 0.76484375 0.12222222222222223 0.0296875
6 0.9148148148148149 0.7638020833333333 0.0925925925925926 0.0359375
7 0.23425925925925928 0.075 0.19074074074074074 0.036458333333333336
2 0.0712962962962963 0.07083333333333333 0.05185185185185186 0.03229166666666666
