7 0.4990740740740741 0.18125 0.9314814814814815 0.0625
7 0.5018518518518519 0.2989583333333333 0.9185185185185185 0.10833333333333334
7 0.12407407407407407 0.4041666666666667 0.1814814814814815 0.025
7 0.4388888888888889 0.4708333333333333 0.8111111111111111 0.05416666666666667
2 0.9185185185185185 0.4734375 0.02962962962962963 0.03229166666666666
7 0.34814814814814815 0.903125 0.6296296296296297 0.029166666666666667
2 0.9194444444444445 0.9036458333333334 0.02777777777777778 0.028125
7 0.13055555555555556 0.8468749999999999 0.19074074074074074 0.025
2 0.9222222222222223 0.7484375 0.02962962962962963 0.030208333333333334
7 0.4564814814814815 0.7447916666666666 0.8611111111111112 0.05625
2 0.9194444444444445 0.6473958333333333 0.031481481481481485 0.030208333333333334
7 0.4416666666666667 0.6432291666666666 0.8166666666666667 0.05520833333333333
7 0.3851851851851852 0.5598958333333334 0.7074074074074075 0.030208333333333334
2 0.9175925925925926 0.5583333333333333 0.031481481481481485 0.025
2 0.0638888888888889 0.07135416666666666 0.05 0.030208333333333334
7 0.19444444444444445 0.07239583333333333 0.12962962962962962 0.034375
