7 0.10740740740740741 0.12109375 0.16666666666666669 0.025520833333333333
7 0.0787037037037037 0.26328125 0.10925925925925926 0.025520833333333333
5 0.0712962962962963 0.3294270833333333 0.06851851851851852 0.03802083333333333
5 0.4138888888888889 0.3294270833333333 0.06851851851851852 0.03802083333333333
5 0.725462962962963 0.3302083333333333 0.05648148148148149 0.03958333333333333
7 0.05787037037037037 0.4015625 0.06759259259259259 0.026041666666666668
7 0.07268518518518519 0.47421874999999997 0.09722222222222222 0.025520833333333333
7 0.05 0.5635416666666666 0.061111111111111116 0.026041666666666668
7 0.8027777777777778 0.3325520833333333 0.09074074074074075 0.022395833333333334
7 0.4953703703703704 0.3325520833333333 0.07592592592592592 0.0234375
7 0.17175925925925928 0.33307291666666666 0.1212962962962963 0.025520833333333333
7 0.5018518518518519 0.0640625 0.3574074074074074 0.03125
7 0.49953703703703706 0.6630208333333333 0.08240740740740742 0.020833333333333332
