7 0.39861111111111114 0.18151041666666667 0.6583333333333333 0.04114583333333333
7 0.49074074074074076 0.44244791666666666 0.8351851851851853 0.43697916666666664
7 0.42592592592592593 0.6994791666666667 0.7000000000000001 0.03854166666666667
2 0.13842592592592592 0.7809895833333333 0.1212962962962963 0.06822916666666666
7 0.35185185185185186 0.78125 0.2962962962962963 0.05520833333333333
2 0.5606481481481481 0.7809895833333333 0.1212962962962963 0.06822916666666666
7 0.7740740740740741 0.78125 0.2962962962962963 0.08125
7 0.2611111111111111 0.07526041666666666 0.4462962962962963 0.03177083333333333
7 0.27870370370370373 0.8809895833333333 0.1962962962962963 0.022395833333333334
7 0.7375 0.8809895833333333 0.10462962962962963 0.0234375
