2 0.0638888888888889 0.07239583333333333 0.05 0.026041666666666668
7 0.22777777777777777 0.075 0.1851851851851852 0.029166666666666667
2 0.075 0.14322916666666666 0.05740740740740741 0.03229166666666666
7 0.21851851851851853 0.14427083333333332 0.14814814814814814 0.02395833333333333
7 0.23425925925925928 0.2171875 0.19074074074074074 0.019791666666666666
2 0.9351851851851852 0.2921875 0.022222222222222223 0.02395833333333333
2 0.07407407407407407 0.21614583333333334 0.05925925925925926 0.03229166666666666
7 0.225 0.4583333333333333 0.1685185185185185 0.020833333333333332
2 0.07592592592592592 0.29010416666666666 0.06296296296296297 0.036458333333333336
7 0.25277777777777777 0.5333333333333333 0.21666666666666667 0.027083333333333334
7 0.20092592592592592 0.2921875 0.11666666666666667 0.028125
2 0.9351851851851852 0.3640625 0.02592592592592593 0.02395833333333333
2 0.07592592592592592 0.36302083333333335 0.07037037037037037 0.021875
7 0.20092592592592592 0.6067708333333334 0.30185185185185187 0.02395833333333333
2 0.9361111111111111 0.14322916666666666 0.020370370370370372 0.02395833333333333
2 0.07407407407407407 0.4583333333333333 0.05925925925925926 0.029166666666666667
7 0.2953703703703704 0.3645833333333333 0.3055555555555556 0.022916666666666665
2 0.07777777777777778 0.5302083333333333 0.06666666666666667 0.025
6 0.8851851851851852 0.21875 0.13333333333333333 0.041666666666666664
7 0.875 0.290625 0.05 0.020833333333333332
