7 0.23611111111111113 0.07421875 0.18888888888888888 0.0296875
2 0.06851851851851852 0.07083333333333333 0.05 0.028125
7 0.1337962962962963 0.146875 0.2175925925925926 0.027083333333333334
7 0.12453703703703704 0.22005208333333334 0.17500000000000002 0.028645833333333332
7 0.1287037037037037 0.25104166666666666 0.18333333333333335 0.026041666666666668
2 0.9143518518518519 0.23255208333333333 0.09722222222222222 0.0546875
7 0.16990740740740742 0.32369791666666664 0.2657407407407408 0.0296875
7 0.13796296296296298 0.35494791666666664 0.20185185185185187 0.0265625
7 0.2101851851851852 0.4283854166666667 0.3592592592592593 0.0328125
7 0.13425925925925927 0.5013020833333334 0.19444444444444445 0.028645833333333332
7 0.11157407407407408 0.5307291666666667 0.14907407407407408 0.029166666666666667
7 0.2564814814814815 0.6044270833333333 0.4388888888888889 0.030729166666666665
7 0.13657407407407407 0.6359375 0.19907407407407407 0.027083333333333334
7 0.1287037037037037 0.7083333333333334 0.18333333333333335 0.03125
7 0.38101851851851853 0.7549479166666666 0.687962962962963 0.049479166666666664
6 0.912962962962963 0.7354166666666666 0.1 0.0375
7 0.08611111111111111 0.83828125 0.12037037037037038 0.025520833333333333
7 0.15787037037037038 0.9119791666666667 0.24166666666666667 0.030208333333333334
