2 0.125 0.05859375 0.07592592592592592 0.0421875
2 0.375462962962963 0.059895833333333336 0.07685185185185185 0.042708333333333334
2 0.6296296296296297 0.06015625 0.08518518518518518 0.0421875
2 0.8745370370370371 0.05911458333333333 0.08240740740740742 0.044270833333333336
7 0.13194444444444445 0.11484375 0.26203703703703707 0.0296875
7 0.41435185185185186 0.11484375 0.18796296296296297 0.0296875
7 0.6694444444444445 0.11510416666666666 0.20925925925925926 0.02395833333333333
7 0.899537037037037 0.11744791666666667 0.14907407407407408 0.0265625
3 0.17777777777777778 0.2421875 0.3074074074074074 0.17291666666666666
7 0.07685185185185185 0.34270833333333334 0.07962962962962963 0.019791666666666666
7 0.125 0.36744791666666665 0.17592592592592593 0.019270833333333334
3 0.49953703703703706 0.2421875 0.30648148148148147 0.17291666666666666
7 0.4851851851851852 0.34270833333333334 0.2537037037037037 0.019791666666666666
7 0.45787037037037037 0.36822916666666666 0.19907407407407407 0.017708333333333333
3 0.8208333333333334 0.2421875 0.30648148148148147 0.17291666666666666
7 0.7944444444444445 0.3541666666666667 0.22962962962962963 0.042708333333333334
7 0.7796296296296297 0.3911458333333333 0.2 0.017708333333333333
3 0.17777777777777778 0.5171875 0.3074074074074074 0.17291666666666666
7 0.14583333333333334 0.61796875 0.2175925925925926 0.0203125
7 0.10277777777777779 0.6427083333333333 0.13148148148148148 0.019791666666666666
3 0.49953703703703706 0.5171875 0.30648148148148147 0.17291666666666666
7 0.41944444444444445 0.61796875 0.12222222222222223 0.0203125
7 0.45416666666666666 0.6424479166666667 0.19166666666666668 0.019270833333333334
3 0.8208333333333334 0.5171875 0.30648148148148147 0.17291666666666666
7 0.7759259259259259 0.6283854166666667 0.1925925925925926 0.04114583333333333
7 0.7787037037037038 0.6645833333333333 0.19814814814814816 0.01875
3 0.17777777777777778 0.7921875 0.3074074074074074 0.17291666666666666
7 0.13194444444444445 0.9028645833333333 0.18981481481481483 0.04010416666666666
3 0.49953703703703706 0.7921875 0.30648148148148147 0.17291666666666666
7 0.47870370370370374 0.9020833333333333 0.24074074074074076 0.03854166666666667
3 0.8208333333333334 0.7921875 0.30648148148148147 0.17291666666666666
7 0.8148148148148149 0.9018229166666667 0.27037037037037037 0.03802083333333333
