7 0.15601851851851853 0.14869791666666665 0.24166666666666667 0.0265625
7 0.3388888888888889 0.17578125 0.6055555555555556 0.025520833333333333
6 0.9120370370370371 0.15833333333333333 0.09814814814814815 0.036458333333333336
7 0.2337962962962963 0.24947916666666667 0.39722222222222225 0.027083333333333334
7 0.1912037037037037 0.27682291666666664 0.3138888888888889 0.025520833333333333
7 0.21944444444444444 0.3494791666666667 0.3685185185185185 0.027083333333333334
7 0.19861111111111113 0.4239583333333333 0.33055555555555555 0.026041666666666668
7 0.2476851851851852 0.4536458333333333 0.4175925925925926 0.028125
2 0.06851851851851852 0.07057291666666667 0.05925925925925926 0.034895833333333334
7 0.4152777777777778 0.07265625 0.5509259259259259 0.0359375
