7 0.13148148148148148 0.1359375 0.2611111111111111 0.022916666666666665
7 0.10138888888888889 0.20572916666666666 0.20092592592592592 0.03333333333333333
7 0.0787037037037037 0.27421875 0.15555555555555556 0.0328125
7 0.0837962962962963 0.34479166666666666 0.16574074074074074 0.029166666666666667
7 0.10046296296296296 0.41432291666666665 0.19907407407407407 0.03177083333333333
7 0.10462962962962963 0.48333333333333334 0.20740740740740743 0.034375
7 0.09722222222222222 0.5544270833333333 0.1925925925925926 0.034895833333333334
7 0.12824074074074074 0.6244791666666667 0.25462962962962965 0.036458333333333336
7 0.10138888888888889 0.6934895833333333 0.19907407407407407 0.027604166666666666
7 0.08009259259259259 0.7630208333333334 0.15833333333333333 0.034375
7 0.08518518518518518 0.8359375 0.1685185185185185 0.034375
7 0.08055555555555556 0.903125 0.15925925925925927 0.03125
2 0.02592592592592593 0.06796875 0.05 0.04739583333333333
7 0.13518518518518519 0.06822916666666666 0.14444444444444446 0.05
7 0.3787037037037037 0.0671875 0.337037037037037 0.027083333333333334
7 0.9231481481481482 0.13411458333333334 0.05740740740740741 0.01614583333333333
7 0.9324074074074075 0.20416666666666666 0.0462962962962963 0.01875
7 0.9416666666666667 0.2739583333333333 0.024074074074074074 0.017708333333333333
7 0.9416666666666667 0.3442708333333333 0.022222222222222223 0.01875
7 0.9333333333333333 0.41380208333333335 0.0462962962962963 0.019270833333333334
7 0.9328703703703705 0.4825520833333333 0.04351851851851852 0.018229166666666668
7 0.9342592592592593 0.55390625 0.04259259259259259 0.0171875
7 0.9430555555555556 0.62421875 0.025 0.019270833333333334
7 0.9407407407407408 0.6950520833333333 0.022222222222222223 0.019270833333333334
7 0.9425925925925926 0.76484375 0.022222222222222223 0.018229166666666668
7 0.9324074074074075 0.8322916666666667 0.04259259259259259 0.017708333333333333
7 0.9421296296296297 0.903125 0.019444444444444445 0.016666666666666666
