3 0.14814814814814814 0.11614583333333334 0.21851851851851853 0.12291666666666666
3 0.45231481481481484 0.11614583333333334 0.21944444444444444 0.12291666666666666
3 0.7564814814814815 0.11614583333333334 0.21851851851851853 0.12291666666666666
3 0.14814814814814814 0.253125 0.21851851851851853 0.12291666666666666
3 0.45231481481481484 0.253125 0.21944444444444444 0.12291666666666666
3 0.7564814814814815 0.253125 0.21851851851851853 0.12291666666666666
3 0.14814814814814814 0.38958333333333334 0.21851851851851853 0.12291666666666666
3 0.45231481481481484 0.38958333333333334 0.21944444444444444 0.12291666666666666
3 0.7564814814814815 0.38958333333333334 0.21851851851851853 0.12291666666666666
3 0.14814814814814814 0.5263020833333333 0.21851851851851853 0.12343749999999999
3 0.45231481481481484 0.5263020833333333 0.21944444444444444 0.12343749999999999
3 0.7564814814814815 0.5263020833333333 0.21851851851851853 0.12343749999999999
3 0.14814814814814814 0.6630208333333333 0.21851851851851853 0.12291666666666666
3 0.45231481481481484 0.6630208333333333 0.21944444444444444 0.12291666666666666
3 0.7564814814814815 0.6630208333333333 0.21851851851851853 0.12291666666666666
3 0.14814814814814814 0.8 0.21851851851851853 0.12291666666666666
3 0.45231481481481484 0.8 0.21944444444444444 0.12291666666666666
3 0.7564814814814815 0.8 0.21851851851851853 0.12291666666666666
3 0.14814814814814814 0.8937499999999999 0.21851851851851853 0.0375
3 0.45231481481481484 0.8937499999999999 0.21944444444444444 0.0375
3 0.7564814814814815 0.8937499999999999 0.21851851851851853 0.0375
