2 0.12638888888888888 0.05911458333333333 0.0712962962962963 0.04010416666666666
2 0.375462962962963 0.058854166666666666 0.0712962962962963 0.041666666666666664
2 0.6236111111111111 0.06145833333333333 0.075 0.04479166666666667
2 0.8805555555555555 0.0609375 0.08148148148148149 0.040625
7 0.13194444444444445 0.11484375 0.26203703703703707 0.0296875
7 0.41435185185185186 0.11484375 0.18796296296296297 0.0296875
7 0.6699074074074074 0.11484375 0.2064814814814815 0.0296875
7 0.9009259259259259 0.11484375 0.1388888888888889 0.0296875
7 0.14722222222222223 0.17864583333333334 0.18888888888888888 0.026041666666666668
7 0.9175925925925926 0.17734375 0.08518518518518518 0.0265625
2 0.9750000000000001 0.17760416666666667 0.024074074074074074 0.013541666666666667
3 0.17500000000000002 0.28619791666666666 0.3092592592592593 0.17447916666666666
7 0.15092592592592594 0.3880208333333333 0.23703703703703705 0.020833333333333332
7 0.12731481481481483 0.41302083333333334 0.19722222222222224 0.015625
3 0.5 0.28619791666666666 0.3092592592592593 0.17447916666666666
7 0.4476851851851852 0.38828125 0.18055555555555555 0.021354166666666667
7 0.4550925925925926 0.4119791666666667 0.1953703703703704 0.019791666666666666
3 0.8250000000000001 0.28619791666666666 0.3092592592592593 0.17447916666666666
7 0.7777777777777778 0.38828125 0.1962962962962963 0.021354166666666667
7 0.7768518518518519 0.4114583333333333 0.18888888888888888 0.019791666666666666
7 0.13425925925925927 0.49140625 0.15 0.0296875
7 0.9175925925925926 0.490625 0.08518518518518518 0.027083333333333334
2 0.9750000000000001 0.4908854166666667 0.024074074074074074 0.0140625
3 0.17500000000000002 0.5994791666666667 0.3092592592592593 0.17395833333333333
7 0.1587962962962963 0.7135416666666666 0.25277777777777777 0.04479166666666667
7 0.1277777777777778 0.74765625 0.19444444444444445 0.018229166666666668
3 0.5 0.5994791666666667 0.3092592592592593 0.17395833333333333
7 0.4569444444444445 0.7125 0.19907407407407407 0.042708333333333334
7 0.4513888888888889 0.7481770833333333 0.19166666666666668 0.01614583333333333
3 0.8250000000000001 0.5994791666666667 0.3092592592592593 0.17395833333333333
7 0.8152777777777778 0.7127604166666667 0.2657407407407408 0.043229166666666666
7 0.7708333333333334 0.7473958333333334 0.18055555555555555 0.017708333333333333
7 0.12222222222222223 0.8044270833333333 0.1388888888888889 0.027604166666666666
7 0.9175925925925926 0.8039062499999999 0.08518518518518518 0.0265625
2 0.9750000000000001 0.8041666666666667 0.024074074074074074 0.013541666666666667
3 0.17500000000000002 0.8802083333333334 0.3092592592592593 0.10833333333333334
3 0.5 0.8802083333333334 0.3092592592592593 0.10833333333333334
3 0.8250000000000001 0.8802083333333334 0.3092592592592593 0.10833333333333334
