7 0.500925925925926 0.06432291666666666 0.23148148148148148 0.025520833333333333
7 0.05185185185185186 0.12552083333333333 0.07777777777777778 0.026041666666666668
2 0.9726851851851852 0.12578125 0.028703703703703703 0.024479166666666666
7 0.05185185185185186 0.184375 0.07777777777777778 0.026041666666666668
2 0.9726851851851852 0.18463541666666666 0.028703703703703703 0.024479166666666666
7 0.05185185185185186 0.24322916666666666 0.07777777777777778 0.026041666666666668
2 0.9726851851851852 0.24348958333333334 0.028703703703703703 0.024479166666666666
7 0.05185185185185186 0.30234375 0.07777777777777778 0.025520833333333333
2 0.9726851851851852 0.30234375 0.028703703703703703 0.024479166666666666
7 0.05185185185185186 0.3611979166666667 0.07777777777777778 0.025520833333333333
2 0.9726851851851852 0.3614583333333333 0.028703703703703703 0.025
7 0.05185185185185186 0.4203125 0.07777777777777778 0.026041666666666668
2 0.9726851851851852 0.4205729166666667 0.028703703703703703 0.024479166666666666
7 0.05185185185185186 0.47942708333333334 0.07777777777777778 0.025520833333333333
2 0.9726851851851852 0.47942708333333334 0.028703703703703703 0.024479166666666666
7 0.05185185185185186 0.53828125 0.07777777777777778 0.025520833333333333
2 0.9726851851851852 0.5385416666666667 0.028703703703703703 0.025
7 0.05185185185185186 0.5973958333333333 0.07777777777777778 0.026041666666666668
2 0.9726851851851852 0.59765625 0.028703703703703703 0.024479166666666666
7 0.05185185185185186 0.65625 0.07777777777777778 0.026041666666666668
2 0.9726851851851852 0.6565104166666667 0.028703703703703703 0.024479166666666666
7 0.05185185185185186 0.7151041666666667 0.07777777777777778 0.026041666666666668
2 0.9726851851851852 0.7153645833333333 0.028703703703703703 0.024479166666666666
7 0.05185185185185186 0.77421875 0.07777777777777778 0.025520833333333333
2 0.9726851851851852 0.77421875 0.028703703703703703 0.024479166666666666
7 0.05185185185185186 0.8330729166666666 0.07777777777777778 0.025520833333333333
2 0.9726851851851852 0.8333333333333334 0.028703703703703703 0.025
7 0.05185185185185186 0.8921875 0.07777777777777778 0.026041666666666668
2 0.9726851851851852 0.8924479166666667 0.028703703703703703 0.024479166666666666
