7 0.12824074074074074 0.075 0.18981481481481483 0.030208333333333334
2 0.9328703703703705 0.071875 0.06574074074074074 0.0375
7 0.1 0.12760416666666666 0.1388888888888889 0.02395833333333333
2 0.08842592592592594 0.17864583333333334 0.08611111111111111 0.05
7 0.23148148148148148 0.17890625 0.11111111111111112 0.0296875
2 0.08796296296296297 0.2557291666666667 0.09074074074074075 0.04791666666666666
7 0.24305555555555555 0.25703125 0.13425925925925927 0.0296875
7 0.13796296296296298 0.3328125 0.20370370370370372 0.025
2 0.09212962962962963 0.38359375 0.09907407407407408 0.05260416666666667
7 0.33935185185185185 0.384375 0.32685185185185184 0.029166666666666667
0 0.9217592592592593 0.3833333333333333 0.05462962962962963 0.03333333333333333
2 0.09027777777777778 0.4614583333333333 0.08981481481481482 0.051041666666666666
7 0.33472222222222225 0.46249999999999997 0.3175925925925926 0.029166666666666667
0 0.9236111111111112 0.46197916666666666 0.058333333333333334 0.03333333333333333
7 0.0763888888888889 0.5375 0.08611111111111111 0.025
2 0.08888888888888889 0.58984375 0.1 0.05260416666666667
7 0.38842592592592595 0.58984375 0.425 0.0296875
2 0.08935185185185185 0.6666666666666666 0.09722222222222222 0.05
7 0.32407407407407407 0.66796875 0.2962962962962963 0.0296875
2 0.09027777777777778 0.7447916666666666 0.08240740740740742 0.05
7 0.2490740740740741 0.74609375 0.1462962962962963 0.0296875
7 0.33240740740740743 0.82265625 0.587037037037037 0.0296875
7 0.40092592592592596 0.8976562499999999 0.7240740740740741 0.0296875
