7 0.8814814814814815 0.07239583333333333 0.09444444444444444 0.025
2 0.5 0.13802083333333334 0.11666666666666667 0.065625
7 0.46296296296296297 0.20182291666666666 0.875925925925926 0.0484375
7 0.1486111111111111 0.26666666666666666 0.23425925925925928 0.026041666666666668
6 0.9152777777777779 0.26510416666666664 0.08796296296296297 0.035416666666666666
7 0.08611111111111111 0.33046875 0.10740740740740741 0.024479166666666666
6 0.9157407407407407 0.32838541666666665 0.09444444444444444 0.034895833333333334
7 0.0837962962962963 0.39427083333333335 0.11018518518518519 0.02395833333333333
6 0.9148148148148149 0.39427083333333335 0.0962962962962963 0.034375
7 0.09722222222222222 0.4588541666666667 0.14074074074074075 0.02395833333333333
6 0.913888888888889 0.45651041666666664 0.0962962962962963 0.033854166666666664
7 0.1375 0.5221354166666666 0.2101851851851852 0.022395833333333334
6 0.9171296296296296 0.5239583333333333 0.09166666666666667 0.036458333333333336
7 0.12083333333333333 0.58828125 0.1824074074074074 0.027604166666666666
6 0.9148148148148149 0.58828125 0.09074074074074075 0.0390625
7 0.500462962962963 0.8955729166666666 0.13611111111111113 0.022395833333333334
