6 0.8731481481481482 0.06770833333333333 0.25 0.04375
0 0.8796296296296297 0.14166666666666666 0.05925925925925926 0.029166666666666667
0 0.8824074074074074 0.321875 0.05740740740740741 0.03333333333333333
0 0.8787037037037038 0.59375 0.05740740740740741 0.029166666666666667
2 0.015740740740740743 0.06614583333333333 0.024074074074074074 0.030208333333333334
2 0.06944444444444445 0.065625 0.08333333333333334 0.04791666666666666
7 0.35370370370370374 0.06875 0.4777777777777778 0.029166666666666667
7 0.24814814814814815 0.1453125 0.3888888888888889 0.053125
7 0.2518518518518519 0.23020833333333332 0.3925925925925926 0.058333333333333334
7 0.3824074074074074 0.32447916666666665 0.6574074074074074 0.078125
7 0.2388888888888889 0.42135416666666664 0.37777777777777777 0.059375
7 0.2138888888888889 0.5057291666666667 0.3277777777777778 0.057291666666666664
7 0.23333333333333334 0.5953125 0.3666666666666667 0.057291666666666664
7 0.26666666666666666 0.6828125 0.42962962962962964 0.05520833333333333
7 0.3666666666666667 0.7713541666666667 0.6296296296296297 0.059375
7 0.20740740740740743 0.8588541666666667 0.3111111111111111 0.053125
7 0.23055555555555557 0.9270833333333334 0.3574074074074074 0.016666666666666666
