7 0.29120370370370374 0.10651041666666666 0.46574074074074073 0.01614583333333333
7 0.2884259259259259 0.16041666666666665 0.4601851851851852 0.03333333333333333
7 0.22870370370370371 0.18984375 0.34074074074074073 0.025520833333333333
0 0.8814814814814815 0.17291666666666666 0.06666666666666667 0.03229166666666666
7 0.16805555555555557 0.23880208333333333 0.22870370370370371 0.027604166666666666
7 0.2902777777777778 0.2875 0.4638888888888889 0.03333333333333333
7 0.3995370370370371 0.3302083333333333 0.6898148148148149 0.052083333333333336
0 0.8814814814814815 0.3111979166666667 0.06296296296296297 0.0390625
7 0.19861111111111113 0.38229166666666664 0.287962962962963 0.029166666666666667
7 0.19768518518518519 0.43723958333333335 0.28425925925925927 0.028645833333333332
7 0.19907407407407407 0.4666666666666667 0.2888888888888889 0.02395833333333333
0 0.8833333333333334 0.44817708333333334 0.061111111111111116 0.034895833333333334
7 0.16435185185185186 0.5244791666666666 0.21203703703703705 0.03333333333333333
7 0.17083333333333334 0.5552083333333333 0.23611111111111113 0.022916666666666665
0 0.8787037037037038 0.5375 0.07777777777777778 0.04375
7 0.13564814814814816 0.6138020833333333 0.1675925925925926 0.025520833333333333
7 0.1527777777777778 0.6434895833333333 0.2 0.024479166666666666
0 0.8847222222222223 0.6270833333333333 0.06574074074074074 0.035416666666666666
7 0.19398148148148148 0.70078125 0.28055555555555556 0.0265625
7 0.19814814814814816 0.7317708333333334 0.28703703703703703 0.022916666666666665
0 0.8833333333333334 0.7145833333333333 0.06666666666666667 0.0375
7 0.18333333333333335 0.790625 0.26481481481481484 0.027083333333333334
7 0.1912037037037037 0.8195312499999999 0.26944444444444443 0.0234375
0 0.8824074074074074 0.8020833333333334 0.06481481481481481 0.036458333333333336
7 0.1449074074074074 0.88046875 0.1824074074074074 0.0296875
7 0.1574074074074074 0.90703125 0.19814814814814816 0.025520833333333333
0 0.8819444444444445 0.8890625 0.058333333333333334 0.0375
2 0.06851851851851852 0.065625 0.07777777777777778 0.04375
7 0.2601851851851852 0.065625 0.2851851851851852 0.03333333333333333
