7 0.15231481481481482 0.15364583333333334 0.20833333333333334 0.025
7 0.46064814814814814 0.20598958333333334 0.8324074074074075 0.08072916666666667
7 0.4935185185185185 0.2661458333333333 0.8907407407407407 0.03958333333333333
7 0.4851851851851852 0.32890625 0.8777777777777778 0.08072916666666667
7 0.16620370370370371 0.37916666666666665 0.1527777777777778 0.022916666666666665
7 0.2439814814814815 0.40338541666666666 0.3175925925925926 0.0203125
7 0.21666666666666667 0.42682291666666666 0.2518518518518519 0.021354166666666667
7 0.24351851851851852 0.45 0.30185185185185187 0.02395833333333333
7 0.2138888888888889 0.5 0.3314814814814815 0.021875
7 0.49444444444444446 0.53203125 0.8925925925925926 0.0421875
7 0.1675925925925926 0.5908854166666666 0.2388888888888889 0.0234375
7 0.48564814814814816 0.6541666666666667 0.887962962962963 0.10104166666666667
7 0.13148148148148148 0.075 0.19074074074074074 0.03229166666666666
7 0.500462962962963 0.8984375 0.3805555555555556 0.029166666666666667
