2 0.10277777777777779 0.15625 0.17962962962962964 0.09791666666666667
7 0.24537037037037038 0.13072916666666667 0.06481481481481481 0.021875
7 0.32592592592592595 0.15833333333333333 0.22222222222222224 0.022916666666666665
7 0.26203703703703707 0.18854166666666666 0.09444444444444444 0.025
7 0.9287037037037037 0.13177083333333334 0.07962962962962963 0.015625
7 0.9277777777777778 0.16666666666666666 0.08148148148148149 0.03125
2 0.06944444444444445 0.06458333333333333 0.07592592592592592 0.041666666666666664
7 0.2101851851851852 0.06979166666666667 0.18333333333333335 0.027083333333333334
2 0.9342592592592593 0.06614583333333333 0.06851851851851852 0.036458333333333336
2 0.7981481481481482 0.06614583333333333 0.06296296296296297 0.034375
2 0.1675925925925926 0.8890625 0.061111111111111116 0.026041666666666668
2 0.4990740740740741 0.8864583333333333 0.05 0.029166666666666667
2 0.8305555555555556 0.8885416666666667 0.06481481481481481 0.025
7 0.16481481481481483 0.9177083333333333 0.07407407407407407 0.01875
7 0.5 0.9166666666666666 0.10740740740740741 0.01875
7 0.8342592592592593 0.9182291666666667 0.07592592592592592 0.021875
