7 0.2449074074074074 0.14192708333333334 0.3731481481481482 0.0328125
7 0.23194444444444445 0.23020833333333332 0.3472222222222222 0.03333333333333333
7 0.2199074074074074 0.29765625 0.33055555555555555 0.027604166666666666
7 0.2 0.36302083333333335 0.2833333333333333 0.03333333333333333
7 0.3060185185185185 0.43255208333333334 0.4953703703703704 0.0328125
7 0.42962962962962964 0.484375 0.7425925925925926 0.07083333333333333
0 0.875925925925926 0.46901041666666665 0.05555555555555556 0.03802083333333333
7 0.25972222222222224 0.559375 0.4027777777777778 0.03333333333333333
7 0.3837962962962963 0.5888020833333333 0.6509259259259259 0.025520833333333333
7 0.26157407407407407 0.6473958333333333 0.4064814814814815 0.03333333333333333
7 0.4078703703703704 0.6768229166666666 0.6990740740740741 0.025520833333333333
7 0.1277777777777778 0.7356770833333334 0.1388888888888889 0.0328125
7 0.3944444444444445 0.7651041666666667 0.6722222222222223 0.026041666666666668
2 0.01990740740740741 0.065625 0.03796296296296296 0.021875
2 0.06851851851851852 0.065625 0.07777777777777778 0.04375
7 0.19675925925925927 0.065625 0.15833333333333333 0.03333333333333333
