2 0.07083333333333333 0.12760416666666666 0.06759259259259259 0.03854166666666667
7 0.2638888888888889 0.13151041666666666 0.19074074074074074 0.030729166666666665
7 0.05648148148148149 0.18125 0.07777777777777778 0.026041666666666668
2 0.07083333333333333 0.23567708333333334 0.06759259259259259 0.03802083333333333
7 0.36435185185185187 0.23671875 0.39166666666666666 0.03177083333333333
6 0.9180555555555556 0.23567708333333334 0.08981481481481482 0.0296875
2 0.07083333333333333 0.30546875 0.06759259259259259 0.03802083333333333
7 0.3615740740740741 0.30703125 0.3842592592592593 0.03177083333333333
6 0.9180555555555556 0.30546875 0.08981481481481482 0.0296875
2 0.07083333333333333 0.3755208333333333 0.06759259259259259 0.03854166666666667
7 0.34444444444444444 0.378125 0.3592592592592593 0.035416666666666666
6 0.9180555555555556 0.37526041666666665 0.08981481481481482 0.0296875
2 0.07083333333333333 0.4453125 0.06759259259259259 0.03854166666666667
7 0.26944444444444443 0.4471354166666667 0.21296296296296297 0.0296875
6 0.9180555555555556 0.4453125 0.08981481481481482 0.030208333333333334
2 0.07083333333333333 0.5151041666666667 0.06759259259259259 0.03854166666666667
7 0.225 0.51640625 0.11666666666666667 0.0296875
7 0.08750000000000001 0.5671875 0.1398148148148148 0.026041666666666668
2 0.07083333333333333 0.6213541666666667 0.06759259259259259 0.03854166666666667
7 0.3092592592592593 0.6223958333333334 0.2851851851851852 0.029166666666666667
2 0.07083333333333333 0.69140625 0.06759259259259259 0.03802083333333333
7 0.32962962962962966 0.6919270833333333 0.3462962962962963 0.030729166666666665
2 0.07083333333333333 0.7611979166666667 0.06759259259259259 0.03802083333333333
7 0.24305555555555555 0.7627604166666666 0.1638888888888889 0.0265625
7 0.49953703703703706 0.8205729166666667 0.19166666666666668 0.022395833333333334
2 0.029166666666666667 0.06484375 0.03981481481481482 0.03697916666666667
7 0.14907407407407408 0.06848958333333333 0.16481481481481483 0.0296875
7 0.5018518518518519 0.88125 0.19074074074074074 0.030208333333333334
