7 0.2796296296296296 0.11875 0.4814814814814815 0.029166666666666667
0 0.924537037037037 0.11927083333333333 0.06018518518518519 0.03333333333333333
7 0.14907407407407408 0.19375 0.22037037037037038 0.029166666666666667
7 0.1736111111111111 0.26875 0.26944444444444443 0.029166666666666667
0 0.9226851851851853 0.2682291666666667 0.0638888888888889 0.036458333333333336
7 0.2101851851851852 0.34375 0.3425925925925926 0.029166666666666667
7 0.40092592592592596 0.37135416666666665 0.7240740740740741 0.026041666666666668
0 0.9259259259259259 0.3572916666666667 0.06481481481481481 0.035416666666666666
7 0.24212962962962964 0.44453125 0.4064814814814815 0.0296875
7 0.3648148148148148 0.47239583333333335 0.6518518518518519 0.026041666666666668
0 0.9240740740740742 0.4578125 0.06296296296296297 0.035416666666666666
7 0.15972222222222224 0.06875 0.25462962962962965 0.027083333333333334
