7 0.10833333333333334 0.14192708333333334 0.1 0.0328125
7 0.28935185185185186 0.21145833333333333 0.4620370370370371 0.03333333333333333
7 0.487962962962963 0.2520833333333333 0.8592592592592593 0.04791666666666666
7 0.28194444444444444 0.3286458333333333 0.44722222222222224 0.03333333333333333
7 0.31203703703703706 0.39817708333333335 0.5074074074074074 0.0328125
7 0.42962962962962964 0.4388020833333333 0.7425925925925926 0.0484375
0 0.8805555555555555 0.42161458333333335 0.061111111111111116 0.03802083333333333
7 0.16111111111111112 0.496875 0.20555555555555557 0.03333333333333333
7 0.487962962962963 0.5708333333333333 0.8592592592592593 0.11458333333333333
7 0.2523148148148148 0.6619791666666667 0.38796296296296295 0.03333333333333333
7 0.487962962962963 0.7138020833333333 0.8592592592592593 0.0703125
7 0.2162037037037037 0.8013020833333333 0.31574074074074077 0.0328125
6 0.8125 0.8015625 0.2490740740740741 0.03854166666666667
7 0.29305555555555557 0.8895833333333333 0.46944444444444444 0.03333333333333333
2 0.06851851851851852 0.065625 0.07777777777777778 0.04375
7 0.29120370370370374 0.065625 0.3472222222222222 0.03333333333333333
7 0.7513888888888889 0.80234375 0.07314814814814816 0.018229166666666668
