5 0.8185185185185185 0.13125 0.06666666666666667 0.03333333333333333
5 0.8185185185185185 0.19479166666666667 0.05925925925925926 0.03333333333333333
5 0.8185185185185185 0.2583333333333333 0.05925925925925926 0.035416666666666666
5 0.8194444444444445 0.3203125 0.061111111111111116 0.036458333333333336
5 0.8185185185185185 0.384375 0.06666666666666667 0.03333333333333333
5 0.8175925925925926 0.4473958333333333 0.06481481481481481 0.036458333333333336
5 0.8166666666666667 0.5114583333333333 0.06296296296296297 0.035416666666666666
5 0.8185185185185185 0.575 0.05925925925925926 0.0375
5 0.8166666666666667 0.6375 0.06296296296296297 0.035416666666666666
5 0.8166666666666667 0.7005208333333334 0.06296296296296297 0.034375
5 0.8166666666666667 0.7635416666666667 0.05925925925925926 0.03958333333333333
5 0.8157407407407408 0.8265625 0.061111111111111116 0.034375
5 0.8185185185185185 0.890625 0.05925925925925926 0.0375
7 0.30185185185185187 0.07239583333333333 0.17037037037037037 0.026041666666666668
7 0.16018518518518518 0.13229166666666667 0.05 0.025
7 0.16018518518518518 0.1953125 0.05 0.021875
7 0.1564814814814815 0.2598958333333333 0.05 0.028125
7 0.1564814814814815 0.32135416666666666 0.04259259259259259 0.028125
7 0.1564814814814815 0.3854166666666667 0.04259259259259259 0.027083333333333334
7 0.1564814814814815 0.4479166666666667 0.03518518518518519 0.025
7 0.1564814814814815 0.509375 0.04259259259259259 0.03125
7 0.1574074074074074 0.575 0.040740740740740744 0.03333333333333333
7 0.1564814814814815 0.6390625 0.03518518518518519 0.030208333333333334
7 0.15555555555555556 0.7020833333333333 0.037037037037037035 0.025
7 0.15555555555555556 0.7635416666666667 0.040740740740740744 0.03125
7 0.17037037037037037 0.8286458333333333 0.05555555555555556 0.026041666666666668
7 0.16574074074074074 0.890625 0.053703703703703705 0.027083333333333334
2 0.17037037037037037 0.071875 0.07037037037037037 0.03125
2 0.8212962962962963 0.07083333333333333 0.07962962962962963 0.041666666666666664
