2 0.05740740740740741 0.06197916666666667 0.06296296296296297 0.046875
2 0.16944444444444445 0.06302083333333333 0.09814814814814815 0.04375
2 0.8356481481481481 0.06380208333333333 0.11018518518518519 0.06197916666666667
2 0.9453703703703704 0.06328125 0.10925925925925926 0.06197916666666667
7 0.06944444444444445 0.11197916666666667 0.13703703703703704 0.020833333333333332
7 0.19675925925925927 0.15963541666666667 0.3194444444444445 0.04010416666666666
7 0.2967592592592593 0.19244791666666666 0.5194444444444445 0.025520833333333333
7 0.08333333333333334 0.23307291666666666 0.14444444444444446 0.024479166666666666
7 0.32592592592592595 0.28203125 0.5777777777777778 0.04010416666666666
7 0.4666666666666667 0.3151041666666667 0.8592592592592593 0.026041666666666668
7 0.1439814814814815 0.37057291666666664 0.2138888888888889 0.04010416666666666
7 0.18611111111111112 0.4036458333333333 0.29814814814814816 0.026041666666666668
7 0.09953703703703703 0.44296874999999997 0.17500000000000002 0.022395833333333334
7 0.21203703703703705 0.49322916666666666 0.35000000000000003 0.040625
7 0.42685185185185187 0.5263020833333333 0.7796296296296297 0.025520833333333333
0 0.9296296296296297 0.50625 0.0925925925925926 0.065625
7 0.25925925925925924 0.5815104166666667 0.4444444444444445 0.04010416666666666
7 0.34814814814814815 0.6143229166666666 0.6222222222222222 0.025520833333333333
7 0.24537037037037038 0.66953125 0.4166666666666667 0.04010416666666666
7 0.32685185185185184 0.7026041666666667 0.5796296296296296 0.026041666666666668
7 0.28935185185185186 0.7580729166666667 0.5046296296296297 0.04010416666666666
7 0.45555555555555555 0.7911458333333333 0.837037037037037 0.026041666666666668
7 0.22037037037037038 0.8440104166666667 0.3666666666666667 0.04010416666666666
7 0.4527777777777778 0.8880208333333334 0.8314814814814815 0.04791666666666666
0 0.9296296296296297 0.8682291666666666 0.0925925925925926 0.065625
