7 0.3912037037037037 0.12317708333333333 0.6657407407407407 0.0328125
7 0.3462962962962963 0.16614583333333333 0.5796296296296296 0.04375
0 0.8814814814814815 0.14661458333333333 0.053703703703703705 0.0296875
7 0.17314814814814816 0.22760416666666666 0.22962962962962963 0.03333333333333333
7 0.3768518518518519 0.25703125 0.6370370370370371 0.025520833333333333
7 0.23796296296296296 0.315625 0.3592592592592593 0.03333333333333333
7 0.24305555555555555 0.3453125 0.36944444444444446 0.026041666666666668
7 0.13333333333333333 0.4041666666666667 0.15 0.03333333333333333
7 0.23240740740740742 0.43359375 0.34814814814814815 0.025520833333333333
7 0.1851851851851852 0.49244791666666665 0.2537037037037037 0.0328125
7 0.26851851851851855 0.521875 0.4203703703703704 0.026041666666666668
7 0.27175925925925926 0.5807291666666666 0.42685185185185187 0.03333333333333333
7 0.22453703703703703 0.61015625 0.33240740740740743 0.025520833333333333
7 0.23148148148148148 0.66875 0.3462962962962963 0.03333333333333333
7 0.24351851851851852 0.6984375 0.3703703703703704 0.026041666666666668
2 0.06851851851851852 0.065625 0.07777777777777778 0.04375
7 0.3791666666666667 0.065625 0.5231481481481481 0.03333333333333333
