7 0.5 0.059895833333333336 0.4703703703703704 0.026041666666666668
7 0.49074074074074076 0.5916666666666667 0.38703703703703707 0.05625
7 0.500462962962963 0.3671875 0.26203703703703707 0.03125
7 0.5 0.7888020833333333 0.1388888888888889 0.019270833333333334
7 0.2796296296296296 0.86953125 0.11666666666666667 0.021354166666666667
7 0.7185185185185186 0.8697916666666666 0.25 0.01875
2 0.5018518518518519 0.24713541666666666 0.09074074074074075 0.0484375
2 0.6819444444444445 0.30833333333333335 0.08981481481481482 0.04791666666666666
2 0.6828703703703703 0.41953124999999997 0.08796296296296297 0.04739583333333333
2 0.5023148148148149 0.47109375 0.08055555555555556 0.04739583333333333
2 0.3175925925925926 0.41953124999999997 0.08888888888888889 0.0453125
2 0.31712962962962965 0.30755208333333334 0.08796296296296297 0.0484375
