7 0.16481481481481483 0.06640625 0.26296296296296295 0.0234375
7 0.19444444444444445 0.11276041666666667 0.3148148148148148 0.04010416666666666
7 0.22870370370370371 0.14557291666666666 0.38333333333333336 0.025520833333333333
0 0.9370370370370371 0.12421875 0.05555555555555556 0.03177083333333333
7 0.32592592592592595 0.20182291666666666 0.5777777777777778 0.04010416666666666
7 0.26990740740740743 0.23489583333333333 0.46574074074074073 0.026041666666666668
0 0.9361111111111111 0.21432291666666667 0.061111111111111116 0.034895833333333334
7 0.2949074074074074 0.2908854166666667 0.5157407407407407 0.04010416666666666
7 0.27037037037037037 0.32369791666666664 0.4666666666666667 0.025520833333333333
0 0.937962962962963 0.30364583333333334 0.061111111111111116 0.03333333333333333
7 0.32037037037037036 0.37994791666666666 0.5666666666666667 0.04010416666666666
7 0.20787037037037037 0.41302083333333334 0.3416666666666667 0.026041666666666668
0 0.9375 0.3927083333333333 0.058333333333333334 0.03333333333333333
7 0.3560185185185185 0.46901041666666665 0.637962962962963 0.04010416666666666
7 0.23333333333333334 0.5018229166666667 0.3925925925925926 0.025520833333333333
0 0.9375 0.4822916666666667 0.058333333333333334 0.03229166666666666
7 0.18981481481481483 0.5580729166666667 0.3055555555555556 0.04010416666666666
7 0.2865740740740741 0.5911458333333334 0.4990740740740741 0.026041666666666668
0 0.937962962962963 0.5716145833333334 0.05740740740740741 0.03177083333333333
7 0.10648148148148148 0.63671875 0.1388888888888889 0.04010416666666666
7 0.19166666666666668 0.66953125 0.3092592592592593 0.025520833333333333
7 0.08564814814814815 0.72109375 0.10648148148148148 0.025520833333333333
7 0.41064814814814815 0.76171875 0.7472222222222222 0.04010416666666666
7 0.20555555555555557 0.8195312499999999 0.337037037037037 0.04010416666666666
7 0.10787037037037038 0.8778645833333333 0.14166666666666666 0.04010416666666666
7 0.09166666666666667 0.9252604166666667 0.10925925925925926 0.018229166666666668
