2 0.017592592592592594 0.06614583333333333 0.024074074074074074 0.03229166666666666
7 0.20185185185185187 0.0671875 0.12592592592592594 0.028125
7 0.625 0.06875 0.29074074074074074 0.025
2 0.8537037037037037 0.06614583333333333 0.05185185185185186 0.03229166666666666
2 0.07592592592592592 0.065625 0.0925925925925926 0.04583333333333333
7 0.08518518518518518 0.1171875 0.14814814814814814 0.021875
3 0.10833333333333334 0.18072916666666666 0.17592592592592593 0.096875
7 0.28703703703703703 0.18177083333333333 0.14074074074074075 0.02395833333333333
3 0.10925925925925926 0.27708333333333335 0.17407407407407408 0.09583333333333333
7 0.2990740740740741 0.2796875 0.16481481481481483 0.028125
3 0.10925925925925926 0.3729166666666667 0.17037037037037037 0.09583333333333333
7 0.3074074074074074 0.3734375 0.1814814814814815 0.02395833333333333
3 0.10833333333333334 0.4692708333333333 0.17222222222222222 0.09479166666666666
7 0.34074074074074073 0.46875 0.24814814814814815 0.022916666666666665
7 0.13055555555555556 0.5520833333333334 0.17592592592592593 0.027083333333333334
3 0.10925925925925926 0.9036458333333334 0.17407407407407408 0.059375
7 0.49444444444444446 0.9182291666666667 0.562962962962963 0.026041666666666668
3 0.10833333333333334 0.8260416666666667 0.17962962962962964 0.09375
7 0.4953703703703704 0.8260416666666667 0.5648148148148149 0.027083333333333334
3 0.10833333333333334 0.7296875 0.17222222222222222 0.09479166666666666
7 0.3527777777777778 0.7328125 0.2796296296296296 0.028125
3 0.10740740740740741 0.6328125 0.17037037037037037 0.096875
7 0.2888888888888889 0.634375 0.14814814814814814 0.03125
2 0.9527777777777778 0.06770833333333333 0.02777777777777778 0.027083333333333334
