6 0.9055555555555556 0.3567708333333333 0.07407407407407407 0.028125
6 0.9046296296296297 0.8 0.07592592592592592 0.027083333333333334
6 0.9092592592592593 0.8890625 0.07777777777777778 0.028125
2 0.0712962962962963 0.07083333333333333 0.0462962962962963 0.029166666666666667
2 0.9583333333333334 0.071875 0.031481481481481485 0.03125
2 0.8740740740740741 0.13854166666666667 0.07407407407407407 0.022916666666666665
2 0.6240740740740741 0.1390625 0.07407407407407407 0.040625
2 0.37592592592592594 0.13958333333333334 0.06666666666666667 0.035416666666666666
2 0.12407407407407407 0.13854166666666667 0.06666666666666667 0.03958333333333333
7 0.23055555555555557 0.18177083333333333 0.3277777777777778 0.02395833333333333
7 0.11851851851851852 0.26979166666666665 0.0962962962962963 0.027083333333333334
7 0.225 0.3567708333333333 0.31666666666666665 0.051041666666666666
7 0.2351851851851852 0.4239583333333333 0.3592592592592593 0.022916666666666665
7 0.4898148148148148 0.5125 0.8462962962962963 0.1125
7 0.27870370370370373 0.6234375 0.4203703703703704 0.046875
7 0.22777777777777777 0.7119791666666666 0.32592592592592595 0.04895833333333333
7 0.4083333333333333 0.8020833333333334 0.6722222222222223 0.05
7 0.35833333333333334 0.8895833333333333 0.5981481481481482 0.052083333333333336
7 0.30833333333333335 0.0734375 0.3388888888888889 0.03229166666666666
