7 0.5509259259259259 0.13385416666666666 0.11296296296296297 0.028125
7 0.5388888888888889 0.203125 0.08518518518518518 0.03125
7 0.6314814814814815 0.2713541666666667 0.26666666666666666 0.026041666666666668
7 0.638888888888889 0.34010416666666665 0.2888888888888889 0.02395833333333333
2 0.018518518518518517 0.06666666666666667 0.03333333333333333 0.03333333333333333
2 0.0787037037037037 0.06510416666666667 0.08703703703703704 0.046875
7 0.22685185185185186 0.065625 0.19074074074074074 0.027083333333333334
2 0.950925925925926 0.06770833333333333 0.0462962962962963 0.027083333333333334
7 0.10740740740740741 0.1171875 0.20370370370370372 0.026041666666666668
7 0.11574074074074074 0.1671875 0.1388888888888889 0.026041666666666668
7 0.12037037037037038 0.2359375 0.15185185185185185 0.028125
7 0.1388888888888889 0.30625 0.1925925925925926 0.029166666666666667
