7 0.27546296296296297 0.07317708333333334 0.2064814814814815 0.0328125
7 0.39490740740740743 0.15989583333333332 0.18796296296296297 0.028125
7 0.4189814814814815 0.2955729166666667 0.22314814814814815 0.027604166666666666
7 0.4532407407407408 0.4328125 0.2916666666666667 0.030208333333333334
7 0.4462962962962963 0.5705729166666667 0.29074074074074074 0.027604166666666666
7 0.4388888888888889 0.7075520833333333 0.27222222222222225 0.0296875
7 0.4587962962962963 0.84609375 0.30833333333333335 0.0328125
3 0.14583333333333334 0.16041666666666665 0.2490740740740741 0.10104166666666667
3 0.1449074074074074 0.2955729166666667 0.25092592592592594 0.10052083333333334
3 0.14675925925925926 0.4328125 0.25092592592592594 0.1
3 0.14444444444444446 0.5690104166666666 0.2518518518518519 0.1015625
3 0.14537037037037037 0.7067708333333333 0.2537037037037037 0.1
3 0.14537037037037037 0.8434895833333333 0.24814814814814815 0.09947916666666666
3 0.900462962962963 0.8731770833333333 0.14166666666666666 0.0796875
2 0.06666666666666667 0.071875 0.05555555555555556 0.027083333333333334
