2 0.021296296296296296 0.065625 0.024074074074074074 0.03333333333333333
7 0.20925925925925926 0.06822916666666666 0.14814814814814814 0.028125
2 0.07685185185185185 0.06510416666666667 0.09074074074074075 0.04479166666666667
3 0.10833333333333334 0.14166666666666666 0.1574074074074074 0.07083333333333333
7 0.2898148148148148 0.14427083333333332 0.12037037037037038 0.026041666666666668
3 0.10555555555555556 0.23177083333333334 0.15185185185185185 0.06354166666666666
7 0.3768518518518519 0.234375 0.29444444444444445 0.022916666666666665
3 0.10648148148148148 0.32135416666666666 0.1574074074074074 0.06770833333333333
7 0.30462962962962964 0.32395833333333335 0.15 0.025
3 0.10833333333333334 0.4067708333333333 0.1685185185185185 0.057291666666666664
7 0.3564814814814815 0.4109375 0.2611111111111111 0.026041666666666668
3 0.10555555555555556 0.5015625 0.15555555555555556 0.059375
7 0.2962962962962963 0.5020833333333333 0.13333333333333333 0.025
3 0.0962962962962963 0.765625 0.15185185185185185 0.08125
7 0.31574074074074077 0.76875 0.17592592592592593 0.022916666666666665
3 0.10185185185185186 0.6796875 0.15185185185185185 0.057291666666666664
7 0.3138888888888889 0.6817708333333333 0.17962962962962964 0.028125
3 0.10370370370370371 0.5911458333333334 0.16666666666666669 0.07604166666666666
7 0.28703703703703703 0.5901041666666667 0.12592592592592594 0.026041666666666668
2 0.9527777777777778 0.06614583333333333 0.031481481481481485 0.030208333333333334
