7 0.274537037037037 0.07291666666666667 0.26944444444444443 0.03125
2 0.06805555555555556 0.07161458333333333 0.058333333333333334 0.0328125
2 0.06574074074074074 0.14635416666666667 0.08333333333333334 0.046875
7 0.4444444444444445 0.1484375 0.6407407407407407 0.03229166666666666
2 0.06574074074074074 0.22161458333333334 0.08333333333333334 0.04635416666666667
7 0.3282407407407408 0.22395833333333334 0.39722222222222225 0.027083333333333334
2 0.06574074074074074 0.29713541666666665 0.08333333333333334 0.04635416666666667
7 0.39722222222222225 0.2986979166666667 0.5351851851851852 0.0296875
2 0.06574074074074074 0.3723958333333333 0.08333333333333334 0.046875
7 0.26851851851851855 0.3723958333333333 0.2796296296296296 0.02395833333333333
2 0.06574074074074074 0.44765625 0.08333333333333334 0.04635416666666667
7 0.3277777777777778 0.4484375 0.40555555555555556 0.026041666666666668
2 0.06574074074074074 0.5231770833333333 0.08333333333333334 0.04635416666666667
7 0.350462962962963 0.5252604166666667 0.45092592592592595 0.0265625
2 0.06574074074074074 0.5986979166666666 0.08333333333333334 0.04635416666666667
7 0.3314814814814815 0.6002604166666666 0.40925925925925927 0.025520833333333333
2 0.06574074074074074 0.67421875 0.08333333333333334 0.04635416666666667
7 0.5143518518518518 0.6755208333333333 0.775 0.027083333333333334
2 0.06574074074074074 0.7494791666666667 0.08333333333333334 0.046875
7 0.30324074074074076 0.7513020833333334 0.33425925925925926 0.027604166666666666
2 0.06574074074074074 0.8247395833333333 0.08333333333333334 0.04635416666666667
7 0.4939814814814815 0.8255208333333334 0.7305555555555556 0.027083333333333334
2 0.06574074074074074 0.9002604166666667 0.08333333333333334 0.04635416666666667
7 0.26944444444444443 0.903125 0.2796296296296296 0.028125
