7 0.32222222222222224 0.10208333333333333 0.24444444444444446 0.03229166666666666
7 0.3976851851851852 0.15546875 0.15462962962962964 0.034895833333333334
7 0.4356481481481482 0.21953124999999998 0.24166666666666667 0.03177083333333333
7 0.4324074074074074 0.2872395833333333 0.22777777777777777 0.0328125
7 0.45601851851851855 0.35130208333333335 0.27870370370370373 0.0328125
7 0.40324074074074073 0.4161458333333333 0.16944444444444445 0.03333333333333333
7 0.3944444444444445 0.4822916666666667 0.14814814814814814 0.03229166666666666
7 0.41574074074074074 0.5494791666666666 0.18888888888888888 0.03229166666666666
7 0.4199074074074074 0.6151041666666667 0.19166666666666668 0.028125
7 0.39212962962962966 0.6809895833333334 0.15092592592592594 0.030729166666666665
7 0.41620370370370374 0.7471354166666666 0.18611111111111112 0.033854166666666664
7 0.4291666666666667 0.8109375 0.2175925925925926 0.03125
7 0.5625 0.8734375 0.16203703703703703 0.02395833333333333
7 0.7476851851851852 0.8734375 0.0638888888888889 0.020833333333333332
5 0.23750000000000002 0.15338541666666666 0.062037037037037036 0.0328125
5 0.23796296296296296 0.21953124999999998 0.061111111111111116 0.033854166666666664
5 0.23611111111111113 0.28411458333333334 0.05740740740740741 0.030729166666666665
5 0.23842592592592593 0.3494791666666667 0.06018518518518519 0.034375
5 0.23935185185185187 0.4153645833333333 0.062037037037037036 0.03802083333333333
5 0.23703703703703705 0.4817708333333333 0.05925925925925926 0.03229166666666666
5 0.23750000000000002 0.5473958333333333 0.058333333333333334 0.03229166666666666
5 0.23796296296296296 0.6127604166666667 0.06296296296296297 0.0328125
5 0.2388888888888889 0.67890625 0.061111111111111116 0.0328125
5 0.23796296296296296 0.7447916666666666 0.061111111111111116 0.034375
5 0.23657407407407408 0.8111979166666666 0.06574074074074074 0.0328125
