7 0.19212962962962965 0.14713541666666666 0.3175925925925926 0.025520833333333333
7 0.16712962962962963 0.17708333333333334 0.27314814814814814 0.028125
7 0.1527777777777778 0.24869791666666666 0.2425925925925926 0.0296875
7 0.14120370370370372 0.2755208333333333 0.2101851851851852 0.02395833333333333
7 0.08703703703703704 0.34765625 0.0962962962962963 0.0296875
7 0.2726851851851852 0.37786458333333334 0.48055555555555557 0.025520833333333333
7 0.12314814814814816 0.4515625 0.17592592592592593 0.028125
7 0.3513888888888889 0.490625 0.6342592592592593 0.051041666666666666
7 0.21157407407407408 0.07239583333333333 0.13796296296296298 0.030208333333333334
2 0.0699074074074074 0.071875 0.05462962962962963 0.034375
