7 0.3962962962962963 0.09765625 0.5481481481481482 0.03697916666666667
0 0.15185185185185185 0.15911458333333334 0.04814814814814815 0.025520833333333333
0 0.1513888888888889 0.22421875 0.04722222222222222 0.027604166666666666
0 0.15046296296296297 0.2911458333333333 0.04537037037037037 0.025
0 0.15046296296296297 0.35520833333333335 0.04537037037037037 0.02395833333333333
0 0.1513888888888889 0.42083333333333334 0.04537037037037037 0.026041666666666668
0 0.15092592592592594 0.4875 0.04814814814814815 0.026041666666666668
0 0.15 0.553125 0.0462962962962963 0.025
0 0.1513888888888889 0.6182291666666666 0.049074074074074076 0.027083333333333334
0 0.15046296296296297 0.6841145833333333 0.04537037037037037 0.025520833333333333
0 0.1513888888888889 0.7497395833333333 0.04722222222222222 0.0265625
0 0.15231481481481482 0.8153645833333333 0.049074074074074076 0.0265625
7 0.6611111111111111 0.8739583333333333 0.13148148148148148 0.025
7 0.8365740740740741 0.8744791666666667 0.05462962962962963 0.02395833333333333
7 0.36388888888888893 0.16171875 0.2555555555555556 0.027604166666666666
7 0.3263888888888889 0.2265625 0.1787037037037037 0.027083333333333334
7 0.40972222222222227 0.29244791666666664 0.3527777777777778 0.0296875
7 0.4199074074074074 0.3580729166666667 0.375 0.028645833333333332
7 0.3365740740740741 0.4223958333333333 0.21203703703703705 0.026041666666666668
7 0.35879629629629634 0.48802083333333335 0.2564814814814815 0.029166666666666667
7 0.34490740740740744 0.5549479166666667 0.21944444444444444 0.0296875
7 0.350462962962963 0.61875 0.22685185185185186 0.030208333333333334
7 0.39537037037037037 0.6875 0.31851851851851853 0.030208333333333334
7 0.425 0.7513020833333334 0.37962962962962965 0.025520833333333333
7 0.36435185185185187 0.8153645833333333 0.26203703703703707 0.0265625
