7 0.0976851851851852 0.14375 0.125 0.022916666666666665
7 0.26944444444444443 0.19713541666666667 0.46481481481481485 0.03177083333333333
7 0.14722222222222223 0.22317708333333333 0.21666666666666667 0.025520833333333333
7 0.13611111111111113 0.29401041666666666 0.20555555555555557 0.0234375
7 0.13935185185185187 0.3453125 0.20092592592592592 0.030208333333333334
7 0.2847222222222222 0.3731770833333333 0.4916666666666667 0.025520833333333333
0 0.9231481481481482 0.3578125 0.05925925925925926 0.030208333333333334
7 0.09398148148148149 0.44609375 0.11018518518518519 0.0296875
7 0.2162037037037037 0.47369791666666666 0.35462962962962963 0.025520833333333333
0 0.9240740740740742 0.459375 0.05740740740740741 0.03125
7 0.10046296296296296 0.546875 0.12314814814814816 0.029166666666666667
7 0.22314814814814815 0.5744791666666667 0.3685185185185185 0.026041666666666668
0 0.9217592592592593 0.559375 0.05092592592592593 0.03333333333333333
7 0.26481481481481484 0.0734375 0.18333333333333335 0.035416666666666666
2 0.06851851851851852 0.07109375 0.05185185185185186 0.0296875
