2 0.06296296296296297 0.0640625 0.08888888888888889 0.053125
7 0.27222222222222225 0.1421875 0.08888888888888889 0.030208333333333334
3 0.11203703703703705 0.40572916666666664 0.11666666666666667 0.08020833333333333
3 0.11296296296296297 0.3171875 0.14814814814814814 0.08020833333333333
3 0.11574074074074074 0.14166666666666666 0.15 0.075
7 0.2898148148148148 0.23072916666666665 0.13518518518518519 0.028125
3 0.11296296296296297 0.23020833333333332 0.1814814814814815 0.08333333333333333
7 0.32962962962962966 0.3203125 0.20370370370370372 0.028125
3 0.11018518518518519 0.49166666666666664 0.17222222222222222 0.06666666666666667
7 0.34074074074074073 0.40625 0.22962962962962963 0.025
3 0.11481481481481481 0.5796875 0.14444444444444446 0.059375
7 0.32037037037037036 0.49583333333333335 0.1851851851851852 0.027083333333333334
3 0.11481481481481481 0.6677083333333333 0.14074074074074075 0.0625
7 0.2796296296296296 0.5817708333333333 0.11481481481481481 0.02395833333333333
7 0.3 0.9260416666666667 0.16666666666666669 0.014583333333333334
3 0.10740740740740741 0.9119791666666667 0.12962962962962962 0.040625
7 0.3055555555555556 0.8453125 0.16296296296296298 0.026041666666666668
3 0.12037037037037038 0.8453125 0.13333333333333333 0.08854166666666667
7 0.3074074074074074 0.7572916666666667 0.15925925925925927 0.025
3 0.11574074074074074 0.7578125 0.1462962962962963 0.08020833333333333
7 0.28240740740740744 0.6692708333333334 0.10925925925925926 0.021875
7 0.6240740740740741 0.0671875 0.2925925925925926 0.028125
2 0.8546296296296296 0.06510416666666667 0.053703703703703705 0.030208333333333334
2 0.9546296296296297 0.06614583333333333 0.03518518518518519 0.028125
