7 0.14027777777777778 0.14609375 0.20277777777777778 0.0296875
7 0.3685185185185185 0.17369791666666667 0.6592592592592593 0.025520833333333333
7 0.14722222222222223 0.24687499999999998 0.21666666666666667 0.029166666666666667
7 0.3106481481481482 0.27447916666666666 0.5435185185185185 0.026041666666666668
7 0.24351851851851852 0.34765625 0.40925925925925927 0.0296875
7 0.3902777777777778 0.3875 0.7027777777777778 0.04583333333333333
0 0.924537037037037 0.3716145833333333 0.06018518518518519 0.0328125
7 0.09907407407407408 0.46875 0.13333333333333333 0.026041666666666668
7 0.1712962962962963 0.5200520833333333 0.26481481481481484 0.0296875
7 0.34351851851851856 0.54765625 0.6092592592592593 0.025520833333333333
0 0.9222222222222223 0.5328125 0.061111111111111116 0.035416666666666666
7 0.2138888888888889 0.6205729166666667 0.35000000000000003 0.0296875
7 0.22916666666666669 0.6484375 0.3805555555555556 0.026041666666666668
7 0.11805555555555557 0.7197916666666666 0.1712962962962963 0.025
7 0.22268518518518518 0.7705729166666666 0.3675925925925926 0.0296875
7 0.3666666666666667 0.7984375 0.6555555555555556 0.026041666666666668
0 0.9208333333333334 0.78359375 0.062037037037037036 0.034895833333333334
7 0.17314814814814816 0.8716145833333333 0.26851851851851855 0.0296875
7 0.22870370370370371 0.89921875 0.37962962962962965 0.025520833333333333
2 0.06851851851851852 0.06979166666666667 0.05 0.03125
7 0.3421296296296296 0.0765625 0.40092592592592596 0.0375
