2 0.0925925925925926 0.07135416666666666 0.08518518518518518 0.040625
3 0.12407407407407407 0.18072916666666666 0.1 0.05520833333333333
3 0.12407407407407407 0.2828125 0.0962962962962963 0.053125
3 0.12222222222222223 0.3807291666666667 0.0962962962962963 0.057291666666666664
3 0.12407407407407407 0.48125 0.0925925925925926 0.052083333333333336
3 0.12314814814814816 0.5817708333333333 0.09444444444444444 0.053125
7 0.29074074074074074 0.07239583333333333 0.24444444444444446 0.03229166666666666
7 0.42592592592592593 0.16875 0.4740740740740741 0.025
7 0.3574074074074074 0.19739583333333333 0.32962962962962966 0.02395833333333333
7 0.34444444444444444 0.26875 0.3074074074074074 0.022916666666666665
7 0.3527777777777778 0.2984375 0.32407407407407407 0.021875
7 0.24814814814814815 0.3671875 0.11111111111111112 0.021875
7 0.35555555555555557 0.39791666666666664 0.32592592592592595 0.022916666666666665
7 0.42314814814814816 0.4671875 0.46111111111111114 0.02395833333333333
7 0.35185185185185186 0.4973958333333333 0.32592592592592595 0.021875
7 0.28055555555555556 0.5661458333333333 0.17592592592592593 0.021875
7 0.3574074074074074 0.5989583333333334 0.34074074074074073 0.01875
7 0.8731481481481482 0.1671875 0.12037037037037038 0.021875
7 0.8648148148148148 0.1984375 0.13333333333333333 0.026041666666666668
7 0.8685185185185186 0.2661458333333333 0.11481481481481481 0.019791666666666666
7 0.8648148148148148 0.29791666666666666 0.12592592592592594 0.025
7 0.8666666666666667 0.36666666666666664 0.11851851851851852 0.020833333333333332
7 0.862037037037037 0.39791666666666664 0.1277777777777778 0.025
7 0.8675925925925926 0.465625 0.10925925925925926 0.022916666666666665
7 0.862962962962963 0.496875 0.12592592592592594 0.022916666666666665
7 0.8657407407407408 0.5661458333333333 0.11666666666666667 0.021875
7 0.862037037037037 0.5984375 0.12407407407407407 0.02395833333333333
