2 0.07268518518518519 0.07682291666666667 0.05648148148148149 0.025520833333333333
7 0.4962962962962963 0.08255208333333333 0.2 0.0390625
7 0.4986111111111111 0.14088541666666665 0.1398148148148148 0.03802083333333333
7 0.1953703703703704 0.19661458333333334 0.32407407407407407 0.034895833333333334
7 0.26805555555555555 0.22916666666666666 0.4620370370370371 0.027083333333333334
0 0.9500000000000001 0.20625 0.08333333333333334 0.04791666666666666
7 0.3314814814814815 0.28489583333333335 0.5962962962962963 0.03958333333333333
7 0.29583333333333334 0.3171875 0.5175925925925926 0.025
0 0.950925925925926 0.29583333333333334 0.08333333333333334 0.04479166666666667
7 0.33796296296296297 0.37135416666666665 0.6074074074074074 0.040625
7 0.27083333333333337 0.40572916666666664 0.4675925925925926 0.025
0 0.950462962962963 0.38307291666666665 0.08055555555555556 0.0453125
7 0.17453703703703705 0.4622395833333333 0.28240740740740744 0.0359375
7 0.2972222222222222 0.49505208333333334 0.5148148148148148 0.0265625
7 0.22268518518518518 0.5520833333333334 0.3842592592592593 0.035416666666666666
7 0.4916666666666667 0.5934895833333333 0.9222222222222223 0.04739583333333333
7 0.3791666666666667 0.7466145833333333 0.6898148148148149 0.0390625
7 0.2689814814814815 0.7815104166666667 0.4601851851851852 0.0265625
0 0.9518518518518518 0.7580729166666667 0.07962962962962963 0.04635416666666667
