7 0.1638888888888889 0.24557291666666667 0.2537037037037037 0.03177083333333333
5 0.11064814814814815 0.48151041666666666 0.05462962962962963 0.0328125
5 0.1125 0.553125 0.05648148148148149 0.034375
5 0.1125 0.6247395833333333 0.05092592592592593 0.034895833333333334
7 0.16805555555555557 0.890625 0.25833333333333336 0.028125
2 0.08240740740740742 0.77578125 0.08703703703703704 0.049479166666666664
7 0.24027777777777778 0.7794270833333333 0.1638888888888889 0.034895833333333334
2 0.32546296296296295 0.1265625 0.04351851851851852 0.025
2 0.4416666666666667 0.12578125 0.03888888888888889 0.022395833333333334
2 0.5592592592592592 0.12630208333333334 0.031481481481481485 0.019270833333333334
2 0.6759259259259259 0.12604166666666666 0.03518518518518519 0.019791666666666666
7 0.05555555555555556 0.17239583333333333 0.05185185185185186 0.026041666666666668
2 0.6412037037037037 0.17317708333333334 0.032407407407407406 0.025520833333333333
2 0.06712962962962964 0.07109375 0.05277777777777778 0.027604166666666666
2 0.9425925925925926 0.07239583333333333 0.061111111111111116 0.035416666666666666
7 0.3189814814814815 0.07473958333333333 0.3601851851851852 0.0328125
7 0.7199074074074074 0.171875 0.1212962962962963 0.019791666666666666
2 0.8569444444444445 0.17265625 0.03981481481481482 0.025520833333333333
7 0.3365740740740741 0.4796875 0.33425925925925926 0.026041666666666668
7 0.40324074074074073 0.5541666666666667 0.4638888888888889 0.02395833333333333
7 0.37777777777777777 0.628125 0.412962962962963 0.028125
7 0.44074074074074077 0.77578125 0.10185185185185186 0.019270833333333334
7 0.8458333333333333 0.89140625 0.18611111111111112 0.022395833333333334
