7 0.44074074074074077 0.26171875 0.8092592592592593 0.06302083333333333
5 0.11111111111111112 0.45989583333333334 0.05555555555555556 0.03125
5 0.11203703703703705 0.5328125 0.053703703703703705 0.030208333333333334
5 0.11157407407407408 0.6057291666666667 0.05462962962962963 0.03125
5 0.11203703703703705 0.6776041666666667 0.05555555555555556 0.03125
7 0.05555555555555556 0.17239583333333333 0.05185185185185186 0.026041666666666668
2 0.06620370370370371 0.071875 0.05092592592592593 0.030208333333333334
2 0.9412037037037038 0.06927083333333334 0.07685185185185185 0.036458333333333336
7 0.3092592592592593 0.07057291666666667 0.337037037037037 0.028645833333333332
7 0.2111111111111111 0.4635416666666667 0.08888888888888889 0.026041666666666668
7 0.2555555555555556 0.5333333333333333 0.17037037037037037 0.027083333333333334
7 0.23194444444444445 0.6091145833333333 0.1287037037037037 0.024479166666666666
7 0.27314814814814814 0.68046875 0.20555555555555557 0.021354166666666667
2 0.32592592592592595 0.12447916666666667 0.031481481481481485 0.019791666666666666
2 0.4430555555555556 0.12473958333333333 0.030555555555555558 0.024479166666666666
2 0.5578703703703703 0.12395833333333334 0.028703703703703703 0.02395833333333333
2 0.675462962962963 0.12473958333333333 0.032407407407407406 0.024479166666666666
2 0.6402777777777778 0.17213541666666665 0.03425925925925926 0.0265625
2 0.8564814814814815 0.17109375 0.040740740740740744 0.028645833333333332
7 0.7199074074074074 0.17135416666666667 0.11944444444444445 0.020833333333333332
7 0.9277777777777778 0.17265625 0.09814814814814815 0.0171875
7 0.8444444444444444 0.8919270833333334 0.1277777777777778 0.021354166666666667
