2 0.9388888888888889 0.07005208333333333 0.05555555555555556 0.033854166666666664
2 0.06712962962962964 0.07057291666666667 0.062037037037037036 0.0328125
7 0.2490740740740741 0.07604166666666666 0.17407407407407408 0.035416666666666666
7 0.17592592592592593 0.14375 0.2555555555555556 0.025
7 0.25416666666666665 0.19375 0.3731481481481482 0.029166666666666667
0 0.9143518518518519 0.1921875 0.062037037037037036 0.03333333333333333
7 0.09305555555555556 0.24921875 0.09351851851851853 0.0234375
7 0.2013888888888889 0.30416666666666664 0.2675925925925926 0.025
7 0.11898148148148148 0.36953125 0.09537037037037037 0.025520833333333333
7 0.2800925925925926 0.43463541666666666 0.4175925925925926 0.024479166666666666
7 0.21296296296296297 0.49921875 0.27592592592592596 0.027604166666666666
7 0.2449074074074074 0.5666666666666667 0.3453703703703704 0.026041666666666668
7 0.18194444444444446 0.6322916666666667 0.2175925925925926 0.025
7 0.5018518518518519 0.70390625 0.1574074074074074 0.024479166666666666
