0 0.9240740740740742 0.14583333333333334 0.05925925925925926 0.03125
0 0.9231481481481482 0.21302083333333333 0.053703703703703705 0.03229166666666666
0 0.9231481481481482 0.2796875 0.05740740740740741 0.028125
0 0.9240740740740742 0.34739583333333335 0.05925925925925926 0.030208333333333334
0 0.9231481481481482 0.41510416666666666 0.05740740740740741 0.030208333333333334
0 0.9231481481481482 0.4817708333333333 0.05740740740740741 0.030208333333333334
0 0.9240740740740742 0.5489583333333333 0.05925925925925926 0.03125
0 0.9231481481481482 0.615625 0.053703703703703705 0.029166666666666667
0 0.9231481481481482 0.6833333333333333 0.053703703703703705 0.029166666666666667
0 0.9212962962962963 0.75 0.05 0.03125
0 0.9231481481481482 0.8161458333333333 0.05 0.026041666666666668
2 0.06759259259259259 0.0703125 0.053703703703703705 0.026041666666666668
7 0.45 0.07291666666666667 0.6148148148148148 0.029166666666666667
7 0.06296296296296297 0.146875 0.06296296296296297 0.020833333333333332
7 0.125 0.21510416666666665 0.18703703703703706 0.028125
7 0.11851851851851852 0.28020833333333334 0.16666666666666669 0.022916666666666665
7 0.10648148148148148 0.34791666666666665 0.1574074074074074 0.025
7 0.12037037037037038 0.41510416666666666 0.17777777777777778 0.026041666666666668
7 0.11203703703703705 0.4828125 0.16111111111111112 0.026041666666666668
7 0.10648148148148148 0.5489583333333333 0.15 0.022916666666666665
7 0.10277777777777779 0.6171875 0.13518518518518519 0.021875
7 0.1574074074074074 0.6864583333333333 0.25925925925925924 0.029166666666666667
7 0.13333333333333333 0.7510416666666666 0.20370370370370372 0.022916666666666665
7 0.09074074074074075 0.8177083333333334 0.12222222222222223 0.022916666666666665
7 0.500925925925926 0.8807291666666667 0.22777777777777777 0.034375
