2 0.07407407407407407 0.07994791666666666 0.053703703703703705 0.0265625
7 0.49768518518518523 0.08203125 0.20092592592592592 0.04010416666666666
7 0.5018518518518519 0.14010416666666667 0.15925925925925927 0.028125
7 0.22685185185185186 0.19661458333333334 0.3740740740740741 0.033854166666666664
7 0.2662037037037037 0.2265625 0.4527777777777778 0.026041666666666668
7 0.18101851851851852 0.2828125 0.28240740740740744 0.03854166666666667
7 0.26851851851851855 0.3169270833333333 0.45925925925925926 0.025520833333333333
0 0.9518518518518518 0.29401041666666666 0.08703703703703704 0.0515625
7 0.2689814814814815 0.3833333333333333 0.46944444444444444 0.036458333333333336
0 0.950462962962963 0.384375 0.08425925925925926 0.04791666666666666
7 0.1550925925925926 0.4765625 0.24537037037037038 0.040625
7 0.25462962962962965 0.5505208333333333 0.4444444444444445 0.0375
7 0.2990740740740741 0.5828125 0.5203703703703704 0.027083333333333334
7 0.16666666666666669 0.6390625 0.26666666666666666 0.03958333333333333
7 0.2962962962962963 0.6713541666666667 0.5148148148148148 0.027083333333333334
7 0.19722222222222224 0.7411458333333333 0.32037037037037036 0.03854166666666667
7 0.45462962962962966 0.8338541666666667 0.8462962962962963 0.07604166666666666
7 0.39305555555555555 0.8927083333333333 0.7101851851851853 0.046875
0 0.9527777777777778 0.8533854166666667 0.07777777777777778 0.0453125
