3 0.25972222222222224 0.18333333333333332 0.4416666666666667 0.14791666666666667
7 0.1337962962962963 0.2838541666666667 0.18981481481481483 0.021875
3 0.7402777777777778 0.18333333333333332 0.4416666666666667 0.14791666666666667
7 0.7064814814814815 0.28359375 0.3740740740740741 0.022395833333333334
3 0.25972222222222224 0.40963541666666664 0.4416666666666667 0.1859375
7 0.08009259259259259 0.528125 0.08240740740740742 0.02395833333333333
3 0.7402777777777778 0.40963541666666664 0.4416666666666667 0.1859375
7 0.5745370370370371 0.5286458333333334 0.11018518518518519 0.022916666666666665
3 0.25972222222222224 0.6552083333333333 0.4416666666666667 0.18645833333333334
7 0.18703703703703706 0.7744791666666666 0.2962962962962963 0.022916666666666665
3 0.7402777777777778 0.6552083333333333 0.4416666666666667 0.18645833333333334
7 0.6541666666666667 0.7739583333333333 0.26944444444444443 0.02395833333333333
3 0.25972222222222224 0.87109375 0.4416666666666667 0.1265625
3 0.7402777777777778 0.87109375 0.4416666666666667 0.1265625
7 0.28935185185185186 0.07526041666666666 0.23796296296296296 0.030729166666666665
7 0.9375 0.071875 0.09722222222222222 0.027083333333333334
2 0.07268518518518519 0.07057291666666667 0.062037037037037036 0.030729166666666665
