6 0.9041666666666667 0.15546875 0.09537037037037037 0.03802083333333333
7 0.2138888888888889 0.2 0.3314814814814815 0.020833333333333332
6 0.9050925925925927 0.2830729166666667 0.09351851851851853 0.0359375
7 0.41435185185185186 0.3385416666666667 0.7324074074074074 0.04583333333333333
6 0.9055555555555556 0.4341145833333333 0.0925925925925926 0.0359375
7 0.44537037037037036 0.4778645833333333 0.7944444444444445 0.0234375
7 0.1564814814814815 0.565625 0.21666666666666667 0.030208333333333334
7 0.10370370370370371 0.6049479166666667 0.11111111111111112 0.025520833333333333
7 0.22083333333333335 0.6919270833333333 0.3453703703703704 0.0328125
7 0.37777777777777777 0.7325520833333333 0.6592592592592593 0.025520833333333333
7 0.7643518518518518 0.77890625 0.33240740740740743 0.027604166666666666
2 0.06898148148148149 0.06979166666666667 0.0638888888888889 0.03125
7 0.23472222222222222 0.07369791666666667 0.18425925925925926 0.0328125
7 0.12314814814814816 0.15677083333333333 0.15555555555555556 0.028125
7 0.24444444444444446 0.28489583333333335 0.3944444444444445 0.026041666666666668
7 0.25 0.4354166666666667 0.40740740740740744 0.028125
