7 0.2657407407407408 0.075 0.1851851851851852 0.034375
2 0.06620370370370371 0.07005208333333333 0.05462962962962963 0.030729166666666665
7 0.16342592592592592 0.17578125 0.2490740740740741 0.0296875
7 0.16805555555555557 0.20364583333333333 0.25833333333333336 0.026041666666666668
7 0.11712962962962964 0.27369791666666665 0.17314814814814816 0.024479166666666666
7 0.17314814814814816 0.32578125 0.26851851851851855 0.0296875
7 0.28101851851851856 0.3536458333333333 0.4842592592592593 0.026041666666666668
0 0.9226851851851853 0.33880208333333334 0.058333333333333334 0.0328125
7 0.2625 0.4265625 0.44722222222222224 0.030208333333333334
7 0.26342592592592595 0.4544270833333333 0.44907407407407407 0.025520833333333333
0 0.9231481481481482 0.43984375 0.05555555555555556 0.03177083333333333
7 0.1851851851851852 0.52734375 0.2925925925925926 0.0296875
0 0.9226851851851853 0.52734375 0.058333333333333334 0.030729166666666665
7 0.13611111111111113 0.5994791666666667 0.20740740740740743 0.02395833333333333
7 0.13240740740740742 0.6515625 0.18703703703703706 0.030208333333333334
7 0.4388888888888889 0.6794270833333333 0.8 0.025520833333333333
0 0.9240740740740742 0.6653645833333334 0.05555555555555556 0.03177083333333333
7 0.19074074074074074 0.75234375 0.3037037037037037 0.0296875
7 0.40370370370370373 0.7799479166666666 0.7296296296296296 0.025520833333333333
0 0.9240740740740742 0.765625 0.061111111111111116 0.03229166666666666
7 0.20740740740740743 0.853125 0.337037037037037 0.029166666666666667
7 0.0625 0.8807291666666667 0.04722222222222222 0.026041666666666668
