7 0.21481481481481482 0.07239583333333333 0.14814814814814814 0.030208333333333334
7 0.8851851851851852 0.07239583333333333 0.21481481481481482 0.021875
7 0.2101851851851852 0.15208333333333332 0.37962962962962965 0.027083333333333334
7 0.2351851851851852 0.2359375 0.42962962962962964 0.026041666666666668
7 0.23240740740740742 0.3203125 0.4314814814814815 0.030208333333333334
7 0.1787037037037037 0.40260416666666665 0.3277777777777778 0.026041666666666668
7 0.1814814814814815 0.4869791666666667 0.32592592592592595 0.028125
7 0.20925925925925926 0.5703125 0.3814814814814815 0.028125
7 0.23148148148148148 0.653125 0.4222222222222222 0.027083333333333334
7 0.22685185185185186 0.7364583333333333 0.4203703703703704 0.025
7 0.15462962962962964 0.821875 0.2796296296296296 0.025
7 0.23611111111111113 0.9046875 0.4277777777777778 0.028125
2 0.0712962962962963 0.07291666666666667 0.053703703703703705 0.027083333333333334
7 0.850925925925926 0.15052083333333333 0.05 0.021875
7 0.8555555555555556 0.23333333333333334 0.17407407407407408 0.016666666666666666
7 0.8546296296296296 0.3177083333333333 0.17222222222222222 0.016666666666666666
7 0.8546296296296296 0.4015625 0.1685185185185185 0.021875
7 0.850925925925926 0.484375 0.1685185185185185 0.016666666666666666
7 0.8537037037037037 0.56875 0.16666666666666669 0.01875
7 0.8555555555555556 0.6515625 0.17037037037037037 0.019791666666666666
7 0.8527777777777779 0.7359375 0.17222222222222222 0.017708333333333333
7 0.8527777777777779 0.8197916666666667 0.1685185185185185 0.016666666666666666
7 0.8564814814814815 0.9036458333333334 0.1685185185185185 0.017708333333333333
