3 0.24722222222222223 0.25729166666666664 0.49259259259259264 0.21041666666666667
7 0.24814814814814815 0.3859375 0.48888888888888893 0.019791666666666666
3 0.7462962962962963 0.25625 0.5074074074074074 0.21354166666666666
7 0.7458333333333333 0.38619791666666664 0.4064814814814815 0.018229166666666668
3 0.25092592592592594 0.53671875 0.5 0.20885416666666667
7 0.25277777777777777 0.6651041666666666 0.4981481481481482 0.021875
3 0.7486111111111111 0.5385416666666667 0.49722222222222223 0.21458333333333332
7 0.7472222222222222 0.6651041666666666 0.4981481481481482 0.021875
3 0.24814814814814815 0.8135416666666666 0.49444444444444446 0.20104166666666667
3 0.7490740740740741 0.7942708333333334 0.5018518518518519 0.23020833333333332
7 0.2189814814814815 0.07239583333333333 0.16018518518518518 0.029166666666666667
2 0.07268518518518519 0.07083333333333333 0.049074074074074076 0.028125
2 0.8277777777777778 0.07239583333333333 0.06666666666666667 0.035416666666666666
2 0.9416666666666667 0.071875 0.06296296296296297 0.034375
7 0.49953703703703706 0.9255208333333333 0.33611111111111114 0.017708333333333333
