7 0.1638888888888889 0.12916666666666665 0.2111111111111111 0.03333333333333333
7 0.3939814814814815 0.15859375 0.6712962962962963 0.025520833333333333
0 0.8833333333333334 0.14114583333333333 0.06296296296296297 0.03229166666666666
7 0.22592592592592595 0.21744791666666666 0.3351851851851852 0.0328125
7 0.10138888888888889 0.24687499999999998 0.08611111111111111 0.026041666666666668
7 0.21666666666666667 0.30572916666666666 0.31666666666666665 0.03333333333333333
7 0.09166666666666667 0.33515625 0.06666666666666667 0.025520833333333333
7 0.2550925925925926 0.39375 0.39351851851851855 0.03333333333333333
2 0.06805555555555556 0.065625 0.08055555555555556 0.04375
7 0.22870370370370371 0.065625 0.22037037037037038 0.029166666666666667
7 0.11527777777777778 0.42473958333333334 0.1175925925925926 0.0234375
