7 0.2796296296296296 0.07213541666666666 0.22037037037037038 0.027604166666666666
2 0.06851851851851852 0.071875 0.05740740740740741 0.03125
7 0.250462962962963 0.14296875 0.1824074074074074 0.025520833333333333
7 0.750462962962963 0.14427083333333332 0.25092592592592594 0.025
7 0.10787037037037038 0.21015625 0.14537037037037037 0.0234375
3 0.12638888888888888 0.27890625 0.17500000000000002 0.0765625
7 0.3148148148148148 0.28151041666666665 0.12407407407407407 0.024479166666666666
3 0.12638888888888888 0.35546875 0.17500000000000002 0.0765625
7 0.3574074074074074 0.3572916666666667 0.20925925925925926 0.026041666666666668
3 0.12638888888888888 0.43203125 0.17500000000000002 0.0765625
7 0.35185185185185186 0.4348958333333333 0.20555555555555557 0.025
3 0.12638888888888888 0.50859375 0.17500000000000002 0.0765625
7 0.34861111111111115 0.50859375 0.19166666666666668 0.0296875
3 0.12638888888888888 0.58515625 0.17500000000000002 0.0765625
7 0.4189814814814815 0.5869791666666666 0.33240740740740743 0.026041666666666668
3 0.12638888888888888 0.66171875 0.17500000000000002 0.0765625
7 0.35833333333333334 0.6625 0.2111111111111111 0.028125
3 0.12638888888888888 0.73828125 0.17500000000000002 0.0765625
7 0.3592592592592593 0.7403645833333333 0.21296296296296297 0.025520833333333333
3 0.12638888888888888 0.81484375 0.17500000000000002 0.0765625
7 0.3300925925925926 0.8156249999999999 0.15462962962962964 0.028125
3 0.12638888888888888 0.89140625 0.17500000000000002 0.0765625
7 0.3439814814814815 0.8924479166666667 0.1824074074074074 0.027604166666666666
