6 0.9046296296296297 0.23177083333333334 0.10185185185185186 0.034375
6 0.8861111111111112 0.28802083333333334 0.09814814814814815 0.036458333333333336
6 0.9009259259259259 0.34322916666666664 0.09074074074074075 0.034375
6 0.9009259259259259 0.4 0.09074074074074075 0.03125
6 0.9046296296296297 0.45625 0.09444444444444444 0.03333333333333333
6 0.9 0.5125 0.0962962962962963 0.03333333333333333
2 0.4990740740740741 0.0828125 0.23148148148148148 0.05520833333333333
7 0.48888888888888893 0.15885416666666666 0.9333333333333333 0.06979166666666667
7 0.1814814814814815 0.23072916666666665 0.13703703703703704 0.019791666666666666
7 0.16666666666666669 0.2890625 0.1 0.02395833333333333
7 0.17222222222222222 0.34270833333333334 0.11111111111111112 0.01875
7 0.1527777777777778 0.4005208333333333 0.07222222222222223 0.02395833333333333
7 0.20555555555555557 0.4588541666666667 0.1814814814814815 0.02395833333333333
7 0.1685185185185185 0.5135416666666667 0.10740740740740741 0.022916666666666665
7 0.500925925925926 0.578125 0.5981481481481482 0.022916666666666665
2 0.07592592592592592 0.23124999999999998 0.07037037037037037 0.0375
2 0.07592592592592592 0.28541666666666665 0.07037037037037037 0.041666666666666664
2 0.07407407407407407 0.34010416666666665 0.07407407407407407 0.04479166666666667
2 0.07777777777777778 0.39947916666666666 0.05925925925925926 0.036458333333333336
2 0.07685185185185185 0.4552083333333333 0.05740740740740741 0.03958333333333333
2 0.07592592592592592 0.5114583333333333 0.07037037037037037 0.03958333333333333
7 0.5 0.6442708333333333 0.10740740740740741 0.019791666666666666
