7 0.17777777777777778 0.07135416666666666 0.2851851851851852 0.030208333333333334
7 0.33425925925925926 0.18072916666666666 0.1388888888888889 0.059375
7 0.33611111111111114 0.3307291666666667 0.15 0.05520833333333333
7 0.33333333333333337 0.48020833333333335 0.13703703703703704 0.05416666666666667
7 0.3527777777777778 0.6270833333333333 0.18333333333333335 0.05416666666666667
7 0.3314814814814815 0.7770833333333333 0.13333333333333333 0.05416666666666667
7 0.337037037037037 0.9119791666666667 0.15185185185185185 0.030208333333333334
3 0.13240740740740742 0.18697916666666667 0.23148148148148148 0.13229166666666667
3 0.13611111111111113 0.33125 0.2351851851851852 0.12708333333333333
3 0.13611111111111113 0.48802083333333335 0.21666666666666667 0.11145833333333333
3 0.12685185185185185 0.6286458333333333 0.2351851851851852 0.12395833333333334
3 0.13611111111111113 0.7770833333333333 0.20185185185185187 0.14166666666666666
3 0.13425925925925927 0.896875 0.17962962962962964 0.075
2 0.9481481481481482 0.07083333333333333 0.02592592592592593 0.03125
