2 0.06666666666666667 0.0703125 0.06296296296296297 0.034375
2 0.7972222222222223 0.06953125 0.05555555555555556 0.04010416666666666
2 0.9300925925925926 0.06979166666666667 0.08240740740740742 0.04583333333333333
7 0.35370370370370374 0.07083333333333333 0.3574074074074074 0.036458333333333336
7 0.18472222222222223 0.15052083333333333 0.2916666666666667 0.028125
7 0.23981481481481481 0.23124999999999998 0.40185185185185185 0.026041666666666668
7 0.20416666666666666 0.3143229166666667 0.33055555555555555 0.027604166666666666
7 0.15185185185185185 0.39765625 0.22592592592592595 0.030729166666666665
7 0.15231481481481482 0.4796875 0.22685185185185186 0.030208333333333334
7 0.3851851851851852 0.5598958333333334 0.6925925925925926 0.027083333333333334
7 0.2087962962962963 0.6434895833333333 0.33981481481481485 0.0296875
7 0.20324074074074075 0.72578125 0.3287037037037037 0.030729166666666665
7 0.11064814814814815 0.8067708333333333 0.14351851851851852 0.028125
7 0.18611111111111112 0.8898437499999999 0.29444444444444445 0.030729166666666665
