2 0.07037037037037037 0.07083333333333333 0.06296296296296297 0.029166666666666667
2 0.9453703703703704 0.07239583333333333 0.061111111111111116 0.036458333333333336
7 0.20740740740740743 0.07291666666666667 0.13703703703703704 0.029166666666666667
7 0.14074074074074075 0.14947916666666666 0.22592592592592595 0.028125
7 0.1462962962962963 0.22604166666666667 0.22962962962962963 0.03333333333333333
7 0.10833333333333334 0.3026041666666667 0.16111111111111112 0.03229166666666666
7 0.09537037037037037 0.3802083333333333 0.1388888888888889 0.03125
7 0.13333333333333333 0.4583333333333333 0.2 0.027083333333333334
7 0.1 0.5359375 0.13703703703703704 0.028125
7 0.1814814814814815 0.6104166666666666 0.3111111111111111 0.025
7 0.16666666666666669 0.6895833333333333 0.2740740740740741 0.029166666666666667
7 0.15555555555555556 0.7661458333333333 0.24444444444444446 0.028125
7 0.12685185185185185 0.8411458333333334 0.19444444444444445 0.026041666666666668
7 0.13333333333333333 0.9171874999999999 0.20370370370370372 0.02395833333333333
