7 0.14907407407407408 0.05416666666666667 0.1925925925925926 0.027083333333333334
7 0.35694444444444445 0.10442708333333334 0.5972222222222222 0.03802083333333333
7 0.41481481481481486 0.14973958333333334 0.712962962962963 0.05260416666666667
7 0.36064814814814816 0.21484375 0.6046296296296296 0.03802083333333333
7 0.35370370370370374 0.26119791666666664 0.5907407407407408 0.0546875
0 0.8814814814814815 0.24114583333333334 0.06296296296296297 0.036458333333333336
7 0.2064814814814815 0.32708333333333334 0.2962962962962963 0.0375
7 0.39212962962962966 0.3609375 0.6675925925925926 0.030208333333333334
0 0.8796296296296297 0.3419270833333333 0.05740740740740741 0.034895833333333334
7 0.2791666666666667 0.4302083333333333 0.4416666666666667 0.0375
7 0.23981481481481481 0.49765624999999997 0.3740740740740741 0.030729166666666665
7 0.3365740740740741 0.56328125 0.5564814814814815 0.03802083333333333
7 0.39722222222222225 0.6270833333333333 0.6907407407407408 0.034375
7 0.14675925925925926 0.6809895833333334 0.17685185185185187 0.03802083333333333
7 0.21481481481481482 0.71484375 0.312962962962963 0.0296875
7 0.13796296296296298 0.76953125 0.15925925925925927 0.03802083333333333
7 0.20925925925925926 0.803125 0.30185185185185187 0.029166666666666667
7 0.36435185185185187 0.87265625 0.612037037037037 0.03802083333333333
