7 0.21296296296296297 0.12109375 0.40555555555555556 0.024479166666666666
7 0.18888888888888888 0.175 0.3425925925925926 0.030208333333333334
7 0.19583333333333333 0.24270833333333333 0.35833333333333334 0.027083333333333334
7 0.29212962962962963 0.29609375 0.5657407407407408 0.027604166666666666
7 0.08888888888888889 0.3520833333333333 0.14074074074074075 0.028125
7 0.12083333333333333 0.41770833333333335 0.21944444444444444 0.03229166666666666
7 0.1837962962962963 0.48515625 0.33425925925925926 0.033854166666666664
2 0.014814814814814815 0.0671875 0.02777777777777778 0.027083333333333334
2 0.07037037037037037 0.06614583333333333 0.07777777777777778 0.04375
2 0.9314814814814815 0.065625 0.06296296296296297 0.035416666666666666
