7 0.2518518518518519 0.11927083333333333 0.48703703703703705 0.02395833333333333
5 0.05092592592592593 0.16744791666666667 0.0462962962962963 0.028645833333333332
7 0.2962962962962963 0.16927083333333334 0.41111111111111115 0.026041666666666668
5 0.05185185185185186 0.22682291666666665 0.04814814814814815 0.028645833333333332
7 0.3458333333333333 0.2265625 0.5157407407407407 0.02395833333333333
5 0.05185185185185186 0.284375 0.05185185185185186 0.029166666666666667
7 0.26712962962962966 0.28489583333333335 0.35462962962962963 0.022916666666666665
5 0.050462962962962966 0.34296875 0.05092592592592593 0.028645833333333332
7 0.2939814814814815 0.34479166666666666 0.4083333333333333 0.025
5 0.05185185185185186 0.40234375 0.04814814814814815 0.028645833333333332
7 0.300462962962963 0.40234375 0.42129629629629634 0.0234375
5 0.05185185185185186 0.46067708333333335 0.05185185185185186 0.028645833333333332
7 0.32175925925925924 0.46197916666666666 0.4638888888888889 0.026041666666666668
5 0.05092592592592593 0.5190104166666667 0.05 0.028645833333333332
7 0.3125 0.5205729166666666 0.44351851851851853 0.025520833333333333
5 0.05092592592592593 0.5768229166666666 0.05 0.028645833333333332
7 0.27870370370370373 0.5794270833333334 0.3814814814814815 0.025520833333333333
5 0.05092592592592593 0.6361979166666667 0.0462962962962963 0.028645833333333332
7 0.287962962962963 0.6369791666666667 0.3944444444444445 0.02395833333333333
5 0.049074074074074076 0.6953125 0.05 0.030208333333333334
7 0.3041666666666667 0.6947916666666667 0.4287037037037037 0.022916666666666665
5 0.051388888888888894 0.75390625 0.049074074074074076 0.027604166666666666
7 0.32083333333333336 0.7552083333333334 0.4675925925925926 0.026041666666666668
5 0.05 0.8114583333333333 0.04814814814814815 0.028125
7 0.2949074074074074 0.8127604166666667 0.4064814814814815 0.0234375
5 0.05092592592592593 0.87109375 0.05 0.028645833333333332
7 0.27870370370370373 0.8705729166666667 0.38333333333333336 0.022395833333333334
5 0.05092592592592593 0.9236979166666667 0.05185185185185186 0.0203125
7 0.2935185185185185 0.92578125 0.40740740740740744 0.01614583333333333
2 0.01990740740740741 0.065625 0.03796296296296296 0.021875
2 0.06851851851851852 0.065625 0.07777777777777778 0.04375
7 0.2064814814814815 0.06536458333333334 0.18333333333333335 0.0265625
2 0.9305555555555556 0.06484375 0.07037037037037037 0.03697916666666667
