7 0.5865740740740741 0.2638020833333333 0.1564814814814815 0.025520833333333333
7 0.6106481481481482 0.32838541666666665 0.2101851851851852 0.024479166666666666
7 0.7490740740740741 0.39375 0.4777777777777778 0.025
7 0.5416666666666667 0.46067708333333335 0.06296296296296297 0.028645833333333332
7 0.5435185185185185 0.52734375 0.06481481481481481 0.025520833333333333
7 0.5787037037037037 0.5942708333333333 0.1388888888888889 0.027083333333333334
7 0.6166666666666667 0.6583333333333333 0.22222222222222224 0.027083333333333334
7 0.5527777777777778 0.7239583333333334 0.08703703703703704 0.027083333333333334
7 0.5583333333333333 0.7880208333333333 0.10555555555555556 0.026041666666666668
7 0.625 0.8541666666666666 0.2388888888888889 0.029166666666666667
7 0.6097222222222223 0.9190104166666666 0.19722222222222224 0.03177083333333333
7 0.2601851851851852 0.25677083333333334 0.4537037037037037 0.022916666666666665
7 0.5055555555555555 0.16640625 0.4962962962962963 0.0296875
7 0.9282407407407408 0.07239583333333333 0.09166666666666667 0.025
2 0.06944444444444445 0.06953125 0.05555555555555556 0.030729166666666665
