7 0.23611111111111113 0.07421875 0.18703703703703706 0.033854166666666664
2 0.06805555555555556 0.07083333333333333 0.05092592592592593 0.03333333333333333
7 0.22962962962962963 0.1609375 0.35000000000000003 0.03125
7 0.913888888888889 0.16015625 0.06296296296296297 0.027604166666666666
7 0.22870370370370371 0.2630208333333333 0.34814814814814815 0.03125
0 0.9060185185185186 0.26536458333333335 0.06574074074074074 0.034895833333333334
7 0.3740740740740741 0.3578125 0.6370370370370371 0.027083333333333334
7 0.14212962962962963 0.409375 0.1675925925925926 0.030208333333333334
7 0.24814814814814815 0.5057291666666667 0.38703703703703707 0.03229166666666666
0 0.9027777777777778 0.5033854166666667 0.061111111111111116 0.034895833333333334
7 0.4050925925925926 0.5958333333333333 0.7046296296296296 0.026041666666666668
7 0.1388888888888889 0.64765625 0.16666666666666669 0.0265625
