7 0.09444444444444444 0.08020833333333333 0.14814814814814814 0.03333333333333333
7 0.11574074074074074 0.15572916666666667 0.18703703703703706 0.030208333333333334
7 0.10277777777777779 0.22864583333333333 0.1537037037037037 0.030208333333333334
7 0.1212962962962963 0.30625 0.18333333333333335 0.0375
7 0.17037037037037037 0.3802083333333333 0.2962962962962963 0.035416666666666666
7 0.14907407407407408 0.45416666666666666 0.2351851851851852 0.035416666666666666
7 0.16111111111111112 0.5296875 0.26296296296296295 0.036458333333333336
7 0.14351851851851852 0.6052083333333333 0.2351851851851852 0.03333333333333333
7 0.20277777777777778 0.678125 0.35370370370370374 0.03333333333333333
7 0.21296296296296297 0.7546875 0.3666666666666667 0.034375
7 0.21944444444444444 0.828125 0.38333333333333336 0.03333333333333333
7 0.20370370370370372 0.9052083333333333 0.35555555555555557 0.03125
0 0.9231481481481482 0.07916666666666666 0.07592592592592592 0.04375
0 0.9231481481481482 0.153125 0.06851851851851852 0.0375
0 0.9222222222222223 0.22760416666666666 0.06666666666666667 0.03854166666666667
0 0.9231481481481482 0.3026041666666667 0.07592592592592592 0.042708333333333334
0 0.9240740740740742 0.3802083333333333 0.07777777777777778 0.03958333333333333
0 0.9240740740740742 0.45260416666666664 0.06296296296296297 0.040625
0 0.9240740740740742 0.5286458333333334 0.07037037037037037 0.036458333333333336
0 0.9231481481481482 0.6026041666666666 0.06851851851851852 0.036458333333333336
0 0.9240740740740742 0.6776041666666667 0.07407407407407407 0.03854166666666667
0 0.9231481481481482 0.7526041666666666 0.07222222222222223 0.04479166666666667
0 0.9222222222222223 0.8270833333333333 0.06666666666666667 0.041666666666666664
0 0.925 0.9036458333333334 0.07222222222222223 0.040625
