7 0.49953703703703706 0.033854166666666664 0.700925925925926 0.040625
3 0.17453703703703705 0.12786458333333334 0.21574074074074076 0.11927083333333333
7 0.17453703703703705 0.20989583333333334 0.20833333333333334 0.020833333333333332
3 0.49768518518518523 0.12864583333333332 0.2175925925925926 0.12083333333333333
7 0.49583333333333335 0.21015625 0.18796296296296297 0.0203125
3 0.8245370370370371 0.12708333333333333 0.2138888888888889 0.121875
7 0.8240740740740741 0.21015625 0.15 0.0203125
3 0.17407407407407408 0.30885416666666665 0.21851851851851853 0.12291666666666666
7 0.17500000000000002 0.390625 0.18703703703703706 0.021875
3 0.49953703703703706 0.30885416666666665 0.23981481481481481 0.134375
7 0.4990740740740741 0.390625 0.06666666666666667 0.022916666666666665
3 0.8240740740740741 0.30885416666666665 0.24074074074074076 0.134375
7 0.8250000000000001 0.39140625 0.10370370370370371 0.022395833333333334
3 0.17500000000000002 0.48984374999999997 0.21481481481481482 0.12135416666666667
7 0.17500000000000002 0.5703125 0.1277777777777778 0.020833333333333332
3 0.4990740740740741 0.48932291666666666 0.21481481481481482 0.1203125
7 0.49953703703703706 0.5705729166666667 0.1953703703703704 0.018229166666666668
3 0.8240740740740741 0.48932291666666666 0.22037037037037038 0.12447916666666667
7 0.8226851851851852 0.5703125 0.13240740740740742 0.020833333333333332
7 0.500462962962963 0.89140625 0.24537037037037038 0.03177083333333333
