2 0.09398148148148149 0.07135416666666666 0.049074074074074076 0.020833333333333332
7 0.22361111111111112 0.15390625 0.36944444444444446 0.027604166666666666
5 0.9217592592592593 0.15260416666666665 0.058333333333333334 0.035416666666666666
7 0.10370370370370371 0.19557291666666665 0.12962962962962962 0.0234375
5 0.9217592592592593 0.19609375 0.058333333333333334 0.033854166666666664
7 0.10185185185185186 0.24010416666666667 0.12592592592592594 0.025
5 0.9222222222222223 0.240625 0.05740740740740741 0.03229166666666666
7 0.10462962962962963 0.2833333333333333 0.13148148148148148 0.02395833333333333
5 0.9217592592592593 0.2838541666666667 0.05648148148148149 0.035416666666666666
7 0.09583333333333334 0.32734375 0.11388888888888889 0.024479166666666666
5 0.9231481481481482 0.328125 0.061111111111111116 0.034375
7 0.10555555555555556 0.3723958333333333 0.13333333333333333 0.027083333333333334
5 0.9226851851851853 0.371875 0.058333333333333334 0.03229166666666666
7 0.5 0.90078125 0.26296296296296295 0.025520833333333333
