5 0.0625 0.13697916666666665 0.05277777777777778 0.03125
5 0.06296296296296297 0.18828125 0.05185185185185186 0.030729166666666665
5 0.06342592592592593 0.23906249999999998 0.05277777777777778 0.03125
2 0.01990740740740741 0.065625 0.03796296296296296 0.021875
2 0.06851851851851852 0.065625 0.07777777777777778 0.04375
7 0.32453703703703707 0.065625 0.4138888888888889 0.03333333333333333
7 0.17685185185185187 0.14166666666666666 0.1537037037037037 0.042708333333333334
7 0.22361111111111112 0.18958333333333333 0.24722222222222223 0.0375
7 0.17685185185185187 0.240625 0.14814814814814814 0.036458333333333336
7 0.25 0.8856770833333333 0.10740740740740741 0.024479166666666666
7 0.7287037037037037 0.8859374999999999 0.1462962962962963 0.026041666666666668
