7 0.25601851851851853 0.13125 0.4027777777777778 0.03229166666666666
7 0.4800925925925926 0.16171875 0.850925925925926 0.025520833333333333
7 0.21157407407407408 0.21875 0.3175925925925926 0.027083333333333334
7 0.46296296296296297 0.25026041666666665 0.8148148148148149 0.025520833333333333
7 0.16805555555555557 0.29713541666666665 0.22870370370370371 0.021354166666666667
7 0.2199074074074074 0.3453125 0.33055555555555555 0.027083333333333334
7 0.38796296296296295 0.38645833333333335 0.6666666666666667 0.04479166666666667
0 0.8814814814814815 0.365625 0.06296296296296297 0.034375
7 0.22685185185185186 0.4434895833333333 0.35000000000000003 0.0265625
7 0.46064814814814814 0.4848958333333333 0.8175925925925926 0.04791666666666666
7 0.2763888888888889 0.54765625 0.44351851851851853 0.0265625
7 0.3805555555555556 0.5786458333333333 0.6518518518518519 0.02395833333333333
7 0.27314814814814814 0.63671875 0.4351851851851852 0.028645833333333332
7 0.12453703703703704 0.6666666666666666 0.13425925925925927 0.021875
7 0.12592592592592594 0.715625 0.14074074074074075 0.022916666666666665
7 0.2263888888888889 0.7703125 0.34351851851851856 0.026041666666666668
7 0.23611111111111113 0.7997395833333333 0.3592592592592593 0.025520833333333333
0 0.8833333333333334 0.7807291666666667 0.06296296296296297 0.034375
7 0.21342592592592594 0.85625 0.3194444444444445 0.027083333333333334
7 0.12175925925925926 0.8869791666666667 0.12685185185185185 0.020833333333333332
2 0.01990740740740741 0.065625 0.03796296296296296 0.021875
2 0.062037037037037036 0.06588541666666667 0.06481481481481481 0.0359375
7 0.18287037037037038 0.06796875 0.1675925925925926 0.028645833333333332
