7 0.4759259259259259 0.0703125 0.09074074074074075 0.021875
2 0.7791666666666667 0.06901041666666667 0.07685185185185185 0.0359375
2 0.9296296296296297 0.06666666666666667 0.07407407407407407 0.042708333333333334
2 0.09583333333333334 0.8794270833333333 0.07314814814814816 0.0390625
2 0.2962962962962963 0.8796875 0.08148148148148149 0.03958333333333333
2 0.5027777777777778 0.8802083333333334 0.09444444444444444 0.040625
2 0.7018518518518518 0.88125 0.0925925925925926 0.03854166666666667
2 0.9055555555555556 0.8848958333333333 0.05555555555555556 0.025
2 0.07824074074074075 0.14192708333333334 0.07314814814814816 0.03802083333333333
2 0.0787037037037037 0.21588541666666666 0.07407407407407407 0.0421875
7 0.23101851851851854 0.29192708333333334 0.1824074074074074 0.027604166666666666
7 0.22546296296296298 0.21666666666666667 0.16944444444444445 0.027083333333333334
7 0.2537037037037037 0.36822916666666666 0.23148148148148148 0.028125
7 0.24583333333333335 0.5145833333333333 0.2101851851851852 0.026041666666666668
7 0.24027777777777778 0.5911458333333334 0.20462962962962963 0.030208333333333334
7 0.35694444444444445 0.6630208333333333 0.4287037037037037 0.03229166666666666
7 0.1962962962962963 0.7416666666666667 0.11851851851851852 0.03125
7 0.29212962962962963 0.8156249999999999 0.30092592592592593 0.034375
7 0.1953703703703704 0.1421875 0.10925925925925926 0.030208333333333334
2 0.9486111111111112 0.14244791666666667 0.04166666666666667 0.0296875
2 0.07777777777777778 0.29270833333333335 0.07407407407407407 0.03854166666666667
2 0.075 0.3651041666666667 0.08888888888888889 0.030208333333333334
2 0.0787037037037037 0.4395833333333333 0.05740740740740741 0.04583333333333333
7 0.28611111111111115 0.43984375 0.2925925925925926 0.028645833333333332
2 0.07824074074074075 0.5140625 0.07685185185185185 0.029166666666666667
2 0.0763888888888889 0.5901041666666667 0.06944444444444445 0.040625
2 0.075 0.66328125 0.07592592592592592 0.033854166666666664
2 0.0787037037037037 0.73984375 0.07592592592592592 0.0421875
2 0.07824074074074075 0.8143229166666667 0.062037037037037036 0.043229166666666666
2 0.9486111111111112 0.21562499999999998 0.036111111111111115 0.02395833333333333
2 0.9523148148148148 0.29010416666666666 0.04351851851851852 0.028125
2 0.9486111111111112 0.3640625 0.03425925925925926 0.028125
2 0.9486111111111112 0.43984375 0.03796296296296296 0.027604166666666666
2 0.9476851851851852 0.5138020833333333 0.032407407407407406 0.027604166666666666
2 0.950462962962963 0.5890625 0.030555555555555558 0.026041666666666668
2 0.9467592592592593 0.6643229166666667 0.03981481481481482 0.030729166666666665
2 0.9518518518518518 0.7385416666666667 0.02962962962962963 0.028125
2 0.9486111111111112 0.8138020833333334 0.030555555555555558 0.0265625
7 0.1 0.9125 0.08518518518518518 0.020833333333333332
7 0.29814814814814816 0.9135416666666667 0.0962962962962963 0.01875
7 0.5018518518518519 0.9145833333333333 0.09444444444444444 0.020833333333333332
7 0.7032407407407407 0.9138020833333333 0.07685185185185185 0.0171875
7 0.9023148148148149 0.9109375 0.07685185185185185 0.016666666666666666
