2 0.06574074074074074 0.06484375 0.08888888888888889 0.0484375
7 0.19861111111111113 0.06822916666666666 0.1638888888888889 0.030208333333333334
7 0.12685185185185185 0.12083333333333333 0.1462962962962963 0.025
7 0.16203703703703703 0.17395833333333333 0.22592592592592595 0.027083333333333334
7 0.42453703703703705 0.20364583333333333 0.7472222222222222 0.025
0 0.8782407407407408 0.18619791666666666 0.062037037037037036 0.0328125
0 0.8773148148148149 0.41432291666666665 0.06759259259259259 0.0359375
0 0.8791666666666667 0.5106770833333333 0.06574074074074074 0.0359375
0 0.8787037037037038 0.6489583333333333 0.06481481481481481 0.034375
7 0.16990740740740742 0.26458333333333334 0.23796296296296296 0.027083333333333334
7 0.33240740740740743 0.29244791666666664 0.5685185185185185 0.025520833333333333
7 0.19305555555555556 0.3419270833333333 0.27870370370370373 0.0234375
7 0.16111111111111112 0.3911458333333333 0.22037037037037038 0.028125
7 0.34444444444444444 0.4315104166666667 0.5814814814814815 0.0453125
7 0.3060185185185185 0.4890625 0.500925925925926 0.029166666666666667
7 0.42685185185185187 0.5296875 0.7462962962962963 0.04791666666666666
7 0.19722222222222224 0.5833333333333334 0.2962962962962963 0.026041666666666668
7 0.19907407407407407 0.65078125 0.3 0.030729166666666665
7 0.42824074074074076 0.7411458333333333 0.7824074074074074 0.06458333333333333
