7 0.2138888888888889 0.16640625 0.35000000000000003 0.0296875
7 0.2712962962962963 0.19427083333333334 0.46481481481481485 0.026041666666666668
7 0.1425925925925926 0.2671875 0.20740740740740743 0.030208333333333334
7 0.29074074074074074 0.2950520833333333 0.5037037037037038 0.025520833333333333
7 0.1537037037037037 0.36796875 0.22962962962962963 0.0296875
7 0.24212962962962964 0.39557291666666666 0.4064814814814815 0.025520833333333333
0 0.9231481481481482 0.3807291666666667 0.05185185185185186 0.03125
7 0.17083333333333334 0.46875 0.2638888888888889 0.029166666666666667
7 0.3314814814814815 0.49635416666666665 0.5851851851851853 0.026041666666666668
0 0.9231481481481482 0.4809895833333333 0.05 0.0296875
7 0.1953703703703704 0.56953125 0.312962962962963 0.0296875
7 0.2814814814814815 0.5973958333333333 0.4851851851851852 0.026041666666666668
7 0.24305555555555555 0.6703125 0.4083333333333333 0.030208333333333334
7 0.24305555555555555 0.6981770833333333 0.4083333333333333 0.025520833333333333
0 0.9222222222222223 0.6828125 0.05185185185185186 0.03229166666666666
7 0.08194444444444444 0.77109375 0.08611111111111111 0.0296875
7 0.35462962962962963 0.7986979166666667 0.6314814814814815 0.025520833333333333
7 0.10462962962962963 0.871875 0.13148148148148148 0.029166666666666667
7 0.0962962962962963 0.8994791666666666 0.11481481481481481 0.026041666666666668
7 0.2199074074074074 0.0734375 0.36944444444444446 0.03333333333333333
