7 0.500925925925926 0.075 0.3851851851851852 0.03229166666666666
3 0.14120370370370372 0.18177083333333333 0.24351851851851852 0.13645833333333332
7 0.575925925925926 0.18229166666666666 0.5703703703703704 0.0625
3 0.14120370370370372 0.3294270833333333 0.24351851851851852 0.13697916666666665
7 0.49259259259259264 0.3325520833333333 0.4203703703703704 0.0359375
3 0.14120370370370372 0.47682291666666665 0.24351851851851852 0.13697916666666665
7 0.6018518518518519 0.4786458333333333 0.6092592592592593 0.035416666666666666
3 0.14120370370370372 0.6244791666666667 0.24351851851851852 0.13645833333333332
7 0.5708333333333333 0.625 0.5453703703703704 0.041666666666666664
3 0.14120370370370372 0.7723958333333333 0.24351851851851852 0.13645833333333332
7 0.525462962962963 0.7747395833333334 0.4712962962962963 0.04010416666666666
7 0.4986111111111111 0.89453125 0.31203703703703706 0.0234375
