7 0.24212962962962964 0.07083333333333333 0.13425925925925927 0.036458333333333336
2 0.0699074074074074 0.071875 0.06574074074074074 0.03125
2 0.05648148148148149 0.14895833333333333 0.07777777777777778 0.04375
7 0.21064814814814817 0.14791666666666667 0.1953703703703704 0.022916666666666665
2 0.05648148148148149 0.22916666666666666 0.07777777777777778 0.04375
7 0.1550925925925926 0.22760416666666666 0.08425925925925926 0.022916666666666665
2 0.05648148148148149 0.30833333333333335 0.07777777777777778 0.04375
7 0.1837962962962963 0.3072916666666667 0.14166666666666666 0.022916666666666665
2 0.05648148148148149 0.3885416666666667 0.07777777777777778 0.04375
7 0.16296296296296298 0.38697916666666665 0.1 0.022916666666666665
2 0.05648148148148149 0.46770833333333334 0.07777777777777778 0.04375
7 0.18888888888888888 0.4666666666666667 0.15185185185185185 0.022916666666666665
2 0.05648148148148149 0.5479166666666666 0.07777777777777778 0.04375
7 0.21157407407407408 0.5463541666666667 0.19722222222222224 0.022916666666666665
2 0.05648148148148149 0.6270833333333333 0.07777777777777778 0.04375
7 0.16805555555555557 0.6260416666666666 0.11018518518518519 0.022916666666666665
2 0.05648148148148149 0.7072916666666667 0.07777777777777778 0.04375
7 0.2351851851851852 0.7057291666666666 0.24444444444444446 0.022916666666666665
2 0.05648148148148149 0.7864583333333334 0.07777777777777778 0.04375
7 0.24166666666666667 0.7854166666666667 0.2574074074074074 0.022916666666666665
2 0.05648148148148149 0.8666666666666667 0.07777777777777778 0.04375
7 0.26712962962962966 0.8651041666666667 0.30833333333333335 0.022916666666666665
