7 0.8125 0.07109375 0.08055555555555556 0.0296875
2 0.9398148148148149 0.07213541666666666 0.07037037037037037 0.0390625
2 0.06805555555555556 0.07057291666666667 0.05462962962962963 0.0328125
7 0.30462962962962964 0.071875 0.26851851851851855 0.034375
7 0.11157407407407408 0.14557291666666666 0.15462962962962964 0.0265625
0 0.9328703703703705 0.14401041666666667 0.062037037037037036 0.0359375
7 0.14305555555555557 0.21536458333333333 0.21574074074074076 0.028645833333333332
0 0.9356481481481482 0.21432291666666667 0.062037037037037036 0.0328125
7 0.4865740740740741 0.2895833333333333 0.8953703703703704 0.046875
7 0.41574074074074074 0.35885416666666664 0.7537037037037038 0.025
