7 0.500925925925926 0.032552083333333336 0.4444444444444445 0.03802083333333333
3 0.12083333333333333 0.06770833333333333 0.1212962962962963 0.022916666666666665
7 0.12222222222222223 0.13385416666666666 0.11481481481481481 0.020833333333333332
2 0.12083333333333333 0.23541666666666666 0.1212962962962963 0.06875
7 0.11990740740740741 0.3255208333333333 0.14722222222222223 0.02395833333333333
3 0.12083333333333333 0.42578125 0.1212962962962963 0.06822916666666666
7 0.12314814814814816 0.515625 0.17962962962962964 0.020833333333333332
3 0.12083333333333333 0.6158854166666666 0.1212962962962963 0.06822916666666666
7 0.12175925925925926 0.70390625 0.09166666666666667 0.019270833333333334
7 0.12361111111111112 0.89453125 0.10092592592592593 0.0171875
3 0.7773148148148148 0.16484375 0.24722222222222223 0.1390625
3 0.4361111111111111 0.33984375 0.24629629629629632 0.1390625
