3 0.10601851851851853 0.09244791666666667 0.1824074074074074 0.10260416666666666
7 0.32175925925925924 0.09244791666666667 0.20092592592592592 0.0328125
3 0.10601851851851853 0.21223958333333334 0.1824074074074074 0.10260416666666666
7 0.325 0.2125 0.20740740740740743 0.03333333333333333
3 0.10601851851851853 0.33203125 0.1824074074074074 0.10260416666666666
7 0.2990740740740741 0.33229166666666665 0.15555555555555556 0.03333333333333333
3 0.10601851851851853 0.45234375 0.1824074074074074 0.10260416666666666
7 0.32685185185185184 0.45208333333333334 0.2111111111111111 0.03333333333333333
3 0.10601851851851853 0.5721354166666667 0.1824074074074074 0.10260416666666666
7 0.34305555555555556 0.571875 0.24351851851851852 0.03333333333333333
