7 0.5037037037037038 0.045572916666666664 0.3648148148148148 0.05572916666666666
2 0.12731481481481483 0.9028645833333333 0.075 0.04010416666666666
2 0.3768518518518519 0.9026041666666667 0.07037037037037037 0.041666666666666664
2 0.6226851851851852 0.9033854166666666 0.06759259259259259 0.0390625
2 0.875925925925926 0.903125 0.06851851851851852 0.03854166666666667
7 0.16898148148148148 0.10598958333333333 0.2990740740740741 0.024479166666666666
7 0.17453703703703705 0.17369791666666667 0.3212962962962963 0.03177083333333333
7 0.11388888888888889 0.23958333333333334 0.1962962962962963 0.03125
7 0.18287037037037038 0.30442708333333335 0.33055555555555555 0.027604166666666666
7 0.15231481481481482 0.37083333333333335 0.26944444444444443 0.03125
7 0.12731481481481483 0.4393229166666667 0.21574074074074076 0.028645833333333332
7 0.07916666666666666 0.50390625 0.1212962962962963 0.027604166666666666
7 0.18703703703703706 0.5697916666666667 0.34074074074074073 0.029166666666666667
7 0.16018518518518518 0.6380208333333334 0.28703703703703703 0.028125
7 0.08935185185185185 0.7028645833333333 0.15092592592592594 0.027604166666666666
7 0.19074074074074074 0.7700520833333333 0.3462962962962963 0.028645833333333332
7 0.09212962962962963 0.83671875 0.15462962962962964 0.0265625
