7 0.08472222222222223 0.031510416666666666 0.08425925925925926 0.027604166666666666
7 0.25 0.03359375 0.10740740740740741 0.0265625
7 0.41712962962962963 0.03411458333333333 0.09537037037037037 0.0234375
7 0.5851851851851853 0.03229166666666666 0.07962962962962963 0.026041666666666668
7 0.750462962962963 0.034895833333333334 0.11018518518518519 0.026041666666666668
7 0.9166666666666667 0.032552083333333336 0.07777777777777778 0.021354166666666667
0 0.9439814814814815 0.11562499999999999 0.058333333333333334 0.03125
0 0.9425925925925926 0.18229166666666666 0.05 0.028125
0 0.9412037037037038 0.24921875 0.049074074074074076 0.03177083333333333
7 0.10833333333333334 0.1203125 0.19074074074074074 0.025
7 0.17222222222222222 0.18229166666666666 0.3111111111111111 0.028125
7 0.11296296296296297 0.24921875 0.1925925925925926 0.027604166666666666
7 0.5023148148148149 0.90234375 0.11203703703703705 0.024479166666666666
