7 0.1824074074074074 0.1203125 0.2574074074074074 0.027083333333333334
7 0.24212962962962964 0.18645833333333334 0.3675925925925926 0.03333333333333333
0 0.8782407407407408 0.18541666666666667 0.0638888888888889 0.036458333333333336
7 0.21666666666666667 0.26197916666666665 0.31666666666666665 0.03333333333333333
7 0.4138888888888889 0.29140625 0.7111111111111111 0.025520833333333333
0 0.8800925925925926 0.2755208333333333 0.062037037037037036 0.035416666666666666
7 0.12268518518518519 0.3424479166666667 0.1527777777777778 0.030729166666666665
7 0.1902777777777778 0.3888020833333333 0.2638888888888889 0.0328125
7 0.42962962962962964 0.42942708333333335 0.7425925925925926 0.0484375
0 0.8819444444444445 0.4127604166666667 0.06944444444444445 0.0359375
7 0.20972222222222223 0.48385416666666664 0.3101851851851852 0.025
7 0.24675925925925926 0.5375 0.3768518518518519 0.03333333333333333
7 0.09675925925925927 0.5671875 0.07685185185185185 0.026041666666666668
7 0.2013888888888889 0.6260416666666666 0.28611111111111115 0.03333333333333333
7 0.16527777777777777 0.65546875 0.2138888888888889 0.025520833333333333
2 0.018055555555555557 0.06432291666666666 0.021296296296296296 0.0296875
2 0.06898148148148149 0.06432291666666666 0.0787037037037037 0.03802083333333333
7 0.19675925925925927 0.065625 0.15833333333333333 0.03333333333333333
