7 0.12453703703703704 0.14192708333333334 0.11944444444444445 0.0296875
7 0.375 0.14192708333333334 0.06666666666666667 0.0296875
7 0.6240740740740741 0.14192708333333334 0.10925925925925926 0.0296875
7 0.8740740740740741 0.14192708333333334 0.11481481481481481 0.0296875
7 0.0976851851851852 0.23776041666666667 0.10277777777777779 0.033854166666666664
2 0.24722222222222223 0.27369791666666665 0.40185185185185185 0.0015625
2 0.4990740740740741 0.2375 0.053703703703703705 0.030208333333333334
7 0.9277777777777778 0.23776041666666667 0.05 0.033854166666666664
2 0.7513888888888889 0.27369791666666665 0.4027777777777778 0.0015625
7 0.15555555555555556 0.33932291666666664 0.21851851851851853 0.025520833333333333
7 0.18472222222222223 0.37994791666666666 0.27685185185185185 0.033854166666666664
2 0.49953703703703706 0.4236979166666667 0.9064814814814816 0.0015625
3 0.49953703703703706 0.696875 0.9064814814814816 0.2989583333333333
2 0.06851851851851852 0.07109375 0.13518518518518519 0.0765625
2 0.13657407407407407 0.07083333333333333 0.000925925925925926 0.042708333333333334
7 0.5097222222222222 0.07083333333333333 0.1638888888888889 0.04479166666666667
2 0.9412037037037038 0.07109375 0.058333333333333334 0.0328125
