7 0.3648148148148148 0.35833333333333334 0.6518518518518519 0.07708333333333334
3 0.8453703703703704 0.3734375 0.23148148148148148 0.10104166666666667
7 0.07916666666666666 0.4161458333333333 0.08055555555555556 0.021875
7 0.4217592592592593 0.4158854166666667 0.537962962962963 0.018229166666666668
7 0.3648148148148148 0.5044270833333333 0.6518518518518519 0.07760416666666667
3 0.8453703703703704 0.51953125 0.23148148148148148 0.1015625
7 0.07222222222222223 0.5625 0.06666666666666667 0.021875
7 0.41481481481481486 0.5622395833333333 0.5518518518518519 0.018229166666666668
7 0.3648148148148148 0.6505208333333333 0.6518518518518519 0.07708333333333334
3 0.8453703703703704 0.665625 0.23148148148148148 0.10104166666666667
7 0.07222222222222223 0.7083333333333334 0.06666666666666667 0.021875
7 0.41481481481481486 0.7080729166666666 0.5518518518518519 0.018229166666666668
7 0.5 0.7848958333333333 0.9222222222222223 0.059375
3 0.18796296296296297 0.8489583333333334 0.29814814814814816 0.046875
3 0.49953703703703706 0.8489583333333334 0.2990740740740741 0.046875
3 0.8111111111111111 0.8489583333333334 0.3 0.046875
2 0.4990740740740741 0.11067708333333333 0.2962962962962963 0.0546875
2 0.9458333333333334 0.07109375 0.09722222222222222 0.0546875
2 0.951388888888889 0.27447916666666666 0.09722222222222222 0.052083333333333336
7 0.07453703703703704 0.27447916666666666 0.14722222222222223 0.026041666666666668
7 0.26481481481481484 0.27447916666666666 0.07407407407407407 0.026041666666666668
7 0.4398148148148148 0.27447916666666666 0.09074074074074075 0.026041666666666668
7 0.625462962962963 0.27447916666666666 0.13796296296296298 0.026041666666666668
7 0.812962962962963 0.27447916666666666 0.12037037037037038 0.026041666666666668
2 0.08796296296296297 0.9033854166666666 0.17407407407407408 0.06197916666666667
2 0.29305555555555557 0.9033854166666666 0.17500000000000002 0.06197916666666667
2 0.49953703703703706 0.9033854166666666 0.17500000000000002 0.06197916666666667
2 0.7060185185185186 0.9033854166666666 0.17500000000000002 0.06197916666666667
2 0.9125000000000001 0.9033854166666666 0.17500000000000002 0.06197916666666667
4 0.500925925925926 0.20052083333333334 0.9407407407407408 0.07604166666666666
