2 0.06851851851851852 0.07109375 0.13518518518518519 0.0765625
7 0.24212962962962964 0.07083333333333333 0.19351851851851853 0.036458333333333336
3 0.49953703703703706 0.3963541666666667 0.9750000000000001 0.5739583333333333
7 0.49953703703703706 0.7138020833333333 0.9750000000000001 0.0359375
7 0.10231481481481482 0.7596354166666667 0.18055555555555555 0.033854166666666664
7 0.07546296296296297 0.7864583333333334 0.12685185185185185 0.019791666666666666
7 0.20324074074074075 0.7864583333333334 0.10833333333333334 0.019791666666666666
7 0.06574074074074074 0.8291666666666666 0.10740740740740741 0.041666666666666664
2 0.16620370370370371 0.8820312499999999 0.058333333333333334 0.0328125
7 0.16620370370370371 0.9114583333333334 0.275 0.026041666666666668
2 0.49953703703703706 0.88515625 0.058333333333333334 0.0328125
7 0.49953703703703706 0.9132812499999999 0.275 0.022395833333333334
2 0.8328703703703704 0.88515625 0.058333333333333334 0.0328125
7 0.8328703703703704 0.9132812499999999 0.275 0.022395833333333334
2 0.4990740740740741 0.6408854166666667 0.1814814814814815 0.022395833333333334
