7 0.13055555555555556 0.16041666666666665 0.14444444444444446 0.03333333333333333
7 0.27037037037037037 0.15911458333333334 0.11481481481481481 0.030729166666666665
2 0.13148148148148148 0.2760416666666667 0.19444444444444445 0.109375
7 0.6305555555555555 0.25546875 0.7000000000000001 0.06302083333333333
7 0.39490740740740743 0.30963541666666666 0.22870370370370371 0.03177083333333333
7 0.3763888888888889 0.35625 0.23055555555555557 0.034375
2 0.3125 0.40546875 0.075 0.0421875
7 0.3842592592592593 0.40546875 0.06851851851851852 0.0421875
2 0.4564814814814815 0.40546875 0.07592592592592592 0.0421875
7 0.8833333333333334 0.403125 0.15925925925925927 0.0375
7 0.9287037037037037 0.4903645833333333 0.05925925925925926 0.033854166666666664
7 0.4810185185185185 0.4903645833333333 0.8361111111111111 0.033854166666666664
7 0.8787037037037038 0.53984375 0.15925925925925927 0.03802083333333333
7 0.11296296296296297 0.5377604166666666 0.1 0.033854166666666664
7 0.22592592592592595 0.6119791666666666 0.32962962962962966 0.03333333333333333
2 0.9421296296296297 0.6119791666666666 0.017592592592592594 0.015625
7 0.27546296296296297 0.6963541666666666 0.16203703703703703 0.028125
7 0.7287037037037037 0.6955729166666667 0.32407407407407407 0.027604166666666666
7 0.48703703703703705 0.7997395833333333 0.40740740740740744 0.033854166666666664
2 0.07361111111111111 0.07161458333333333 0.06574074074074074 0.0359375
7 0.3337962962962963 0.07083333333333333 0.39351851851851855 0.036458333333333336
7 0.9370370370370371 0.07057291666666667 0.07037037037037037 0.03177083333333333
