7 0.26481481481481484 0.07083333333333333 0.17962962962962964 0.036458333333333336
2 0.06851851851851852 0.0703125 0.05740740740740741 0.035416666666666666
7 0.14814814814814814 0.14609375 0.2388888888888889 0.025520833333333333
7 0.11111111111111112 0.19505208333333332 0.14444444444444446 0.0296875
7 0.32546296296296295 0.22291666666666665 0.5731481481481482 0.026041666666666668
7 0.09490740740740741 0.2942708333333333 0.13611111111111113 0.026041666666666668
7 0.10324074074074074 0.3450520833333333 0.1287037037037037 0.0296875
7 0.20092592592592592 0.3729166666666667 0.32407407407407407 0.026041666666666668
7 0.16203703703703703 0.4440104166666667 0.27222222222222225 0.025520833333333333
2 0.08796296296296297 0.5078125 0.11666666666666667 0.065625
7 0.28935185185185186 0.49505208333333334 0.22870370370370371 0.0296875
7 0.4041666666666667 0.5229166666666667 0.45833333333333337 0.026041666666666668
2 0.06851851851851852 0.6197916666666666 0.07777777777777778 0.04375
7 0.30694444444444446 0.59609375 0.2638888888888889 0.0296875
7 0.5087962962962963 0.6348958333333333 0.6675925925925926 0.04791666666666666
2 0.08796296296296297 0.7203125 0.11666666666666667 0.065625
7 0.2638888888888889 0.7205729166666667 0.17777777777777778 0.0296875
7 0.0912037037037037 0.7971354166666667 0.10462962962962963 0.0296875
7 0.1587962962962963 0.8247395833333333 0.23981481481481481 0.025520833333333333
