2 0.06851851851851852 0.07109375 0.13518518518518519 0.0765625
7 0.2212962962962963 0.07083333333333333 0.15185185185185185 0.036458333333333336
2 0.951388888888889 0.07083333333333333 0.09722222222222222 0.065625
2 0.2518518518518519 0.23489583333333333 0.4851851851851852 0.240625
7 0.21805555555555556 0.32786458333333335 0.33981481481481485 0.022395833333333334
2 0.4365740740740741 0.32786458333333335 0.058333333333333334 0.0328125
3 0.2518518518518519 0.23489583333333333 0.4851851851851852 0.240625
7 0.7134259259259259 0.32786458333333335 0.33981481481481485 0.022395833333333334
2 0.9319444444444445 0.32786458333333335 0.058333333333333334 0.0328125
7 0.21805555555555556 0.5736979166666667 0.33981481481481485 0.022395833333333334
2 0.4365740740740741 0.57421875 0.058333333333333334 0.0328125
7 0.7134259259259259 0.5736979166666667 0.33981481481481485 0.022395833333333334
2 0.9319444444444445 0.57421875 0.058333333333333334 0.0328125
7 0.21805555555555556 0.8200520833333333 0.33981481481481485 0.022395833333333334
2 0.4365740740740741 0.8200520833333333 0.058333333333333334 0.0328125
7 0.7134259259259259 0.8200520833333333 0.33981481481481485 0.022395833333333334
2 0.9319444444444445 0.8200520833333333 0.058333333333333334 0.0328125
