7 0.11388888888888889 0.34479166666666666 0.18888888888888888 0.022916666666666665
7 0.06435185185185185 0.36796875 0.08981481481481482 0.0234375
7 0.6189814814814815 0.34479166666666666 0.1953703703703704 0.022916666666666665
7 0.5638888888888889 0.36796875 0.08518518518518518 0.0234375
7 0.11481481481481481 0.62734375 0.19074074074074074 0.0234375
7 0.06157407407407408 0.6505208333333333 0.08425925925925926 0.022916666666666665
7 0.6222222222222222 0.62734375 0.20185185185185187 0.0234375
7 0.5731481481481482 0.6505208333333333 0.10370370370370371 0.022916666666666665
7 0.10185185185185186 0.9098958333333333 0.16481481481481483 0.022916666666666665
7 0.07361111111111111 0.9278645833333333 0.10833333333333334 0.013020833333333334
7 0.6291666666666667 0.9098958333333333 0.21574074074074076 0.022916666666666665
7 0.5750000000000001 0.9278645833333333 0.10740740740740741 0.013020833333333334
7 0.3055555555555556 0.07083333333333333 0.2611111111111111 0.03229166666666666
2 0.06759259259259259 0.07083333333333333 0.05555555555555556 0.03229166666666666
3 0.2523148148148148 0.2505208333333333 0.4990740740740741 0.28125
3 0.750462962962963 0.24895833333333334 0.4990740740740741 0.28020833333333334
3 0.24953703703703706 0.5325520833333334 0.4953703703703704 0.2786458333333333
3 0.7472222222222222 0.53359375 0.5 0.28489583333333335
3 0.24953703703703706 0.8044270833333333 0.4953703703703704 0.2640625
3 0.7458333333333333 0.8044270833333333 0.5027777777777778 0.2640625
