2 0.06851851851851852 0.07109375 0.13518518518518519 0.0765625
7 0.49953703703703706 0.14348958333333334 0.6157407407407408 0.06822916666666666
3 0.500462962962963 0.3651041666666667 0.9990740740740741 0.375
7 0.16990740740740742 0.21953124999999998 0.26203703703703707 0.0296875
2 0.16574074074074074 0.6020833333333333 0.12962962962962962 0.065625
7 0.16712962962962963 0.6447916666666667 0.33240740740740743 0.019791666666666666
2 0.4990740740740741 0.6020833333333333 0.12962962962962962 0.065625
7 0.5 0.6447916666666667 0.33333333333333337 0.019791666666666666
2 0.8324074074074075 0.59375 0.12962962962962962 0.065625
7 0.8333333333333334 0.6447916666666667 0.33333333333333337 0.036458333333333336
2 0.16574074074074074 0.721875 0.12962962962962962 0.065625
7 0.16712962962962963 0.76484375 0.33240740740740743 0.0203125
2 0.4990740740740741 0.721875 0.12962962962962962 0.065625
7 0.5 0.76484375 0.33333333333333337 0.0203125
2 0.8324074074074075 0.721875 0.12962962962962962 0.065625
7 0.8333333333333334 0.76484375 0.33333333333333337 0.0203125
7 0.250462962962963 0.825 0.4990740740740741 0.065625
7 0.75 0.825 0.5 0.065625
2 0.16620370370370371 0.8820312499999999 0.058333333333333334 0.0328125
7 0.16620370370370371 0.9114583333333334 0.275 0.026041666666666668
2 0.49953703703703706 0.88515625 0.058333333333333334 0.0328125
7 0.49953703703703706 0.9132812499999999 0.275 0.022395833333333334
2 0.8328703703703704 0.88515625 0.058333333333333334 0.0328125
7 0.8328703703703704 0.9132812499999999 0.275 0.022395833333333334
