2 0.9125000000000001 0.7466145833333333 0.09722222222222222 0.0546875
2 0.9125000000000001 0.8231770833333333 0.09722222222222222 0.0546875
2 0.06805555555555556 0.07109375 0.058333333333333334 0.0328125
2 0.8486111111111111 0.07109375 0.09722222222222222 0.0546875
2 0.9458333333333334 0.07109375 0.09722222222222222 0.0546875
2 0.08796296296296297 0.9033854166666666 0.17407407407407408 0.06197916666666667
2 0.29305555555555557 0.9033854166666666 0.17500000000000002 0.06197916666666667
2 0.49953703703703706 0.9033854166666666 0.17500000000000002 0.06197916666666667
2 0.7060185185185186 0.9033854166666666 0.17500000000000002 0.06197916666666667
2 0.9125000000000001 0.9033854166666666 0.17500000000000002 0.06197916666666667
