2 0.9416666666666667 0.07083333333333333 0.11666666666666667 0.065625
4 0.9416666666666667 0.07083333333333333 0.11666666666666667 0.065625
7 0.2791666666666667 0.07083333333333333 0.20833333333333334 0.036458333333333336
2 0.06851851851851852 0.07109375 0.13518518518518519 0.0765625
2 0.1712962962962963 0.15442708333333333 0.31851851851851853 0.07135416666666666
7 0.43842592592592594 0.15390625 0.09907407407407408 0.028645833333333332
2 0.9481481481481482 0.15442708333333333 0.02962962962962963 0.01614583333333333
2 0.1712962962962963 0.23255208333333333 0.31851851851851853 0.07135416666666666
7 0.4810185185185185 0.23177083333333334 0.18425925925925926 0.028125
2 0.9481481481481482 0.23255208333333333 0.02962962962962963 0.01614583333333333
2 0.1712962962962963 0.3106770833333333 0.31851851851851853 0.07135416666666666
7 0.4361111111111111 0.31015625 0.09444444444444444 0.028645833333333332
2 0.9481481481481482 0.3106770833333333 0.02962962962962963 0.01614583333333333
2 0.1712962962962963 0.3888020833333333 0.31851851851851853 0.07135416666666666
7 0.4481481481481482 0.39010416666666664 0.11851851851851852 0.03229166666666666
2 0.9481481481481482 0.3888020833333333 0.02962962962962963 0.01614583333333333
2 0.1712962962962963 0.4669270833333333 0.31851851851851853 0.07135416666666666
7 0.45787037037037037 0.4700520833333333 0.13796296296296298 0.0359375
2 0.9481481481481482 0.4669270833333333 0.02962962962962963 0.01614583333333333
7 0.45046296296296295 0.5463541666666667 0.12314814814814816 0.03229166666666666
2 0.9481481481481482 0.5450520833333333 0.02962962962962963 0.01614583333333333
2 0.1712962962962963 0.6231770833333333 0.31851851851851853 0.07135416666666666
7 0.4671296296296297 0.6229166666666667 0.1564814814814815 0.029166666666666667
2 0.9481481481481482 0.6231770833333333 0.02962962962962963 0.01614583333333333
2 0.1712962962962963 0.7013020833333333 0.31851851851851853 0.07135416666666666
7 0.5 0.7002604166666666 0.22222222222222224 0.027604166666666666
2 0.9481481481481482 0.7013020833333333 0.02962962962962963 0.01614583333333333
2 0.1712962962962963 0.7794270833333333 0.31851851851851853 0.07135416666666666
7 0.43842592592592594 0.7825520833333334 0.10648148148148148 0.0265625
2 0.1712962962962963 0.8403645833333333 0.31851851851851853 0.03697916666666667
2 0.8930555555555556 0.80546875 0.13611111111111113 0.0765625
