7 0.2726851851851852 0.07083333333333333 0.1953703703703704 0.036458333333333336
2 0.06851851851851852 0.07109375 0.13518518518518519 0.0765625
7 0.4981481481481482 0.14921875 0.2925925925925926 0.0359375
7 0.09166666666666667 0.18541666666666667 0.13518518518518519 0.03125
7 0.22685185185185186 0.18541666666666667 0.13518518518518519 0.03125
7 0.3625 0.18541666666666667 0.13611111111111113 0.03125
7 0.4981481481481482 0.18541666666666667 0.13518518518518519 0.03125
7 0.6333333333333333 0.18541666666666667 0.13518518518518519 0.03125
7 0.7685185185185186 0.18541666666666667 0.13518518518518519 0.03125
7 0.9041666666666667 0.18541666666666667 0.13611111111111113 0.03125
7 0.49953703703703706 0.6203125 0.950925925925926 0.03333333333333333
7 0.09166666666666667 0.6578125 0.13518518518518519 0.03125
7 0.22685185185185186 0.6578125 0.13518518518518519 0.03125
7 0.3625 0.6578125 0.13611111111111113 0.03125
7 0.4981481481481482 0.6578125 0.13518518518518519 0.03125
7 0.6333333333333333 0.6578125 0.13518518518518519 0.03125
7 0.7685185185185186 0.6578125 0.13518518518518519 0.03125
7 0.9041666666666667 0.6578125 0.13611111111111113 0.03125
