7 0.5018518518518519 0.065625 0.1962962962962963 0.025
2 0.9500000000000001 0.1734375 0.037037037037037035 0.030208333333333334
2 0.9518518518518518 0.3286458333333333 0.040740740740740744 0.030208333333333334
2 0.9490740740740741 0.4828125 0.04259259259259259 0.030208333333333334
2 0.9518518518518518 0.6401041666666667 0.040740740740740744 0.030208333333333334
2 0.9518518518518518 0.7963541666666667 0.044444444444444446 0.030208333333333334
2 0.05925925925925926 0.17447916666666666 0.10370370370370371 0.036458333333333336
2 0.06018518518518519 0.3296875 0.07222222222222223 0.040625
2 0.05740740740740741 0.48333333333333334 0.07777777777777778 0.041666666666666664
2 0.06481481481481481 0.6375 0.08518518518518518 0.04583333333333333
2 0.06018518518518519 0.7953125 0.07222222222222223 0.051041666666666666
7 0.2490740740740741 0.17447916666666666 0.24629629629629632 0.028125
7 0.20555555555555557 0.3307291666666667 0.16666666666666669 0.028125
7 0.28055555555555556 0.48385416666666664 0.3277777777777778 0.02395833333333333
7 0.2574074074074074 0.6401041666666667 0.2814814814814815 0.030208333333333334
7 0.26481481481481484 0.796875 0.2814814814814815 0.029166666666666667
2 0.10092592592592593 0.8953125 0.053703703703703705 0.026041666666666668
2 0.3 0.896875 0.04814814814814815 0.027083333333333334
2 0.4990740740740741 0.8963541666666667 0.05 0.030208333333333334
2 0.7000000000000001 0.896875 0.05555555555555556 0.027083333333333334
2 0.8990740740740741 0.8958333333333334 0.061111111111111116 0.014583333333333334
7 0.8990740740740741 0.921875 0.06481481481481481 0.014583333333333334
7 0.700925925925926 0.9229166666666666 0.08703703703703704 0.016666666666666666
7 0.49722222222222223 0.9223958333333333 0.061111111111111116 0.015625
7 0.30092592592592593 0.9213541666666667 0.15 0.015625
7 0.09814814814814815 0.9229166666666666 0.0962962962962963 0.016666666666666666
7 0.9 0.065625 0.11111111111111112 0.022916666666666665
