3 0.12546296296296297 0.1796875 0.2490740740740741 0.140625
3 0.375 0.1796875 0.25 0.140625
3 0.625 0.1796875 0.25 0.140625
3 0.875 0.1796875 0.25 0.140625
2 0.125 0.8958333333333334 0.07777777777777778 0.04375
2 0.375 0.8958333333333334 0.07777777777777778 0.04375
2 0.625 0.8958333333333334 0.07777777777777778 0.04375
2 0.875 0.8958333333333334 0.07777777777777778 0.04375
2 0.06851851851851852 0.07109375 0.13518518518518519 0.0765625
7 0.34074074074074073 0.07083333333333333 0.3314814814814815 0.03229166666666666
