2 0.2791666666666667 0.19453125 0.20833333333333334 0.1015625
7 0.2791666666666667 0.26484375 0.2916666666666667 0.0328125
2 0.7194444444444444 0.18932291666666667 0.2 0.11197916666666667
7 0.7199074074074074 0.2791666666666667 0.3787037037037037 0.06145833333333333
2 0.2791666666666667 0.39453125 0.19907407407407407 0.11197916666666667
7 0.2796296296296296 0.48411458333333335 0.37962962962962965 0.06197916666666667
2 0.7194444444444444 0.39453125 0.2 0.11197916666666667
7 0.7194444444444444 0.46979166666666666 0.26296296296296295 0.03333333333333333
2 0.2791666666666667 0.5997395833333333 0.19907407407407407 0.11197916666666667
7 0.2791666666666667 0.675 0.2638888888888889 0.03333333333333333
2 0.7194444444444444 0.5997395833333333 0.2 0.11197916666666667
7 0.7194444444444444 0.675 0.27222222222222225 0.03333333333333333
2 0.2791666666666667 0.8046875 0.19907407407407407 0.1125
7 0.2791666666666667 0.8802083333333334 0.2712962962962963 0.03333333333333333
2 0.7194444444444444 0.8046875 0.2 0.1125
7 0.7199074074074074 0.8942708333333333 0.3787037037037037 0.06145833333333333
2 0.06851851851851852 0.065625 0.07777777777777778 0.04375
7 0.33055555555555555 0.06510416666666667 0.4277777777777778 0.03333333333333333
2 0.8018518518518519 0.06901041666666667 0.08148148148148149 0.044270833333333336
2 0.9328703703703705 0.06640625 0.036111111111111115 0.04114583333333333
