7 0.17592592592592593 0.11875 0.2537037037037037 0.03229166666666666
7 0.23055555555555557 0.16770833333333332 0.34444444444444444 0.03333333333333333
7 0.4291666666666667 0.20833333333333334 0.7416666666666667 0.04791666666666666
0 0.8777777777777778 0.19166666666666665 0.07777777777777778 0.04375
7 0.2851851851851852 0.2661458333333333 0.4537037037037037 0.03333333333333333
7 0.4291666666666667 0.31796875 0.7416666666666667 0.0703125
0 0.8777777777777778 0.30104166666666665 0.07777777777777778 0.04375
7 0.2638888888888889 0.38671875 0.41111111111111115 0.0328125
7 0.48750000000000004 0.43828125 0.8583333333333334 0.0703125
7 0.21481481481481482 0.5049479166666666 0.3388888888888889 0.028645833333333332
7 0.25277777777777777 0.5520833333333334 0.3888888888888889 0.03333333333333333
7 0.4291666666666667 0.61484375 0.7416666666666667 0.0921875
0 0.8777777777777778 0.5984375 0.07777777777777778 0.04375
7 0.2990740740740741 0.6947916666666667 0.4814814814814815 0.03333333333333333
7 0.39305555555555555 0.7481770833333333 0.6694444444444445 0.0734375
0 0.8777777777777778 0.7296875 0.07777777777777778 0.04375
7 0.22361111111111112 0.81328125 0.3416666666666667 0.03177083333333333
2 0.11666666666666667 0.8791666666666667 0.11666666666666667 0.065625
7 0.2888888888888889 0.87890625 0.18888888888888888 0.0328125
2 0.01990740740740741 0.065625 0.03796296296296296 0.021875
2 0.06851851851851852 0.065625 0.07777777777777778 0.04375
7 0.23240740740740742 0.06510416666666667 0.23148148148148148 0.03333333333333333
2 0.9347222222222222 0.06692708333333333 0.07314814814814816 0.033854166666666664
