2 0.49953703703703706 0.05546875 0.4564814814814815 0.0453125
7 0.42962962962962964 0.11510416666666666 0.7870370370370371 0.041666666666666664
7 0.5055555555555555 0.15572916666666667 0.9388888888888889 0.026041666666666668
4 0.5013888888888889 0.265625 0.950925925925926 0.065625
7 0.18935185185185185 0.21432291666666667 0.3175925925925926 0.03697916666666667
7 0.21064814814814817 0.3450520833333333 0.3601851851851852 0.0359375
7 0.18611111111111112 0.44921875 0.11111111111111112 0.027604166666666666
7 0.11388888888888889 0.39947916666666666 0.17222222222222222 0.03125
7 0.1287037037037037 0.26484375 0.1685185185185185 0.0265625
7 0.6560185185185186 0.4473958333333333 0.11203703703703705 0.026041666666666668
7 0.18101851851851852 0.5244791666666666 0.09907407407407408 0.025
7 0.6550925925925927 0.5236979166666667 0.11018518518518519 0.0265625
7 0.12361111111111112 0.60234375 0.18611111111111112 0.027604166666666666
7 0.19907407407407407 0.6549479166666666 0.13333333333333333 0.0265625
7 0.6800925925925926 0.6552083333333333 0.16203703703703703 0.027083333333333334
7 0.21435185185185185 0.7283854166666667 0.1638888888888889 0.025520833333333333
7 0.12453703703703704 0.8088541666666667 0.18796296296296297 0.029166666666666667
7 0.6574074074074074 0.72734375 0.10555555555555556 0.025520833333333333
7 0.20324074074074075 0.8583333333333333 0.14351851851851852 0.025
7 0.6569444444444444 0.8614583333333333 0.10833333333333334 0.03125
0 0.08935185185185185 0.45078124999999997 0.08611111111111111 0.04739583333333333
0 0.5606481481481481 0.45 0.08240740740740742 0.04895833333333333
0 0.09027777777777778 0.5239583333333333 0.08055555555555556 0.05
0 0.5606481481481481 0.5252604166666667 0.08425925925925926 0.0484375
0 0.0912037037037037 0.6541666666666667 0.08425925925925926 0.046875
0 0.5625 0.6557291666666667 0.08425925925925926 0.046875
0 0.08888888888888889 0.7294270833333333 0.08703703703703704 0.050520833333333334
0 0.5625 0.7278645833333334 0.08611111111111111 0.0484375
0 0.0925925925925926 0.8604166666666666 0.09074074074074075 0.051041666666666666
0 0.5601851851851852 0.8585937499999999 0.08333333333333334 0.0484375
