7 0.21435185185185185 0.21041666666666667 0.10648148148148148 0.030208333333333334
7 0.35324074074074074 0.259375 0.38981481481481484 0.046875
2 0.19953703703703704 0.35911458333333335 0.03981481481481482 0.03177083333333333
2 0.7990740740740742 0.35885416666666664 0.037037037037037035 0.027083333333333334
7 0.7893518518518519 0.7598958333333333 0.1175925925925926 0.029166666666666667
7 0.49953703703703706 0.359375 0.18055555555555555 0.026041666666666668
7 0.19953703703703704 0.4200520833333333 0.036111111111111115 0.024479166666666666
7 0.3023148148148148 0.42265625 0.04722222222222222 0.024479166666666666
7 0.40324074074074073 0.4205729166666667 0.03796296296296296 0.021354166666666667
7 0.49722222222222223 0.42083333333333334 0.0462962962962963 0.021875
7 0.5986111111111111 0.41875 0.036111111111111115 0.027083333333333334
7 0.6962962962962963 0.41953124999999997 0.02777777777777778 0.0265625
7 0.7981481481481482 0.4203125 0.02777777777777778 0.026041666666666668
7 0.30185185185185187 0.4731770833333333 0.031481481481481485 0.0203125
7 0.39351851851851855 0.4734375 0.0462962962962963 0.021875
7 0.49444444444444446 0.475 0.0462962962962963 0.02395833333333333
7 0.5972222222222222 0.47291666666666665 0.040740740740740744 0.027083333333333334
7 0.700925925925926 0.47161458333333334 0.037037037037037035 0.025520833333333333
7 0.7967592592592593 0.47369791666666666 0.03796296296296296 0.027604166666666666
7 0.20092592592592592 0.5276041666666667 0.031481481481481485 0.022916666666666665
7 0.3 0.5283854166666666 0.04259259259259259 0.021354166666666667
7 0.39861111111111114 0.5263020833333333 0.03425925925925926 0.027604166666666666
7 0.4990740740740741 0.528125 0.0462962962962963 0.020833333333333332
7 0.5953703703703704 0.5291666666666667 0.05 0.025
7 0.6967592592592593 0.5278645833333333 0.05277777777777778 0.022395833333333334
7 0.7976851851851852 0.5270833333333333 0.05277777777777778 0.026041666666666668
7 0.20231481481481484 0.5822916666666667 0.04722222222222222 0.020833333333333332
7 0.29953703703703705 0.5828125 0.058333333333333334 0.025
7 0.39583333333333337 0.5830729166666666 0.05092592592592593 0.022395833333333334
7 0.49722222222222223 0.5825520833333333 0.044444444444444446 0.022395833333333334
7 0.5930555555555556 0.5828125 0.06018518518518519 0.02395833333333333
7 0.7000000000000001 0.5817708333333333 0.044444444444444446 0.020833333333333332
7 0.7953703703703704 0.5822916666666667 0.053703703703703705 0.020833333333333332
7 0.2 0.6369791666666667 0.044444444444444446 0.020833333333333332
7 0.2986111111111111 0.6372395833333333 0.05092592592592593 0.022395833333333334
7 0.39675925925925926 0.6385416666666667 0.04722222222222222 0.022916666666666665
7 0.4967592592592593 0.63671875 0.05462962962962963 0.0234375
7 0.5986111111111111 0.6380208333333334 0.05462962962962963 0.025
7 0.6990740740740741 0.6372395833333333 0.05 0.021354166666666667
7 0.7972222222222223 0.6375 0.05185185185185186 0.021875
7 0.20092592592592592 0.6924479166666666 0.05 0.0203125
7 0.3 0.6919270833333333 0.05 0.019270833333333334
7 0.39537037037037037 0.6919270833333333 0.05185185185185186 0.0265625
7 0.49583333333333335 0.69140625 0.05092592592592593 0.0234375
