2 0.06296296296296297 0.14479166666666665 0.08703703703703704 0.04895833333333333
7 0.20601851851851852 0.1375 0.16018518518518518 0.021875
7 0.16527777777777777 0.15598958333333332 0.08611111111111111 0.01614583333333333
7 0.46990740740740744 0.14453125 0.025 0.0328125
7 0.49953703703703706 0.14453125 0.03425925925925926 0.0328125
7 0.5291666666666667 0.14453125 0.025 0.0328125
7 0.7736111111111111 0.1375 0.19907407407407407 0.021875
7 0.8351851851851853 0.15598958333333332 0.08703703703703704 0.015104166666666667
2 0.9365740740740741 0.14479166666666665 0.08796296296296297 0.04895833333333333
2 0.0699074074074074 0.07057291666666667 0.062037037037037036 0.0296875
7 0.25462962962962965 0.07083333333333333 0.21851851851851853 0.036458333333333336
5 0.11388888888888889 0.5346354166666667 0.06666666666666667 0.03802083333333333
5 0.11018518518518519 0.609375 0.06851851851851852 0.040625
5 0.11296296296296297 0.6830729166666667 0.061111111111111116 0.03802083333333333
