2 0.5444444444444445 0.1578125 0.27037037037037037 0.090625
2 0.8398148148148148 0.1578125 0.27037037037037037 0.090625
7 0.09861111111111112 0.23880208333333333 0.17314814814814816 0.025520833333333333
7 0.10787037037037038 0.26458333333333334 0.19166666666666668 0.026041666666666668
7 0.42638888888888893 0.23880208333333333 0.225 0.025520833333333333
7 0.42638888888888893 0.26458333333333334 0.225 0.026041666666666668
7 0.6509259259259259 0.23880208333333333 0.2240740740740741 0.025520833333333333
7 0.6509259259259259 0.26458333333333334 0.2240740740740741 0.026041666666666668
7 0.875 0.23880208333333333 0.2240740740740741 0.025520833333333333
7 0.875 0.26458333333333334 0.2240740740740741 0.026041666666666668
2 0.06851851851851852 0.065625 0.07777777777777778 0.04375
7 0.20370370370370372 0.06510416666666667 0.17407407407407408 0.03333333333333333
2 0.13425925925925927 0.8416666666666667 0.07962962962962963 0.046875
2 0.375 0.8364583333333333 0.11296296296296297 0.046875
2 0.6240740740740741 0.8372395833333334 0.08518518518518518 0.044270833333333336
2 0.8708333333333333 0.83828125 0.0712962962962963 0.044270833333333336
2 0.938425925925926 0.06614583333333333 0.075 0.03958333333333333
