7 0.5 0.16484375 0.6074074074074074 0.050520833333333334
2 0.11388888888888889 0.25703125 0.07777777777777778 0.0328125
4 0.4990740740740741 0.25729166666666664 0.9462962962962963 0.06979166666666667
7 0.4416666666666667 0.36666666666666664 0.7574074074074074 0.036458333333333336
7 0.4467592592592593 0.48541666666666666 0.7694444444444445 0.05416666666666667
2 0.9148148148148149 0.48463541666666665 0.024074074074074074 0.019270833333333334
7 0.475462962962963 0.61640625 0.8175925925925926 0.0515625
2 0.9148148148148149 0.615625 0.024074074074074074 0.01875
7 0.40972222222222227 0.7466145833333333 0.687962962962963 0.05677083333333333
2 0.9148148148148149 0.7466145833333333 0.024074074074074074 0.019270833333333334
2 0.12592592592592594 0.8921875 0.06296296296296297 0.035416666666666666
7 0.2064814814814815 0.8921875 0.05925925925925926 0.022916666666666665
2 0.45416666666666666 0.8921875 0.0638888888888889 0.035416666666666666
7 0.5398148148148149 0.8921875 0.06851851851851852 0.022916666666666665
2 0.7796296296296297 0.8921875 0.06296296296296297 0.035416666666666666
7 0.8745370370370371 0.8921875 0.08796296296296297 0.022916666666666665
2 0.01990740740740741 0.065625 0.03796296296296296 0.021875
2 0.06342592592592593 0.065625 0.06759259259259259 0.04375
7 0.1550925925925926 0.06510416666666667 0.09537037037037037 0.029166666666666667
7 0.24212962962962964 0.2578125 0.1527777777777778 0.03125
