2 0.06805555555555556 0.26119791666666664 0.09722222222222222 0.0546875
7 0.27314814814814814 0.24661458333333333 0.2351851851851852 0.025520833333333333
7 0.2189814814814815 0.28151041666666665 0.12685185185185185 0.022395833333333334
7 0.9708333333333333 0.2630208333333333 0.019444444444444445 0.026041666666666668
2 0.06805555555555556 0.3424479166666667 0.09722222222222222 0.0546875
7 0.2490740740740741 0.32786458333333335 0.18703703703703706 0.025520833333333333
7 0.2189814814814815 0.36276041666666664 0.12685185185185185 0.022395833333333334
7 0.9708333333333333 0.3442708333333333 0.019444444444444445 0.026041666666666668
2 0.06805555555555556 0.4236979166666667 0.09722222222222222 0.0546875
7 0.19907407407407407 0.40911458333333334 0.08703703703703704 0.025520833333333333
7 0.2189814814814815 0.4440104166666667 0.12685185185185185 0.022395833333333334
7 0.9708333333333333 0.42552083333333335 0.019444444444444445 0.026041666666666668
2 0.06805555555555556 0.5049479166666666 0.09722222222222222 0.0546875
7 0.24074074074074076 0.4903645833333333 0.17037037037037037 0.025520833333333333
7 0.2189814814814815 0.5252604166666667 0.12685185185185185 0.022395833333333334
7 0.9708333333333333 0.5067708333333333 0.019444444444444445 0.026041666666666668
2 0.06805555555555556 0.5861979166666667 0.09722222222222222 0.0546875
7 0.27361111111111114 0.5716145833333334 0.23611111111111113 0.025520833333333333
7 0.21064814814814817 0.6065104166666666 0.11018518518518519 0.022395833333333334
7 0.9708333333333333 0.5880208333333333 0.019444444444444445 0.026041666666666668
2 0.06805555555555556 0.7153645833333333 0.09722222222222222 0.0546875
7 0.21342592592592594 0.7010416666666667 0.11574074074074074 0.026041666666666668
7 0.18564814814814815 0.7359375 0.06018518518518519 0.021875
7 0.9222222222222223 0.7174479166666666 0.11666666666666667 0.025520833333333333
2 0.06805555555555556 0.7966145833333333 0.09722222222222222 0.0546875
7 0.19074074074074074 0.7822916666666666 0.07037037037037037 0.026041666666666668
7 0.18564814814814815 0.8171875 0.06018518518518519 0.021875
7 0.9222222222222223 0.7986979166666667 0.11666666666666667 0.025520833333333333
2 0.06805555555555556 0.8778645833333333 0.09722222222222222 0.0546875
7 0.3509259259259259 0.8635416666666667 0.3907407407407408 0.026041666666666668
7 0.18564814814814815 0.8984375 0.06018518518518519 0.021875
7 0.9222222222222223 0.8799479166666666 0.11666666666666667 0.025520833333333333
2 0.06805555555555556 0.9330729166666667 0.09722222222222222 0.0026041666666666665
7 0.2796296296296296 0.9330729166666667 0.24814814814814815 0.0026041666666666665
7 0.24953703703703706 0.14192708333333334 0.2138888888888889 0.025520833333333333
7 0.7495370370370371 0.14192708333333334 0.10277777777777779 0.025520833333333333
2 0.06851851851851852 0.07135416666666666 0.06296296296296297 0.03125
7 0.2837962962962963 0.07083333333333333 0.27685185185185185 0.036458333333333336
7 0.14120370370370372 0.19947916666666665 0.2564814814814815 0.022916666666666665
