7 0.3699074074074074 0.06901041666666667 0.3824074074074074 0.03802083333333333
7 0.2537037037037037 0.20598958333333334 0.15925925925925927 0.028645833333333332
7 0.27314814814814814 0.13359375 0.49259259259259264 0.025520833333333333
7 0.7476851851851852 0.20208333333333334 0.125 0.02395833333333333
7 0.37592592592592594 0.253125 0.1925925925925926 0.02395833333333333
7 0.4569444444444445 0.2786458333333333 0.3453703703703704 0.021875
7 0.9296296296296297 0.27838541666666666 0.14074074074074075 0.021354166666666667
7 0.5435185185185185 0.31197916666666664 0.2537037037037037 0.022916666666666665
7 0.9273148148148148 0.4296875 0.14537037037037037 0.017708333333333333
7 0.3472222222222222 0.4036458333333333 0.14074074074074075 0.027083333333333334
7 0.44583333333333336 0.42942708333333335 0.325 0.018229166666666668
7 0.8157407407407408 0.46328125 0.25 0.022395833333333334
7 0.3662037037037037 0.5541666666666667 0.1712962962962963 0.021875
7 0.42638888888888893 0.5809895833333333 0.28611111111111115 0.0203125
7 0.9212962962962963 0.5815104166666667 0.15185185185185185 0.0171875
7 0.4314814814814815 0.6171875 0.30185185185185187 0.02395833333333333
7 0.3907407407407408 0.7044270833333334 0.2240740740740741 0.0234375
7 0.4569444444444445 0.7299479166666667 0.3527777777777778 0.0203125
7 0.9236111111111112 0.7315104166666666 0.1527777777777778 0.021354166666666667
7 0.425462962962963 0.7661458333333333 0.287962962962963 0.02395833333333333
7 0.3416666666666667 0.8565104166666666 0.12592592592592594 0.027604166666666666
7 0.44074074074074077 0.8820312499999999 0.32407407407407407 0.022395833333333334
7 0.9421296296296297 0.88046875 0.11574074074074074 0.0203125
7 0.5453703703703704 0.9161458333333333 0.2555555555555556 0.026041666666666668
2 0.07083333333333333 0.06354166666666666 0.0638888888888889 0.028125
2 0.9268518518518519 0.0625 0.05555555555555556 0.03229166666666666
3 0.13472222222222222 0.30859375 0.2490740740740741 0.13697916666666665
3 0.13333333333333333 0.45989583333333334 0.2518518518518519 0.13958333333333334
3 0.1337962962962963 0.6109375 0.2490740740740741 0.140625
3 0.1328703703703704 0.7640625 0.24722222222222223 0.13854166666666667
3 0.13333333333333333 0.88828125 0.25 0.0921875
4 0.4990740740740741 0.1328125 0.9851851851851853 0.06354166666666666
