4 0.49953703703703706 0.24739583333333334 0.9083333333333333 0.10104166666666667
7 0.3375 0.2484375 0.525 0.028125
4 0.4953703703703704 0.33098958333333334 0.9148148148148149 0.09114583333333333
2 0.6800925925925926 0.08958333333333333 0.075 0.05
7 0.5041666666666667 0.5145833333333333 0.125 0.029166666666666667
7 0.3731481481481482 0.09348958333333333 0.3462962962962963 0.03697916666666667
7 0.8412037037037038 0.15442708333333333 0.18796296296296297 0.021354166666666667
7 0.24814814814814815 0.33828125 0.34444444444444444 0.025520833333333333
7 0.3472222222222222 0.4239583333333333 0.35370370370370374 0.028125
7 0.275 0.5934895833333333 0.3388888888888889 0.025520833333333333
7 0.7453703703703703 0.5921875 0.3 0.02395833333333333
2 0.14351851851851852 0.09401041666666667 0.08703703703703704 0.06510416666666667
2 0.7907407407407407 0.0875 0.08333333333333334 0.05625
2 0.9009259259259259 0.09036458333333333 0.09074074074074075 0.057812499999999996
2 0.712037037037037 0.15234375 0.061111111111111116 0.0359375
0 0.14027777777777778 0.42343749999999997 0.08055555555555556 0.04375
