7 0.2125 0.15833333333333333 0.13796296296296298 0.029166666666666667
7 0.23657407407407408 0.2203125 0.08981481481481482 0.028125
7 0.21666666666666667 0.28411458333333334 0.12962962962962962 0.03177083333333333
7 0.2199074074074074 0.3458333333333333 0.12314814814814816 0.03125
7 0.18796296296296297 0.4088541666666667 0.18703703703703706 0.03333333333333333
7 0.16898148148148148 0.4692708333333333 0.225 0.029166666666666667
7 0.500925925925926 0.5380208333333333 0.11296296296296297 0.03125
2 0.01990740740740741 0.065625 0.03796296296296296 0.021875
2 0.06851851851851852 0.065625 0.07777777777777778 0.04375
7 0.21805555555555556 0.06510416666666667 0.20277777777777778 0.03333333333333333
7 0.3574074074074074 0.15572916666666667 0.10740740740740741 0.029166666666666667
7 0.37962962962962965 0.21979166666666666 0.14814814814814814 0.03125
7 0.4791666666666667 0.28203125 0.3527777777777778 0.03177083333333333
7 0.5592592592592592 0.34375 0.5055555555555555 0.030208333333333334
7 0.4601851851851852 0.40598958333333335 0.32037037037037036 0.03177083333333333
7 0.48703703703703705 0.46822916666666664 0.3666666666666667 0.03229166666666666
