2 0.08240740740740742 0.13463541666666667 0.08703703703703704 0.050520833333333334
7 0.4291666666666667 0.15572916666666667 0.5287037037037037 0.06458333333333333
2 0.8587962962962963 0.13151041666666666 0.049074074074074076 0.044270833333333336
2 0.937962962962963 0.13567708333333334 0.053703703703703705 0.030729166666666665
2 0.08240740740740742 0.26927083333333335 0.08703703703703704 0.051041666666666666
7 0.29583333333333334 0.24348958333333334 0.27870370370370373 0.0390625
7 0.44907407407407407 0.28802083333333334 0.5685185185185185 0.059375
2 0.8583333333333334 0.27265625 0.06481481481481481 0.050520833333333334
2 0.938425925925926 0.2700520833333333 0.05277777777777778 0.0328125
2 0.08240740740740742 0.4036458333333333 0.08703703703703704 0.04895833333333333
7 0.25092592592592594 0.37421875 0.17222222222222222 0.03802083333333333
7 0.40092592592592596 0.425 0.47222222222222227 0.06354166666666666
2 0.8578703703703704 0.4067708333333333 0.05092592592592593 0.04583333333333333
2 0.9375 0.40390624999999997 0.06018518518518519 0.030729166666666665
2 0.08240740740740742 0.5385416666666667 0.08703703703703704 0.051041666666666666
7 0.2828703703703704 0.5122395833333333 0.24537037037037038 0.034895833333333334
7 0.42314814814814816 0.56015625 0.5333333333333333 0.0671875
2 0.8606481481481482 0.5395833333333333 0.05648148148148149 0.0375
2 0.9393518518518519 0.53828125 0.05648148148148149 0.03177083333333333
7 0.08101851851851852 0.6640625 0.10833333333333334 0.040625
2 0.08240740740740742 0.7557291666666667 0.08703703703703704 0.04895833333333333
7 0.25092592592592594 0.7294270833333333 0.1925925925925926 0.03802083333333333
7 0.4444444444444445 0.7736979166666667 0.562962962962963 0.058854166666666666
2 0.862962962962963 0.7580729166666667 0.05925925925925926 0.044270833333333336
2 0.938425925925926 0.7559895833333333 0.062037037037037036 0.0328125
2 0.08240740740740742 0.890625 0.08703703703703704 0.046875
7 0.29583333333333334 0.8624999999999999 0.26944444444444443 0.03854166666666667
7 0.4550925925925926 0.9091145833333333 0.6083333333333334 0.0546875
2 0.8601851851851852 0.8937499999999999 0.05925925925925926 0.04375
2 0.9393518518518519 0.890625 0.058333333333333334 0.03333333333333333
7 0.2791666666666667 0.07083333333333333 0.20833333333333334 0.036458333333333336
2 0.06805555555555556 0.07265625 0.05648148148148149 0.0359375
