7 0.3717592592592593 0.37213541666666666 0.24722222222222223 0.025520833333333333
7 0.5143518518518518 0.37213541666666666 0.008333333333333333 0.025520833333333333
7 0.6421296296296296 0.37213541666666666 0.2175925925925926 0.025520833333333333
2 0.500462962962963 0.10078125 0.9990740740740741 0.0046875
2 0.01990740740740741 0.065625 0.03796296296296296 0.021875
2 0.06851851851851852 0.065625 0.07777777777777778 0.04375
7 0.36944444444444446 0.06510416666666667 0.5055555555555555 0.03333333333333333
7 0.19398148148148148 0.15755208333333334 0.3194444444444445 0.028645833333333332
7 0.14305555555555557 0.22630208333333332 0.2064814814814815 0.028645833333333332
7 0.5023148148148149 0.30364583333333334 0.3101851851851852 0.028125
