2 0.07083333333333333 0.06458333333333333 0.0638888888888889 0.03125
3 0.1337962962962963 0.23541666666666666 0.24351851851851852 0.13645833333333332
3 0.1337962962962963 0.41692708333333334 0.24351851851851852 0.13697916666666665
3 0.1337962962962963 0.5986979166666666 0.24351851851851852 0.13697916666666665
3 0.1337962962962963 0.7802083333333333 0.24351851851851852 0.13645833333333332
7 0.32407407407407407 0.06458333333333333 0.29074074074074074 0.03333333333333333
7 0.13518518518518519 0.12942708333333333 0.12037037037037038 0.021354166666666667
7 0.3907407407407408 0.12864583333333332 0.08888888888888889 0.01875
7 0.6458333333333334 0.13046875 0.10833333333333334 0.021354166666666667
7 0.4351851851851852 0.20651041666666667 0.3148148148148148 0.022395833333333334
7 0.3300925925925926 0.17786458333333333 0.09907407407407408 0.0203125
7 0.3439814814814815 0.24166666666666667 0.13055555555555556 0.021875
7 0.46435185185185185 0.26979166666666665 0.3842592592592593 0.022916666666666665
7 0.8120370370370371 0.309375 0.08148148148148149 0.020833333333333332
7 0.8087962962962963 0.49140625 0.08055555555555556 0.021354166666666667
7 0.8092592592592593 0.6721354166666667 0.07777777777777778 0.0203125
7 0.8106481481481482 0.8557291666666667 0.075 0.01875
7 0.4101851851851852 0.3598958333333333 0.2574074074074074 0.028125
7 0.47962962962962963 0.38828125 0.40185185185185185 0.0234375
7 0.3527777777777778 0.4231770833333333 0.14444444444444446 0.019270833333333334
7 0.46620370370370373 0.45208333333333334 0.3768518518518519 0.025
7 0.4027777777777778 0.54140625 0.24629629629629632 0.024479166666666666
7 0.4564814814814815 0.5697916666666667 0.35000000000000003 0.022916666666666665
7 0.3490740740740741 0.60625 0.12962962962962962 0.02395833333333333
7 0.46435185185185185 0.6328125 0.3731481481481482 0.027083333333333334
7 0.3550925925925926 0.72265625 0.16203703703703703 0.0234375
7 0.4101851851851852 0.75234375 0.26481481481481484 0.024479166666666666
7 0.3439814814814815 0.7872395833333333 0.125 0.021354166666666667
7 0.4675925925925926 0.8138020833333334 0.37777777777777777 0.025520833333333333
7 0.33611111111111114 0.9041666666666667 0.11111111111111112 0.022916666666666665
