2 0.05 0.0625 0.06851851851851852 0.03854166666666667
7 0.49768518518518523 0.0609375 0.2712962962962963 0.040625
7 0.8865740740740741 0.0609375 0.09907407407407408 0.025
7 0.18472222222222223 0.14140625 0.14722222222222223 0.0296875
7 0.38657407407407407 0.1375 0.2064814814814815 0.036458333333333336
7 0.22731481481481483 0.20390624999999998 0.07685185185185185 0.03177083333333333
7 0.38333333333333336 0.19921875 0.2 0.0359375
7 0.5027777777777778 0.27630208333333334 0.22777777777777777 0.030729166666666665
2 0.04166666666666667 0.9104166666666667 0.07777777777777778 0.04375
7 0.5388888888888889 0.9106770833333333 0.9166666666666667 0.044270833333333336
