2 0.08425925925925926 0.8723958333333334 0.16666666666666669 0.09479166666666666
2 0.350462962962963 0.8723958333333334 0.1675925925925926 0.09479166666666666
2 0.6439814814814815 0.87265625 0.17685185185185187 0.10052083333333334
2 0.9171296296296296 0.8723958333333334 0.16574074074074074 0.08958333333333333
2 0.09351851851851853 0.7408854166666666 0.14814814814814814 0.08385416666666666
3 0.09351851851851853 0.740625 0.1388888888888889 0.078125
7 0.09305555555555556 0.7919270833333333 0.15833333333333333 0.018229166666666668
3 0.2518518518518519 0.740625 0.1388888888888889 0.078125
7 0.2513888888888889 0.7919270833333333 0.15833333333333333 0.018229166666666668
3 0.4101851851851852 0.740625 0.1388888888888889 0.078125
7 0.40972222222222227 0.7919270833333333 0.15833333333333333 0.018229166666666668
3 0.5685185185185185 0.740625 0.1388888888888889 0.078125
7 0.5680555555555555 0.7919270833333333 0.15833333333333333 0.018229166666666668
3 0.7268518518518519 0.740625 0.1388888888888889 0.078125
7 0.7263888888888889 0.7919270833333333 0.15833333333333333 0.018229166666666668
3 0.8851851851851852 0.740625 0.1388888888888889 0.078125
7 0.8847222222222223 0.7919270833333333 0.15833333333333333 0.018229166666666668
3 0.987037037037037 0.740625 0.02592592592592593 0.078125
7 0.9819444444444445 0.7919270833333333 0.036111111111111115 0.018229166666666668
3 0.4912037037037037 0.4049479166666667 0.9750000000000001 0.37447916666666664
