2 0.08611111111111111 0.05 0.13333333333333333 0.078125
7 0.5694444444444444 0.04895833333333333 0.12592592592592594 0.03125
7 0.1800925925925926 0.19296875 0.11388888888888889 0.0828125
7 0.5027777777777778 0.19114583333333332 0.10370370370370371 0.08020833333333333
7 0.8245370370370371 0.18984375 0.10277777777777779 0.0796875
7 0.17222222222222222 0.3731770833333333 0.08703703703703704 0.08177083333333333
7 0.500462962962963 0.3716145833333333 0.12314814814814816 0.08802083333333333
7 0.8268518518518518 0.37447916666666664 0.1 0.0875
7 0.17685185185185187 0.5552083333333333 0.10185185185185186 0.078125
7 0.49722222222222223 0.5549479166666667 0.0925925925925926 0.08072916666666667
7 0.8189814814814815 0.5533854166666666 0.08055555555555556 0.07760416666666667
7 0.17500000000000002 0.7359375 0.08888888888888889 0.078125
7 0.49722222222222223 0.7380208333333333 0.10555555555555556 0.08229166666666667
7 0.8143518518518519 0.7375 0.07685185185185185 0.084375
