2 0.49953703703703706 0.2513020833333333 0.14537037037037037 0.08177083333333333
7 0.49953703703703706 0.32890625 0.15833333333333333 0.0296875
7 0.32083333333333336 0.35494791666666664 0.04537037037037037 0.022395833333333334
2 0.49953703703703706 0.4700520833333333 0.14537037037037037 0.08177083333333333
7 0.4990740740740741 0.54765625 0.26851851851851855 0.0296875
7 0.49953703703703706 0.5736979166666667 0.04537037037037037 0.022395833333333334
2 0.24953703703703706 0.7653645833333333 0.14537037037037037 0.08177083333333333
7 0.24722222222222223 0.8598958333333333 0.30185185185185187 0.05625
7 0.24953703703703706 0.8950520833333333 0.04537037037037037 0.022395833333333334
2 0.7495370370370371 0.7653645833333333 0.14537037037037037 0.08177083333333333
7 0.7490740740740741 0.8429687499999999 0.17037037037037037 0.0296875
7 0.7495370370370371 0.8690104166666667 0.04537037037037037 0.022395833333333334
7 0.24953703703703706 0.14192708333333334 0.10648148148148148 0.025520833333333333
7 0.7490740740740741 0.14192708333333334 0.08148148148148149 0.025520833333333333
2 0.06712962962962964 0.07265625 0.058333333333333334 0.03177083333333333
7 0.35000000000000003 0.07083333333333333 0.40925925925925927 0.036458333333333336
