7 0.38796296296296295 0.07083333333333333 0.4851851851851852 0.036458333333333336
2 0.06759259259259259 0.06953125 0.06296296296296297 0.03177083333333333
2 0.15185185185185185 0.16692708333333334 0.0925925925925926 0.0328125
7 0.6555555555555556 0.17291666666666666 0.6888888888888889 0.058333333333333334
2 0.1574074074074074 0.26171875 0.11296296296296297 0.0328125
7 0.49259259259259264 0.2622395833333333 0.362962962962963 0.024479166666666666
7 0.48935185185185187 0.33098958333333334 0.587962962962963 0.044270833333333336
7 0.34490740740740744 0.3802083333333333 0.3027777777777778 0.041666666666666664
7 0.3740740740740741 0.4341145833333333 0.3611111111111111 0.028645833333333332
2 0.1537037037037037 0.5153645833333333 0.09814814814814815 0.028645833333333332
7 0.6555555555555556 0.51796875 0.6888888888888889 0.0453125
2 0.1550925925925926 0.6072916666666667 0.075 0.03125
7 0.6189814814814815 0.6138020833333333 0.6157407407407408 0.024479166666666666
2 0.15416666666666667 0.6997395833333333 0.0787037037037037 0.028645833333333332
7 0.6555555555555556 0.70390625 0.6888888888888889 0.0453125
2 0.15324074074074073 0.79375 0.09166666666666667 0.029166666666666667
7 0.65 0.7971354166666667 0.6888888888888889 0.0453125
2 0.1550925925925926 0.8856770833333333 0.08981481481481482 0.028645833333333332
7 0.5152777777777778 0.8861979166666667 0.4083333333333333 0.024479166666666666
0 0.1587962962962963 0.3307291666666667 0.058333333333333334 0.036458333333333336
0 0.15787037037037038 0.38125 0.05648148148148149 0.03229166666666666
0 0.15925925925925927 0.4322916666666667 0.05925925925925926 0.03333333333333333
