7 0.4078703703703704 0.12890625 0.7675925925925926 0.027604166666666666
2 0.9564814814814815 0.12916666666666665 0.061111111111111116 0.034375
2 0.8472222222222222 0.12916666666666665 0.061111111111111116 0.034375
3 0.24953703703703706 0.30078125 0.49722222222222223 0.2796875
3 0.7495370370370371 0.30078125 0.49722222222222223 0.2796875
3 0.24953703703703706 0.58203125 0.49722222222222223 0.2796875
3 0.7495370370370371 0.58203125 0.49722222222222223 0.2796875
3 0.24953703703703706 0.79453125 0.49722222222222223 0.1421875
3 0.7495370370370371 0.79453125 0.49722222222222223 0.1421875
2 0.0638888888888889 0.065625 0.07777777777777778 0.04375
2 0.7958333333333334 0.06640625 0.04537037037037037 0.05572916666666666
2 0.9319444444444445 0.06458333333333333 0.09351851851851853 0.058333333333333334
