2 0.07777777777777778 0.20755208333333333 0.07777777777777778 0.0328125
2 0.06805555555555556 0.27890625 0.09722222222222222 0.0546875
7 0.25324074074074077 0.2796875 0.23425925925925928 0.028125
7 0.925 0.2786458333333333 0.11111111111111112 0.014583333333333334
2 0.06805555555555556 0.35546875 0.09722222222222222 0.0546875
7 0.250462962962963 0.35651041666666666 0.22870370370370371 0.027604166666666666
7 0.925 0.35572916666666665 0.11111111111111112 0.014583333333333334
2 0.06805555555555556 0.43255208333333334 0.09722222222222222 0.0546875
7 0.2814814814814815 0.43515624999999997 0.29074074074074074 0.030729166666666665
7 0.925 0.43255208333333334 0.11111111111111112 0.015104166666666667
2 0.06805555555555556 0.5096354166666667 0.09722222222222222 0.0546875
7 0.2611111111111111 0.5111979166666667 0.25 0.028645833333333332
7 0.9194444444444445 0.5096354166666667 0.12222222222222223 0.015104166666666667
2 0.06805555555555556 0.58671875 0.09722222222222222 0.0546875
7 0.20277777777777778 0.5877604166666667 0.13333333333333333 0.028645833333333332
7 0.9194444444444445 0.5864583333333333 0.12222222222222223 0.014583333333333334
2 0.06805555555555556 0.66328125 0.09722222222222222 0.0546875
7 0.25925925925925924 0.6651041666666666 0.24629629629629632 0.029166666666666667
7 0.9268518518518519 0.6640625 0.10740740740740741 0.015625
2 0.06805555555555556 0.7403645833333333 0.09722222222222222 0.0546875
7 0.2050925925925926 0.7416666666666667 0.13796296296296298 0.028125
7 0.925 0.7403645833333333 0.11111111111111112 0.015104166666666667
7 0.23611111111111113 0.8182291666666667 0.2 0.027083333333333334
7 0.925 0.8174479166666666 0.11111111111111112 0.015104166666666667
7 0.24953703703703706 0.14192708333333334 0.21203703703703705 0.025520833333333333
7 0.7490740740740741 0.14192708333333334 0.13703703703703704 0.025520833333333333
2 0.06527777777777778 0.07005208333333333 0.05648148148148149 0.028645833333333332
7 0.3402777777777778 0.07083333333333333 0.38981481481481484 0.036458333333333336
