3 0.4990740740740741 0.25807291666666665 0.42592592592592593 0.19114583333333332
7 0.4990740740740741 0.41796875 0.3703703703703704 0.049479166666666664
7 0.5018518518518519 0.50703125 0.34444444444444444 0.0359375
2 0.40694444444444444 0.8953125 0.08611111111111111 0.04791666666666666
2 0.5925925925925926 0.8953125 0.08518518518518518 0.04791666666666666
3 0.49953703703703706 0.7088541666666667 0.24351851851851852 0.13645833333333332
7 0.2657407407407408 0.07083333333333333 0.24074074074074076 0.036458333333333336
2 0.06759259259259259 0.07161458333333333 0.06296296296296297 0.030729166666666665
2 0.7097222222222223 0.07213541666666666 0.08240740740740742 0.044270833333333336
2 0.825925925925926 0.07135416666666666 0.06851851851851852 0.041666666666666664
2 0.937962962962963 0.07161458333333333 0.07777777777777778 0.0421875
