2 0.07592592592592592 0.06822916666666666 0.07777777777777778 0.04375
2 0.8250000000000001 0.06822916666666666 0.11666666666666667 0.07083333333333333
2 0.9416666666666667 0.06822916666666666 0.11666666666666667 0.07083333333333333
7 0.437962962962963 0.07057291666666667 0.6240740740740741 0.028645833333333332
7 0.4898148148148148 0.13984375 0.5611111111111111 0.033854166666666664
7 0.49259259259259264 0.18723958333333332 0.5611111111111111 0.058854166666666666
7 0.8856481481481482 0.14947916666666666 0.10648148148148148 0.02395833333333333
7 0.8861111111111112 0.20677083333333332 0.0925925925925926 0.021875
7 0.8476851851851852 0.3091145833333333 0.1824074074074074 0.03177083333333333
7 0.4416666666666667 0.4747395833333333 0.8240740740740741 0.0828125
7 0.49722222222222223 0.5994791666666667 0.9388888888888889 0.07708333333333334
7 0.5013888888888889 0.7854166666666667 0.937962962962963 0.2583333333333333
2 0.1125 0.17135416666666667 0.11018518518518519 0.071875
2 0.08518518518518518 0.30625 0.07962962962962963 0.04583333333333333
2 0.07222222222222223 0.3911458333333333 0.06481481481481481 0.02395833333333333
2 0.34814814814814815 0.3911458333333333 0.06666666666666667 0.05
2 0.5342592592592593 0.3932291666666667 0.07962962962962963 0.04791666666666666
2 0.7236111111111111 0.3919270833333333 0.11203703703703705 0.0453125
2 0.912962962962963 0.3919270833333333 0.08148148148148149 0.0453125
