7 0.1685185185185185 0.3575520833333333 0.2796296296296296 0.0296875
2 0.4412037037037037 0.3575520833333333 0.058333333333333334 0.0328125
7 0.6490740740740741 0.3575520833333333 0.2796296296296296 0.0296875
2 0.9217592592592593 0.3575520833333333 0.058333333333333334 0.0328125
7 0.4476851851851852 0.41796875 0.04537037037037037 0.022395833333333334
7 0.25925925925925924 0.45989583333333334 0.38333333333333336 0.06145833333333333
7 0.1685185185185185 0.6278645833333333 0.2796296296296296 0.0296875
2 0.4412037037037037 0.6278645833333333 0.058333333333333334 0.0328125
7 0.9282407407407408 0.41796875 0.04537037037037037 0.022395833333333334
7 0.7351851851851852 0.4458333333333333 0.3740740740740741 0.03333333333333333
7 0.6490740740740741 0.6278645833333333 0.2796296296296296 0.0296875
2 0.9217592592592593 0.6278645833333333 0.058333333333333334 0.0328125
7 0.4476851851851852 0.68828125 0.04537037037037037 0.022395833333333334
7 0.20185185185185187 0.7330729166666666 0.26851851851851855 0.0671875
7 0.1685185185185185 0.8981770833333333 0.2796296296296296 0.0296875
2 0.4412037037037037 0.8981770833333333 0.058333333333333334 0.0328125
7 0.9282407407407408 0.68828125 0.04537037037037037 0.022395833333333334
7 0.6875 0.7161458333333334 0.27870370370370373 0.03333333333333333
7 0.6490740740740741 0.8981770833333333 0.2796296296296296 0.0296875
2 0.9217592592592593 0.8981770833333333 0.058333333333333334 0.0328125
2 0.06574074074074074 0.07083333333333333 0.05740740740740741 0.03125
7 0.24629629629629632 0.07083333333333333 0.20185185185185187 0.036458333333333336
2 0.20694444444444446 0.19661458333333334 0.17500000000000002 0.0984375
7 0.5652777777777778 0.165625 0.5027777777777778 0.036458333333333336
7 0.41620370370370374 0.20598958333333334 0.20462962962962963 0.022395833333333334
7 0.6083333333333334 0.23776041666666667 0.5888888888888889 0.04114583333333333
