7 0.20787037037037037 0.16458333333333333 0.33055555555555555 0.03229166666666666
2 0.08240740740740742 0.23177083333333334 0.08703703703703704 0.03333333333333333
7 0.3050925925925926 0.25078125 0.28055555555555556 0.03177083333333333
7 0.20925925925925926 0.21588541666666666 0.08888888888888889 0.03802083333333333
2 0.08240740740740742 0.3372395833333333 0.08703703703703704 0.0328125
7 0.31712962962962965 0.35625 0.30462962962962964 0.03125
7 0.21203703703703705 0.3216145833333333 0.09444444444444444 0.03802083333333333
2 0.08240740740740742 0.44296874999999997 0.08703703703703704 0.0328125
7 0.31712962962962965 0.46171875 0.30462962962962964 0.03177083333333333
7 0.22824074074074074 0.42682291666666666 0.12685185185185185 0.03802083333333333
2 0.08240740740740742 0.5481770833333334 0.08703703703703704 0.033854166666666664
7 0.31712962962962965 0.5671875 0.30462962962962964 0.03125
7 0.21481481481481482 0.5325520833333334 0.1 0.03802083333333333
2 0.08240740740740742 0.6536458333333334 0.08703703703703704 0.03333333333333333
7 0.31712962962962965 0.67265625 0.30462962962962964 0.03177083333333333
7 0.2101851851851852 0.6377604166666666 0.09074074074074075 0.03802083333333333
7 0.25833333333333336 0.07083333333333333 0.16666666666666669 0.036458333333333336
2 0.07037037037037037 0.07109375 0.061111111111111116 0.034895833333333334
2 0.9152777777777779 0.23489583333333333 0.058333333333333334 0.035416666666666666
