7 0.4953703703703704 0.27760416666666665 0.5648148148148149 0.03229166666666666
7 0.375 0.34270833333333334 0.2574074074074074 0.027083333333333334
7 0.5166666666666667 0.3828125 0.5407407407407407 0.042708333333333334
7 0.4240740740740741 0.44479166666666664 0.35185185185185186 0.027083333333333334
7 0.5657407407407408 0.48593749999999997 0.6462962962962964 0.04479166666666667
7 0.4324074074074074 0.5505208333333333 0.38333333333333336 0.030208333333333334
7 0.5657407407407408 0.5890625 0.6425925925925926 0.04479166666666667
7 0.4981481481481482 0.8973958333333333 0.862962962962963 0.042708333333333334
2 0.8768518518518519 0.2557291666666667 0.053703703703703705 0.030208333333333334
7 0.500925925925926 0.6677083333333333 0.32407407407407407 0.027083333333333334
