7 0.5111111111111112 0.071875 0.21481481481481482 0.025
2 0.06759259259259259 0.07239583333333333 0.04259259259259259 0.03854166666666667
2 0.9388888888888889 0.07135416666666666 0.07407407407407407 0.042708333333333334
7 0.45555555555555555 0.16666666666666666 0.8222222222222223 0.0625
7 0.22777777777777777 0.24010416666666667 0.34814814814814815 0.028125
7 0.2138888888888889 0.2859375 0.26481481481481484 0.028125
7 0.49722222222222223 0.3390625 0.20185185185185187 0.030208333333333334
7 0.23148148148148148 0.378125 0.34444444444444444 0.029166666666666667
7 0.27592592592592596 0.4265625 0.3925925925925926 0.026041666666666668
4 0.5 0.2875 0.8851851851851852 0.0625
4 0.5 0.4270833333333333 0.888888888888889 0.06041666666666667
7 0.7203703703703704 0.503125 0.2814814814814815 0.027083333333333334
