3 0.500925925925926 0.26979166666666665 0.9370370370370371 0.18854166666666666
7 0.32175925925925924 0.3950520833333333 0.5361111111111111 0.027604166666666666
7 0.1439814814814815 0.42890625 0.18055555555555555 0.0234375
3 0.500925925925926 0.5828125 0.9370370370370371 0.18854166666666666
7 0.49768518518518523 0.7190104166666667 0.8935185185185186 0.050520833333333334
7 0.1550925925925926 0.7682291666666666 0.20092592592592592 0.025
3 0.500925925925926 0.8809895833333333 0.9370370370370371 0.10677083333333333
2 0.015740740740740743 0.06770833333333333 0.02962962962962963 0.026041666666666668
7 0.1865740740740741 0.13125 0.058333333333333334 0.019791666666666666
7 0.5541666666666667 0.13098958333333333 0.09351851851851853 0.021354166666666667
7 0.9226851851851853 0.13177083333333334 0.13611111111111113 0.019791666666666666
