2 0.07592592592592592 0.06510416666666667 0.06851851851851852 0.0375
7 0.19768518518518519 0.06692708333333333 0.14351851851851852 0.027604166666666666
7 0.22685185185185186 0.13046875 0.38333333333333336 0.03177083333333333
7 0.826388888888889 0.12838541666666667 0.05092592592592593 0.022395833333333334
0 0.9166666666666667 0.12890625 0.08333333333333334 0.0484375
3 0.11203703703703705 0.209375 0.15555555555555556 0.065625
7 0.3509259259259259 0.21302083333333333 0.25925925925925924 0.030208333333333334
0 0.9152777777777779 0.21015625 0.08425925925925926 0.0515625
3 0.11203703703703705 0.29010416666666666 0.15555555555555556 0.065625
7 0.312962962962963 0.29296875 0.17962962962962964 0.027604166666666666
0 0.9143518518518519 0.2911458333333333 0.09166666666666667 0.04791666666666666
3 0.11203703703703705 0.3703125 0.15555555555555556 0.065625
7 0.35879629629629634 0.37135416666666665 0.28055555555555556 0.026041666666666668
0 0.9162037037037037 0.3703125 0.08796296296296297 0.04895833333333333
3 0.11203703703703705 0.4505208333333333 0.15555555555555556 0.065625
7 0.34953703703703703 0.4513020833333333 0.25833333333333336 0.024479166666666666
0 0.9148148148148149 0.4510416666666667 0.08518518518518518 0.04895833333333333
3 0.11203703703703705 0.53125 0.15555555555555556 0.065625
7 0.34814814814814815 0.5338541666666666 0.26296296296296295 0.027083333333333334
0 0.9152777777777779 0.5322916666666666 0.08425925925925926 0.04895833333333333
3 0.11203703703703705 0.6119791666666666 0.15555555555555556 0.065625
7 0.35555555555555557 0.6125 0.26666666666666666 0.025
0 0.9148148148148149 0.6122395833333333 0.08703703703703704 0.049479166666666664
3 0.11203703703703705 0.6921875 0.15555555555555556 0.065625
7 0.3277777777777778 0.6947916666666667 0.2111111111111111 0.029166666666666667
0 0.9143518518518519 0.6932291666666667 0.08796296296296297 0.04895833333333333
3 0.11203703703703705 0.7723958333333333 0.15555555555555556 0.065625
7 0.4185185185185185 0.7755208333333333 0.3944444444444445 0.03125
0 0.9157407407407407 0.7739583333333333 0.08518518518518518 0.052083333333333336
2 0.013425925925925926 0.06666666666666667 0.025 0.040625
