7 0.5074074074074074 0.07447916666666667 0.11851851851851852 0.030208333333333334
2 0.06759259259259259 0.07135416666666666 0.06481481481481481 0.030208333333333334
2 0.9425925925925926 0.071875 0.06666666666666667 0.04375
7 0.4814814814814815 0.3645833333333333 0.9 0.0875
7 0.10185185185185186 0.4328125 0.11111111111111112 0.028125
7 0.1462962962962963 0.48125 0.2 0.027083333333333334
7 0.1564814814814815 0.5973958333333333 0.24629629629629632 0.021875
7 0.4990740740740741 0.6317708333333333 0.7685185185185186 0.028125
7 0.8398148148148148 0.5989583333333334 0.2537037037037037 0.020833333333333332
7 0.5 0.5390625 0.12592592592592594 0.026041666666666668
7 0.23425925925925928 0.6916666666666667 0.38333333333333336 0.025
