7 0.5101851851851852 0.07291666666666667 0.2425925925925926 0.029166666666666667
2 0.06851851851851852 0.07135416666666666 0.040740740740740744 0.034375
2 0.9398148148148149 0.071875 0.07222222222222223 0.04375
7 0.4981481481481482 0.1296875 0.6111111111111112 0.021875
7 0.47685185185185186 0.22604166666666667 0.9166666666666667 0.1
7 0.2601851851851852 0.31875 0.4351851851851852 0.025
7 0.19166666666666668 0.3734375 0.2611111111111111 0.028125
7 0.4981481481481482 0.4322916666666667 0.14444444444444446 0.025
7 0.3888888888888889 0.475 0.6925925925925926 0.029166666666666667
7 0.2518518518518519 0.5276041666666667 0.3925925925925926 0.034375
4 0.5 0.3755208333333333 0.9111111111111111 0.06145833333333333
4 0.5 0.5307291666666667 0.9148148148148149 0.06145833333333333
7 0.500925925925926 0.6182291666666666 0.17962962962962964 0.030208333333333334
