7 0.26435185185185184 0.121875 0.4305555555555556 0.027083333333333334
7 0.17962962962962964 0.17604166666666665 0.24814814814814815 0.03229166666666666
7 0.1726851851851852 0.20677083333333332 0.23425925925925928 0.026041666666666668
7 0.25277777777777777 0.25364583333333335 0.3962962962962963 0.02395833333333333
7 0.25092592592592594 0.30755208333333334 0.3888888888888889 0.025520833333333333
7 0.34861111111111115 0.3380208333333333 0.5842592592592593 0.022916666666666665
0 0.8814814814814815 0.31979166666666664 0.05925925925925926 0.03333333333333333
7 0.24629629629629632 0.39817708333333335 0.38703703703703707 0.030729166666666665
7 0.32731481481481484 0.42682291666666666 0.5416666666666667 0.025520833333333333
0 0.8805555555555555 0.4080729166666667 0.053703703703703705 0.0296875
7 0.250462962962963 0.48359375 0.39537037037037037 0.0265625
7 0.40740740740740744 0.5145833333333333 0.7037037037037037 0.02395833333333333
7 0.16944444444444445 0.5643229166666667 0.22777777777777777 0.0234375
7 0.14675925925925926 0.6166666666666667 0.18425925925925926 0.028125
7 0.1 0.6486979166666667 0.0925925925925926 0.024479166666666666
7 0.22870370370370371 0.7065104166666667 0.35000000000000003 0.030729166666666665
7 0.09537037037037037 0.7361979166666667 0.08333333333333334 0.025520833333333333
7 0.12962962962962962 0.7848958333333333 0.15185185185185185 0.02395833333333333
7 0.17546296296296296 0.834375 0.23611111111111113 0.029166666666666667
7 0.4620370370370371 0.8744791666666667 0.812962962962963 0.046875
2 0.06851851851851852 0.065625 0.07777777777777778 0.04375
7 0.43703703703703706 0.06875 0.6444444444444445 0.03333333333333333
