7 0.11111111111111112 0.07265625 0.15185185185185185 0.0265625
2 0.9472222222222223 0.07135416666666666 0.024074074074074074 0.03333333333333333
7 0.024074074074074074 0.1421875 0.0462962962962963 0.026041666666666668
7 0.18055555555555555 0.14088541666666665 0.1574074074074074 0.024479166666666666
7 0.4078703703703704 0.1421875 0.1953703703703704 0.019791666666666666
7 0.6574074074074074 0.14270833333333333 0.20370370370370372 0.021875
7 0.8930555555555556 0.14375 0.1675925925925926 0.021875
7 0.10277777777777779 0.21015625 0.17222222222222222 0.0328125
7 0.055092592592592596 0.3307291666666667 0.10833333333333334 0.036458333333333336
7 0.2763888888888889 0.33489583333333334 0.28425925925925927 0.03958333333333333
0 0.9587962962962964 0.3299479166666667 0.06018518518518519 0.030729166666666665
7 0.055092592592592596 0.37916666666666665 0.10833333333333334 0.036458333333333336
7 0.2351851851851852 0.38515625 0.20925925925925926 0.04114583333333333
0 0.9601851851851853 0.378125 0.05555555555555556 0.03125
7 0.055092592592592596 0.4276041666666667 0.10833333333333334 0.036458333333333336
7 0.26481481481481484 0.42890625 0.27037037037037037 0.0359375
0 0.9601851851851853 0.4276041666666667 0.05925925925925926 0.03229166666666666
7 0.055092592592592596 0.47604166666666664 0.10833333333333334 0.036458333333333336
7 0.350462962962963 0.48151041666666666 0.44351851851851853 0.04114583333333333
0 0.9597222222222223 0.47604166666666664 0.05648148148148149 0.03125
7 0.055092592592592596 0.5244791666666666 0.10833333333333334 0.036458333333333336
7 0.3078703703703704 0.5268229166666667 0.3509259259259259 0.03697916666666667
0 0.9601851851851853 0.5247395833333334 0.05740740740740741 0.03177083333333333
7 0.055092592592592596 0.5729166666666666 0.10833333333333334 0.036458333333333336
7 0.30185185185185187 0.5752604166666666 0.35185185185185186 0.0390625
0 0.9597222222222223 0.5734375 0.05648148148148149 0.03229166666666666
7 0.055092592592592596 0.6213541666666667 0.10833333333333334 0.036458333333333336
7 0.27314814814814814 0.6234375 0.2888888888888889 0.034375
0 0.9578703703703704 0.6205729166666667 0.05648148148148149 0.0328125
7 0.055092592592592596 0.6697916666666667 0.10833333333333334 0.036458333333333336
7 0.3819444444444445 0.67578125 0.49722222222222223 0.0421875
0 0.9587962962962964 0.6697916666666667 0.06018518518518519 0.03125
7 0.055092592592592596 0.7182291666666667 0.10833333333333334 0.036458333333333336
7 0.38101851851851853 0.7229166666666667 0.4916666666666667 0.041666666666666664
0 0.9606481481481481 0.71875 0.05648148148148149 0.03229166666666666
7 0.055092592592592596 0.7666666666666666 0.10833333333333334 0.036458333333333336
7 0.2449074074074074 0.76953125 0.2212962962962963 0.0421875
0 0.9578703703703704 0.7666666666666666 0.05648148148148149 0.030208333333333334
7 0.055092592592592596 0.8151041666666666 0.10833333333333334 0.036458333333333336
7 0.26342592592592595 0.8177083333333334 0.2712962962962963 0.03333333333333333
0 0.9601851851851853 0.8156249999999999 0.05740740740740741 0.03125
7 0.055092592592592596 0.8635416666666667 0.10833333333333334 0.036458333333333336
7 0.2606481481481482 0.8658854166666666 0.25462962962962965 0.03697916666666667
0 0.9597222222222223 0.8640625 0.058333333333333334 0.03125
7 0.055092592592592596 0.9119791666666667 0.10833333333333334 0.036458333333333336
7 0.34861111111111115 0.9166666666666666 0.4287037037037037 0.03958333333333333
0 0.9597222222222223 0.9114583333333334 0.058333333333333334 0.03125
