7 0.287962962962963 0.1328125 0.5537037037037037 0.026041666666666668
7 0.4388888888888889 0.07239583333333333 0.5925925925925926 0.028125
7 0.16944444444444445 0.17916666666666667 0.2425925925925926 0.029166666666666667
7 0.12407407407407407 0.2296875 0.23333333333333334 0.021875
7 0.2962962962962963 0.27708333333333335 0.4962962962962963 0.029166666666666667
7 0.2990740740740741 0.3364583333333333 0.4240740740740741 0.025
7 0.33981481481481485 0.3802083333333333 0.5092592592592593 0.025
7 0.4277777777777778 0.43333333333333335 0.6814814814814815 0.027083333333333334
7 0.49074074074074076 0.5015625 0.962962962962963 0.04895833333333333
7 0.48703703703703705 0.5671875 0.9592592592592593 0.046875
7 0.11574074074074074 0.8932291666666666 0.10925925925925926 0.02395833333333333
7 0.888888888888889 0.8921875 0.10370370370370371 0.026041666666666668
0 0.05277777777777778 0.33541666666666664 0.05740740740740741 0.03125
0 0.053703703703703705 0.37864583333333335 0.05925925925925926 0.034375
0 0.05462962962962963 0.4317708333333333 0.06481481481481481 0.036458333333333336
2 0.05740740740740741 0.07135416666666666 0.06296296296296297 0.034375
