7 0.2555555555555556 0.09817708333333333 0.40555555555555556 0.03802083333333333
2 0.8925925925925926 0.09427083333333333 0.05740740740740741 0.034375
7 0.4046296296296297 0.18333333333333332 0.6925925925925926 0.06145833333333333
5 0.08518518518518518 0.26145833333333335 0.05555555555555556 0.03125
7 0.38472222222222224 0.2661458333333333 0.4620370370370371 0.042708333333333334
5 0.08657407407407408 0.3299479166666667 0.05648148148148149 0.03177083333333333
7 0.39305555555555555 0.3333333333333333 0.47870370370370374 0.03958333333333333
5 0.08518518518518518 0.396875 0.05740740740740741 0.03229166666666666
7 0.26203703703703707 0.4010416666666667 0.2111111111111111 0.034375
5 0.08425925925925926 0.4666666666666667 0.05555555555555556 0.03125
7 0.2777777777777778 0.46848958333333335 0.24074074074074076 0.033854166666666664
5 0.08518518518518518 0.5338541666666666 0.053703703703703705 0.030208333333333334
7 0.24027777777777778 0.5359375 0.1712962962962963 0.03333333333333333
5 0.08425925925925926 0.603125 0.05740740740740741 0.03229166666666666
7 0.27870370370370373 0.60546875 0.24444444444444446 0.033854166666666664
5 0.0837962962962963 0.6716145833333333 0.05648148148148149 0.0296875
7 0.44907407407407407 0.6768229166666666 0.5851851851851853 0.04010416666666666
5 0.08611111111111111 0.7401041666666667 0.053703703703703705 0.03229166666666666
7 0.23101851851851854 0.74140625 0.15092592592592594 0.0328125
7 0.5023148148148149 0.8559895833333333 0.287962962962963 0.0359375
