7 0.3263888888888889 0.0734375 0.3675925925925926 0.03229166666666666
2 0.06944444444444445 0.07109375 0.05555555555555556 0.0265625
3 0.25 0.23255208333333333 0.2925925925925926 0.1640625
7 0.2523148148148148 0.34140625 0.06574074074074074 0.030729166666666665
3 0.75 0.23255208333333333 0.2925925925925926 0.1640625
7 0.7546296296296297 0.3419270833333333 0.06666666666666667 0.03177083333333333
3 0.25 0.5049479166666666 0.2925925925925926 0.1640625
7 0.2490740740740741 0.615625 0.09814814814814815 0.035416666666666666
3 0.75 0.5049479166666666 0.2925925925925926 0.1640625
7 0.7523148148148149 0.6158854166666666 0.08425925925925926 0.0296875
3 0.25 0.7778645833333333 0.2925925925925926 0.1640625
7 0.25092592592592594 0.8880208333333334 0.07962962962962963 0.030208333333333334
3 0.75 0.7778645833333333 0.2925925925925926 0.1640625
7 0.7537037037037038 0.8877604166666666 0.11481481481481481 0.0296875
