2 0.03888888888888889 0.06692708333333333 0.04814814814814815 0.0328125
7 0.5 0.19322916666666667 0.41111111111111115 0.059375
7 0.34444444444444444 0.32708333333333334 0.4425925925925926 0.035416666666666666
7 0.23425925925925928 0.4015625 0.20370370370370372 0.035416666666666666
2 0.8643518518518519 0.32317708333333334 0.04722222222222222 0.030729166666666665
7 0.500462962962963 0.5645833333333333 0.30833333333333335 0.021875
7 0.4986111111111111 0.6546875 0.08611111111111111 0.020833333333333332
2 0.587037037037037 0.7151041666666667 0.10185185185185186 0.057291666666666664
2 0.41203703703703703 0.7151041666666667 0.10185185185185186 0.057291666666666664
4 0.5018518518518519 0.32395833333333335 0.8407407407407408 0.08229166666666667
4 0.4990740740740741 0.4 0.8351851851851853 0.08229166666666667
7 0.500925925925926 0.4947916666666667 0.14814814814814814 0.025
