2 0.11111111111111112 0.17109375 0.12592592592592594 0.0703125
7 0.5569444444444445 0.17369791666666667 0.6435185185185185 0.058854166666666666
2 0.11111111111111112 0.29453125 0.12592592592592594 0.0703125
7 0.4620370370370371 0.29635416666666664 0.4481481481481482 0.028125
2 0.11111111111111112 0.41562499999999997 0.12592592592592594 0.07083333333333333
7 0.45416666666666666 0.4171875 0.437962962962963 0.027083333333333334
2 0.11111111111111112 0.5388020833333333 0.12592592592592594 0.0703125
7 0.5287037037037037 0.5419270833333333 0.5888888888888889 0.06197916666666667
2 0.11111111111111112 0.6640625 0.12592592592592594 0.06979166666666667
7 0.5805555555555556 0.6684895833333333 0.6888888888888889 0.06302083333333333
2 0.11111111111111112 0.7875 0.12592592592592594 0.07083333333333333
7 0.34305555555555556 0.7880208333333333 0.2101851851851852 0.030208333333333334
2 0.11111111111111112 0.9127604166666666 0.12592592592592594 0.043229166666666666
2 0.06898148148148149 0.0703125 0.05092592592592593 0.029166666666666667
7 0.4777777777777778 0.07395833333333333 0.6796296296296297 0.034375
