7 0.3527777777777778 0.07447916666666667 0.37592592592592594 0.0375
2 0.06666666666666667 0.07213541666666666 0.05185185185185186 0.027604166666666666
7 0.13194444444444445 0.14765625 0.19722222222222224 0.0296875
7 0.18425925925925926 0.17630208333333333 0.3 0.024479166666666666
0 0.9226851851851853 0.15859375 0.058333333333333334 0.03177083333333333
7 0.1865740740740741 0.2484375 0.2972222222222222 0.02395833333333333
7 0.23425925925925928 0.27578125 0.3962962962962963 0.022395833333333334
0 0.9236111111111112 0.2604166666666667 0.06018518518518519 0.03125
7 0.24675925925925926 0.3502604166666667 0.41944444444444445 0.0265625
7 0.47222222222222227 0.38984375 0.8814814814814815 0.049479166666666664
7 0.26990740740740743 0.47161458333333334 0.4712962962962963 0.030729166666666665
7 0.42453703703703705 0.5114583333333333 0.7861111111111111 0.04895833333333333
0 0.9226851851851853 0.49453125 0.05462962962962963 0.0296875
7 0.2 0.5953125 0.32592592592592595 0.027083333333333334
7 0.4305555555555556 0.6458333333333334 0.788888888888889 0.06979166666666667
0 0.9222222222222223 0.6299479166666666 0.05740740740740741 0.03177083333333333
