7 0.2865740740740741 0.12161458333333333 0.4620370370370371 0.0234375
7 0.3902777777777778 0.16770833333333332 0.6638888888888889 0.03333333333333333
7 0.3925925925925926 0.21171874999999998 0.674074074074074 0.0484375
0 0.8814814814814815 0.19192708333333333 0.05740740740740741 0.030729166666666665
7 0.2726851851851852 0.28541666666666665 0.4305555555555556 0.027083333333333334
0 0.8805555555555555 0.284375 0.05740740740740741 0.030208333333333334
7 0.2777777777777778 0.3755208333333333 0.4518518518518519 0.03125
0 0.8791666666666667 0.37447916666666664 0.05277777777777778 0.028125
7 0.12546296296296297 0.44140625 0.14166666666666666 0.025520833333333333
7 0.23935185185185187 0.4901041666666667 0.3731481481481482 0.030208333333333334
7 0.45925925925925926 0.5299479166666666 0.8111111111111111 0.0453125
2 0.06712962962962964 0.065625 0.058333333333333334 0.035416666666666666
7 0.2638888888888889 0.06744791666666666 0.1388888888888889 0.0265625
