7 0.2712962962962963 0.09921875 0.3740740740740741 0.033854166666666664
7 0.3027777777777778 0.159375 0.20185185185185187 0.029166666666666667
7 0.35555555555555557 0.22630208333333332 0.2962962962962963 0.0296875
7 0.43842592592592594 0.29244791666666664 0.4712962962962963 0.0328125
7 0.3388888888888889 0.3572916666666667 0.25925925925925924 0.03125
7 0.3601851851851852 0.421875 0.3092592592592593 0.029166666666666667
7 0.3439814814814815 0.4888020833333333 0.2657407407407408 0.033854166666666664
7 0.3226851851851852 0.5552083333333333 0.23055555555555557 0.030208333333333334
7 0.3337962962962963 0.6197916666666666 0.2490740740740741 0.026041666666666668
7 0.3560185185185185 0.6856770833333333 0.2953703703703704 0.030729166666666665
7 0.32453703703703707 0.7518229166666667 0.23240740740740742 0.0296875
7 0.2837962962962963 0.81640625 0.1527777777777778 0.030729166666666665
7 0.6828703703703703 0.8752604166666667 0.14166666666666666 0.0234375
7 0.8546296296296296 0.8755208333333333 0.07777777777777778 0.020833333333333332
0 0.12453703703703704 0.15963541666666667 0.05648148148148149 0.0296875
0 0.12685185185185185 0.22526041666666666 0.05185185185185186 0.0296875
0 0.12638888888888888 0.2911458333333333 0.05462962962962963 0.03125
0 0.12731481481481483 0.3572916666666667 0.05462962962962963 0.030208333333333334
0 0.12638888888888888 0.4223958333333333 0.05462962962962963 0.03229166666666666
0 0.12638888888888888 0.4869791666666667 0.05092592592592593 0.030208333333333334
0 0.12685185185185185 0.5536458333333333 0.053703703703703705 0.030208333333333334
0 0.12638888888888888 0.6190104166666667 0.05277777777777778 0.030729166666666665
0 0.12638888888888888 0.6856770833333333 0.05462962962962963 0.03177083333333333
0 0.12592592592592594 0.7502604166666667 0.053703703703703705 0.03177083333333333
0 0.12685185185185185 0.81640625 0.053703703703703705 0.03177083333333333
