7 0.2652777777777778 0.0734375 0.19166666666666668 0.042708333333333334
2 0.06851851851851852 0.07083333333333333 0.05185185185185186 0.03125
7 0.13657407407407407 0.14609375 0.21944444444444444 0.024479166666666666
7 0.11111111111111112 0.1953125 0.14444444444444446 0.030208333333333334
7 0.32546296296296295 0.22473958333333333 0.5824074074074075 0.0296875
7 0.0962962962962963 0.2953125 0.12962962962962962 0.025
7 0.10416666666666667 0.34739583333333335 0.13611111111111113 0.03229166666666666
7 0.20277777777777778 0.37604166666666666 0.3351851851851852 0.025
7 0.1625 0.44557291666666665 0.25833333333333336 0.025520833333333333
2 0.08981481481481482 0.509375 0.11111111111111112 0.0625
7 0.29120370370370374 0.4984375 0.23981481481481481 0.028125
7 0.4064814814814815 0.5255208333333333 0.47222222222222227 0.026041666666666668
2 0.06851851851851852 0.6197916666666666 0.07777777777777778 0.04375
7 0.31157407407407406 0.5989583333333334 0.27314814814814814 0.026041666666666668
7 0.5050925925925926 0.6372395833333333 0.6694444444444445 0.04739583333333333
2 0.08750000000000001 0.72109375 0.10277777777777779 0.057812499999999996
7 0.26712962962962966 0.7239583333333334 0.18611111111111112 0.028125
7 0.09351851851851853 0.7981770833333334 0.12037037037037038 0.025520833333333333
7 0.1587962962962963 0.8268229166666666 0.25092592592592594 0.024479166666666666
