7 0.1328703703703704 0.1625 0.19907407407407407 0.027083333333333334
7 0.17916666666666667 0.23567708333333334 0.28425925925925927 0.025520833333333333
7 0.17731481481481481 0.2869791666666667 0.28425925925925927 0.028125
6 0.9157407407407407 0.2864583333333333 0.0962962962962963 0.036458333333333336
7 0.1550925925925926 0.3619791666666667 0.23981481481481481 0.028125
7 0.10046296296296296 0.4356770833333333 0.13611111111111113 0.025520833333333333
7 0.2013888888888889 0.48723958333333334 0.33611111111111114 0.0296875
7 0.15694444444444444 0.5622395833333333 0.24722222222222223 0.0328125
7 0.09861111111111112 0.6346354166666667 0.13055555555555556 0.028645833333333332
7 0.14907407407407408 0.7111979166666667 0.23148148148148148 0.028645833333333332
7 0.13101851851851853 0.7846354166666667 0.20092592592592592 0.024479166666666666
7 0.09074074074074075 0.8338541666666667 0.11481481481481481 0.025
7 0.15972222222222224 0.9122395833333333 0.2490740740740741 0.028645833333333332
7 0.23564814814814816 0.07447916666666667 0.18981481481481483 0.03333333333333333
2 0.06620370370370371 0.071875 0.05092592592592593 0.03125
