7 0.34305555555555556 0.15755208333333334 0.6157407407407408 0.024479166666666666
7 0.10462962962962963 0.23255208333333333 0.1425925925925926 0.025520833333333333
7 0.16527777777777777 0.3216145833333333 0.2564814814814815 0.0265625
7 0.15972222222222224 0.4080729166666667 0.2490740740740741 0.024479166666666666
7 0.2476851851851852 0.49583333333333335 0.42129629629629634 0.025
7 0.23055555555555557 0.5859375 0.39814814814814814 0.026041666666666668
5 0.9231481481481482 0.5828125 0.05925925925925926 0.034375
7 0.31203703703703706 0.67421875 0.5481481481481482 0.028645833333333332
7 0.2537037037037037 0.75234375 0.4388888888888889 0.0265625
5 0.9231481481481482 0.7486979166666666 0.061111111111111116 0.030729166666666665
7 0.23194444444444445 0.8393229166666667 0.39537037037037037 0.0265625
5 0.9226851851851853 0.8372395833333334 0.06018518518518519 0.03177083333333333
2 0.06805555555555556 0.07161458333333333 0.05277777777777778 0.030729166666666665
2 0.5018518518518519 0.07109375 0.06296296296296297 0.0359375
