7 0.22592592592592595 0.1015625 0.21851851851851853 0.034375
7 0.425 0.15 0.37962962962962965 0.03125
7 0.31851851851851853 0.21562499999999998 0.17037037037037037 0.03333333333333333
7 0.4064814814814815 0.28020833333333334 0.3388888888888889 0.035416666666666666
7 0.42962962962962964 0.346875 0.3925925925925926 0.03125
7 0.46944444444444444 0.4119791666666667 0.47222222222222227 0.03229166666666666
7 0.4814814814814815 0.47812499999999997 0.48888888888888893 0.03125
7 0.4416666666666667 0.54375 0.4166666666666667 0.035416666666666666
7 0.40740740740740744 0.6109375 0.34444444444444444 0.03229166666666666
7 0.38981481481481484 0.6744791666666666 0.312962962962963 0.034375
7 0.437962962962963 0.7401041666666667 0.40925925925925927 0.028125
7 0.4462962962962963 0.8067708333333333 0.42962962962962964 0.026041666666666668
7 0.8268518518518518 0.8734375 0.13148148148148148 0.02395833333333333
5 0.15092592592592594 0.14739583333333334 0.06851851851851852 0.036458333333333336
5 0.15 0.21302083333333333 0.06296296296296297 0.036458333333333336
5 0.15092592592592594 0.27708333333333335 0.061111111111111116 0.03333333333333333
5 0.1527777777777778 0.34375 0.07222222222222223 0.03333333333333333
5 0.15092592592592594 0.41041666666666665 0.06851851851851852 0.03333333333333333
5 0.1527777777777778 0.4744791666666667 0.061111111111111116 0.036458333333333336
5 0.1537037037037037 0.5401041666666666 0.06296296296296297 0.036458333333333336
5 0.1527777777777778 0.6072916666666667 0.06481481481481481 0.0375
5 0.15462962962962964 0.671875 0.06481481481481481 0.0375
5 0.1527777777777778 0.7369791666666666 0.06851851851851852 0.036458333333333336
5 0.15092592592592594 0.8036458333333333 0.06481481481481481 0.036458333333333336
