7 0.2657407407407408 0.07473958333333333 0.19814814814814816 0.03802083333333333
2 0.06898148148148149 0.07109375 0.05277777777777778 0.0296875
7 0.22592592592592595 0.15 0.3888888888888889 0.036458333333333336
7 0.12546296296296297 0.22317708333333333 0.1787037037037037 0.0328125
7 0.2953703703703704 0.26328125 0.5222222222222223 0.049479166666666664
7 0.1902777777777778 0.34401041666666665 0.3027777777777778 0.0296875
7 0.14953703703703705 0.37447916666666664 0.22685185185185186 0.029166666666666667
7 0.34675925925925927 0.4458333333333333 0.625 0.03229166666666666
7 0.09583333333333334 0.47421874999999997 0.11388888888888889 0.025520833333333333
7 0.18703703703703706 0.5450520833333333 0.3037037037037037 0.027604166666666666
7 0.13796296296296298 0.5734375 0.20555555555555557 0.027083333333333334
0 0.9231481481481482 0.5591145833333333 0.053703703703703705 0.030729166666666665
7 0.17592592592592593 0.6484375 0.2777777777777778 0.028125
7 0.3773148148148148 0.6760416666666667 0.6861111111111111 0.027083333333333334
0 0.9226851851851853 0.6598958333333333 0.05648148148148149 0.029166666666666667
