2 0.06574074074074074 0.0640625 0.08703703703703704 0.046875
7 0.27592592592592596 0.06875 0.32222222222222224 0.03333333333333333
7 0.1953703703703704 0.121875 0.29074074074074074 0.027083333333333334
7 0.1925925925925926 0.1703125 0.2777777777777778 0.030208333333333334
7 0.2972222222222222 0.275 0.49074074074074076 0.03125
7 0.2064814814814815 0.3625 0.3092592592592593 0.029166666666666667
7 0.26296296296296295 0.4510416666666667 0.41481481481481486 0.03125
7 0.2611111111111111 0.5401041666666666 0.3814814814814815 0.030208333333333334
7 0.3287037037037037 0.640625 0.512962962962963 0.05625
7 0.2555555555555556 0.7036458333333333 0.4 0.021875
7 0.25 0.7520833333333333 0.40370370370370373 0.027083333333333334
7 0.3 0.85625 0.4518518518518519 0.027083333333333334
0 0.8833333333333334 0.19114583333333332 0.06296296296296297 0.034375
0 0.8833333333333334 0.4588541666666667 0.06666666666666667 0.034375
0 0.8824074074074074 0.7755208333333333 0.06851851851851852 0.03854166666666667
0 0.8842592592592593 0.8677083333333333 0.05740740740740741 0.0375
7 0.3509259259259259 0.21041666666666667 0.5907407407407408 0.04583333333333333
7 0.40925925925925927 0.79375 0.7111111111111111 0.04583333333333333
7 0.3787037037037037 0.8859374999999999 0.6092592592592593 0.021875
7 0.32037037037037036 0.5692708333333333 0.49259259259259264 0.02395833333333333
7 0.37592592592592594 0.48020833333333335 0.6481481481481481 0.022916666666666665
7 0.17685185185185187 0.3927083333333333 0.2388888888888889 0.025
7 0.09907407407407408 0.30104166666666665 0.08703703703703704 0.020833333333333332
