2 0.07731481481481482 0.07447916666666667 0.08611111111111111 0.052083333333333336
7 0.17824074074074076 0.07395833333333333 0.08796296296296297 0.02395833333333333
7 0.34953703703703703 0.07708333333333334 0.225 0.030208333333333334
7 0.25 0.14765625 0.27222222222222225 0.021354166666666667
7 0.7495370370370371 0.14791666666666667 0.13055555555555556 0.01875
7 0.49768518518518523 0.21510416666666665 0.6842592592592592 0.028125
2 0.09722222222222222 0.2833333333333333 0.11666666666666667 0.065625
7 0.2833333333333333 0.26796875 0.22962962962962963 0.03177083333333333
7 0.2740740740740741 0.2986979166666667 0.2111111111111111 0.0296875
0 0.8962962962962964 0.2833333333333333 0.053703703703703705 0.03229166666666666
2 0.09722222222222222 0.36822916666666666 0.11666666666666667 0.065625
7 0.2439814814814815 0.36796875 0.15092592592592594 0.03177083333333333
0 0.8949074074074075 0.36875 0.05277777777777778 0.03125
2 0.09722222222222222 0.4536458333333333 0.11666666666666667 0.065625
7 0.26296296296296295 0.45338541666666665 0.18888888888888888 0.03177083333333333
0 0.8916666666666667 0.45338541666666665 0.05185185185185186 0.03177083333333333
2 0.09722222222222222 0.5385416666666667 0.11666666666666667 0.065625
7 0.2513888888888889 0.5385416666666667 0.16574074074074074 0.03125
0 0.8935185185185186 0.5388020833333333 0.05185185185185186 0.028645833333333332
2 0.09722222222222222 0.6239583333333333 0.11666666666666667 0.065625
7 0.24074074074074076 0.6236979166666666 0.14444444444444446 0.03177083333333333
0 0.8944444444444445 0.6244791666666667 0.053703703703703705 0.030208333333333334
2 0.09722222222222222 0.7088541666666667 0.11666666666666667 0.065625
7 0.2199074074074074 0.70859375 0.10277777777777779 0.03177083333333333
0 0.8939814814814815 0.7096354166666666 0.05277777777777778 0.030729166666666665
2 0.09722222222222222 0.7942708333333334 0.11666666666666667 0.065625
7 0.2518518518518519 0.7940104166666666 0.16666666666666669 0.03177083333333333
0 0.8935185185185186 0.79453125 0.05740740740740741 0.0328125
2 0.09722222222222222 0.8791666666666667 0.11666666666666667 0.065625
7 0.25925925925925924 0.8791666666666667 0.1814814814814815 0.03125
0 0.8921296296296297 0.87890625 0.05462962962962963 0.030729166666666665
2 0.012037037037037037 0.07369791666666667 0.022222222222222223 0.04635416666666667
