2 0.06712962962962964 0.07161458333333333 0.058333333333333334 0.03802083333333333
7 0.2240740740740741 0.07421875 0.16296296296296298 0.03177083333333333
7 0.10787037037037038 0.14010416666666667 0.06574074074074074 0.020833333333333332
7 0.1837962962962963 0.21276041666666667 0.2212962962962963 0.025520833333333333
7 0.11203703703703705 0.240625 0.06851851851851852 0.021875
7 0.18888888888888888 0.3125 0.22962962962962963 0.02395833333333333
7 0.25925925925925924 0.36276041666666664 0.3703703703703704 0.0234375
7 0.20787037037037037 0.39036458333333335 0.2675925925925926 0.022395833333333334
7 0.13194444444444445 0.4630208333333333 0.11944444444444445 0.026041666666666668
7 0.1837962962962963 0.5145833333333333 0.22314814814814815 0.027083333333333334
7 0.11388888888888889 0.5403645833333334 0.07592592592592592 0.021354166666666667
7 0.25462962962962965 0.615625 0.362962962962963 0.028125
7 0.3699074074074074 0.6434895833333333 0.5916666666666667 0.0234375
7 0.8662037037037037 0.6947916666666667 0.0712962962962963 0.019791666666666666
7 0.14305555555555557 0.7760416666666666 0.14351851851851852 0.02395833333333333
7 0.3023148148148148 0.8299479166666667 0.4527777777777778 0.028645833333333332
7 0.437962962962963 0.8778645833333333 0.7314814814814815 0.07135416666666666
0 0.8847222222222223 0.8627604166666667 0.05462962962962963 0.030729166666666665
