7 0.5023148148148149 0.07369791666666667 0.6731481481481482 0.033854166666666664
2 0.06712962962962964 0.071875 0.05277777777777778 0.03125
7 0.46481481481481485 0.1625 0.8444444444444444 0.057291666666666664
7 0.500462962962963 0.23723958333333334 0.1287037037037037 0.024479166666666666
7 0.4703703703703704 0.30078125 0.8537037037037037 0.030729166666666665
7 0.4412037037037037 0.390625 0.7935185185185185 0.06041666666666667
7 0.4398148148148148 0.4903645833333333 0.7944444444444445 0.05260416666666667
7 0.47222222222222227 0.5809895833333333 0.8555555555555556 0.0296875
7 0.4412037037037037 0.6700520833333333 0.7916666666666667 0.05677083333333333
7 0.5023148148148149 0.7447916666666666 0.20092592592592592 0.022916666666666665
7 0.35833333333333334 0.8096354166666666 0.6222222222222222 0.0296875
7 0.3092592592592593 0.8822916666666667 0.5277777777777778 0.029166666666666667
