7 0.23750000000000002 0.07447916666666667 0.18981481481481483 0.03333333333333333
2 0.07083333333333333 0.07161458333333333 0.06944444444444445 0.0390625
7 0.1439814814814815 0.14609375 0.23055555555555557 0.0296875
7 0.08333333333333334 0.1953125 0.08888888888888889 0.030208333333333334
7 0.1564814814814815 0.22317708333333333 0.2351851851851852 0.025520833333333333
7 0.14907407407407408 0.29609375 0.22037037037037038 0.0296875
7 0.07361111111111111 0.32369791666666664 0.06944444444444445 0.025520833333333333
7 0.0962962962962963 0.39817708333333335 0.12407407407407407 0.027604166666666666
7 0.24629629629629632 0.44921875 0.412962962962963 0.0296875
6 0.9037037037037038 0.4458333333333333 0.11481481481481481 0.0375
7 0.1300925925925926 0.51953125 0.19722222222222224 0.030729166666666665
7 0.2550925925925926 0.5703125 0.4324074074074074 0.030208333333333334
6 0.9037037037037038 0.5700520833333333 0.11481481481481481 0.03697916666666667
7 0.11944444444444445 0.6427083333333333 0.18703703703703706 0.027083333333333334
7 0.17037037037037037 0.69453125 0.26296296296296295 0.0296875
7 0.0787037037037037 0.7223958333333333 0.07962962962962963 0.026041666666666668
7 0.19907407407407407 0.7953125 0.32037037037037036 0.030208333333333334
6 0.9037037037037038 0.7950520833333333 0.11481481481481481 0.03697916666666667
7 0.10046296296296296 0.8703124999999999 0.12314814814814816 0.030208333333333334
6 0.9037037037037038 0.8700520833333333 0.11481481481481481 0.03697916666666667
