0 0.07777777777777778 0.20338541666666665 0.05740740740740741 0.0328125
7 0.4328703703703704 0.20781249999999998 0.6361111111111112 0.026041666666666668
0 0.07731481481481482 0.29270833333333335 0.058333333333333334 0.030208333333333334
7 0.1824074074074074 0.29296875 0.13333333333333333 0.0234375
0 0.07685185185185185 0.38177083333333334 0.053703703703703705 0.03125
7 0.27222222222222225 0.3833333333333333 0.31851851851851853 0.026041666666666668
0 0.07777777777777778 0.46901041666666665 0.05740740740740741 0.030729166666666665
7 0.19166666666666668 0.47031249999999997 0.1537037037037037 0.025
7 0.13194444444444445 0.53828125 0.1564814814814815 0.024479166666666666
0 0.07777777777777778 0.6020833333333333 0.05740740740740741 0.03229166666666666
7 0.33055555555555555 0.6059895833333333 0.43333333333333335 0.0296875
0 0.07824074074074075 0.6895833333333333 0.05462962962962963 0.035416666666666666
7 0.35000000000000003 0.6916666666666667 0.4703703703703704 0.029166666666666667
0 0.07962962962962963 0.7786458333333334 0.05555555555555556 0.03229166666666666
7 0.5055555555555555 0.78203125 0.7814814814814816 0.027604166666666666
0 0.07962962962962963 0.8658854166666666 0.05740740740740741 0.03177083333333333
7 0.5023148148148149 0.8815104166666666 0.7787037037037038 0.05364583333333333
7 0.23981481481481481 0.07395833333333333 0.19444444444444445 0.030208333333333334
2 0.0699074074074074 0.07135416666666666 0.04537037037037037 0.027083333333333334
7 0.888888888888889 0.07213541666666666 0.18888888888888888 0.0234375
