7 0.2611111111111111 0.07005208333333333 0.4518518518518519 0.025520833333333333
2 0.08796296296296297 0.1203125 0.11666666666666667 0.065625
7 0.3662037037037037 0.12265625 0.38981481481481484 0.0296875
0 0.9231481481481482 0.12109375 0.05740740740740741 0.0328125
2 0.08796296296296297 0.1984375 0.11666666666666667 0.065625
7 0.24444444444444446 0.19973958333333333 0.1462962962962963 0.025520833333333333
0 0.9240740740740742 0.19895833333333332 0.05555555555555556 0.029166666666666667
2 0.08796296296296297 0.2765625 0.11666666666666667 0.065625
7 0.36342592592592593 0.2794270833333333 0.3768518518518519 0.0265625
0 0.9226851851851853 0.27734375 0.05462962962962963 0.030729166666666665
2 0.08796296296296297 0.3546875 0.11666666666666667 0.065625
7 0.31527777777777777 0.3578125 0.28611111111111115 0.029166666666666667
0 0.9217592592592593 0.35520833333333335 0.05462962962962963 0.03125
2 0.08796296296296297 0.4328125 0.11666666666666667 0.065625
7 0.2162037037037037 0.43333333333333335 0.08611111111111111 0.022916666666666665
0 0.9231481481481482 0.4328125 0.05740740740740741 0.03229166666666666
2 0.08796296296296297 0.5109375 0.11666666666666667 0.065625
7 0.2240740740740741 0.5125 0.10370370370370371 0.025
0 0.9222222222222223 0.5114583333333333 0.05555555555555556 0.03229166666666666
7 0.500462962962963 0.5841145833333333 0.09907407407407408 0.021354166666666667
