6 0.9009259259259259 0.15572916666666667 0.10555555555555556 0.036458333333333336
6 0.8833333333333334 0.2833333333333333 0.1 0.04375
6 0.9064814814814816 0.434375 0.10185185185185186 0.0375
7 0.2351851851851852 0.07395833333333333 0.2 0.0375
7 0.11666666666666667 0.15364583333333334 0.14444444444444446 0.030208333333333334
7 0.2111111111111111 0.19895833333333332 0.34814814814814815 0.025
7 0.2425925925925926 0.284375 0.3962962962962963 0.029166666666666667
7 0.40925925925925927 0.3380208333333333 0.7407407407407408 0.04895833333333333
7 0.24444444444444446 0.4359375 0.40370370370370373 0.030208333333333334
7 0.44074074074074077 0.47812499999999997 0.7962962962962963 0.027083333333333334
7 0.22222222222222224 0.5619791666666667 0.3592592592592593 0.036458333333333336
7 0.3731481481481482 0.60625 0.6648148148148149 0.027083333333333334
7 0.7657407407407407 0.6510416666666666 0.3425925925925926 0.025
2 0.06759259259259259 0.0703125 0.07222222222222223 0.030208333333333334
