0 0.9212962962962963 0.5171875 0.053703703703703705 0.030208333333333334
0 0.9222222222222223 0.6890625 0.05555555555555556 0.03229166666666666
0 0.9203703703703704 0.8015625 0.05555555555555556 0.030208333333333334
0 0.9212962962962963 0.903125 0.053703703703703705 0.03333333333333333
7 0.2064814814814815 0.06822916666666666 0.3425925925925926 0.026041666666666668
7 0.11203703703703705 0.13333333333333333 0.16111111111111112 0.052083333333333336
7 0.2240740740740741 0.21875 0.3851851851851852 0.025
7 0.45925925925925926 0.2838541666666667 0.8592592592592593 0.053125
7 0.4166666666666667 0.39479166666666665 0.7666666666666667 0.07291666666666667
7 0.4185185185185185 0.5208333333333334 0.7740740740740741 0.07708333333333334
7 0.17314814814814816 0.6145833333333334 0.29074074074074074 0.027083333333333334
7 0.3944444444444445 0.6895833333333333 0.7222222222222222 0.07708333333333334
7 0.2175925925925926 0.8041666666666667 0.37222222222222223 0.058333333333333334
7 0.33055555555555555 0.9020833333333333 0.5944444444444444 0.05625
