7 0.26481481481481484 0.07369791666666667 0.1814814814814815 0.03177083333333333
2 0.06805555555555556 0.071875 0.062037037037037036 0.035416666666666666
7 0.16990740740740742 0.14609375 0.26944444444444443 0.024479166666666666
7 0.08287037037037037 0.21640625 0.09537037037037037 0.024479166666666666
7 0.4791666666666667 0.2578125 0.8842592592592593 0.04791666666666666
7 0.11620370370370371 0.3416666666666667 0.15833333333333333 0.029166666666666667
7 0.3074074074074074 0.3692708333333333 0.5388888888888889 0.022916666666666665
7 0.1175925925925926 0.43984375 0.16666666666666669 0.0234375
7 0.2898148148148148 0.46875 0.5092592592592593 0.02395833333333333
0 0.9222222222222223 0.453125 0.053703703703703705 0.03125
7 0.14351851851851852 0.54140625 0.20925925925925926 0.0203125
7 0.2199074074074074 0.5692708333333333 0.3675925925925926 0.02395833333333333
7 0.24675925925925926 0.64296875 0.4175925925925926 0.0265625
7 0.3189814814814815 0.6713541666666667 0.5638888888888889 0.025
7 0.0976851851851852 0.7421875 0.1287037037037037 0.025
7 0.16064814814814815 0.8190104166666666 0.2490740740740741 0.0265625
7 0.28055555555555556 0.8924479166666667 0.4962962962962963 0.027604166666666666
