7 0.22962962962962963 0.14140625 0.35370370370370374 0.0359375
7 0.22314814814814815 0.20755208333333333 0.3388888888888889 0.0328125
6 0.8745370370370371 0.20651041666666667 0.09722222222222222 0.03697916666666667
7 0.23935185185185187 0.28411458333333334 0.36944444444444446 0.033854166666666664
7 0.26157407407407407 0.3497395833333333 0.42129629629629634 0.0296875
7 0.20370370370370372 0.4388020833333333 0.2962962962962963 0.0296875
7 0.20462962962962963 0.5278645833333333 0.2962962962962963 0.033854166666666664
7 0.16805555555555557 0.6 0.21944444444444444 0.029166666666666667
7 0.3925925925925926 0.6390625 0.6722222222222223 0.05
6 0.8763888888888889 0.6223958333333334 0.10092592592592593 0.03854166666666667
7 0.14444444444444446 0.7041666666666666 0.1851851851851852 0.028125
7 0.40555555555555556 0.7356770833333334 0.6981481481481482 0.028645833333333332
6 0.8740740740740741 0.7184895833333333 0.0962962962962963 0.0390625
7 0.22916666666666669 0.7895833333333333 0.3416666666666667 0.034375
7 0.4291666666666667 0.8325520833333333 0.7453703703703703 0.0515625
6 0.8745370370370371 0.8130208333333333 0.09722222222222222 0.035416666666666666
7 0.11990740740740741 0.896875 0.14907407407407408 0.03333333333333333
7 0.26481481481481484 0.07473958333333333 0.18888888888888888 0.0328125
2 0.06898148148148149 0.07135416666666666 0.05648148148148149 0.03125
2 0.9444444444444445 0.071875 0.037037037037037035 0.03125
