7 0.1212962962962963 0.04375 0.20370370370370372 0.03333333333333333
0 0.9185185185185185 0.04453125 0.05740740740740741 0.03177083333333333
7 0.22546296296296298 0.11302083333333333 0.41203703703703703 0.03333333333333333
7 0.46111111111111114 0.15546875 0.8962962962962964 0.04739583333333333
7 0.11435185185185186 0.21979166666666666 0.19351851851851853 0.030208333333333334
7 0.30462962962962964 0.25 0.5722222222222223 0.025
7 0.26944444444444443 0.30755208333333334 0.5074074074074074 0.027604166666666666
7 0.2175925925925926 0.33619791666666665 0.4 0.0203125
7 0.13842592592592592 0.39609375 0.23981481481481481 0.0265625
7 0.20740740740740743 0.42578125 0.37962962962962965 0.0234375
7 0.2550925925925926 0.48593749999999997 0.4712962962962963 0.030208333333333334
7 0.42962962962962964 0.51484375 0.8240740740740741 0.0265625
7 0.17222222222222222 0.5734375 0.3111111111111111 0.03125
7 0.13472222222222222 0.603125 0.23611111111111113 0.02395833333333333
7 0.22453703703703703 0.6606770833333333 0.41203703703703703 0.027604166666666666
7 0.23472222222222222 0.6911458333333333 0.4416666666666667 0.026041666666666668
7 0.17175925925925928 0.7473958333333334 0.3101851851851852 0.029166666666666667
7 0.13842592592592592 0.7776041666666667 0.24537037037037038 0.021875
