7 0.18611111111111112 0.13072916666666667 0.2574074074074074 0.027083333333333334
7 0.26666666666666666 0.16171875 0.4203703703703704 0.022395833333333334
7 0.2388888888888889 0.22005208333333334 0.3666666666666667 0.027604166666666666
7 0.35324074074074074 0.25078125 0.5916666666666667 0.0234375
7 0.19444444444444445 0.30833333333333335 0.27592592592592596 0.03125
7 0.35462962962962963 0.33619791666666665 0.5944444444444444 0.021354166666666667
7 0.25972222222222224 0.3888020833333333 0.41203703703703703 0.0265625
7 0.4291666666666667 0.43203125 0.7472222222222222 0.04739583333333333
0 0.8800925925925926 0.4122395833333333 0.05648148148148149 0.028645833333333332
7 0.27361111111111114 0.4888020833333333 0.4342592592592593 0.0296875
7 0.3861111111111111 0.5299479166666666 0.6592592592592593 0.04739583333333333
0 0.8819444444444445 0.51171875 0.05648148148148149 0.030729166666666665
7 0.17500000000000002 0.5875 0.24444444444444446 0.03125
7 0.4412037037037037 0.6278645833333333 0.7712962962962964 0.04635416666666667
7 0.2087962962962963 0.6924479166666666 0.30462962962962964 0.028645833333333332
7 0.23981481481481481 0.72265625 0.3648148148148148 0.024479166666666666
7 0.3601851851851852 0.7744791666666666 0.6092592592592593 0.03125
7 0.3907407407407408 0.8138020833333334 0.6666666666666667 0.044270833333333336
0 0.8787037037037038 0.7963541666666667 0.05185185185185186 0.030208333333333334
7 0.19444444444444445 0.8708333333333333 0.2851851851851852 0.026041666666666668
7 0.3819444444444445 0.9130208333333333 0.6509259259259259 0.046875
0 0.8796296296296297 0.8950520833333333 0.05185185185185186 0.0296875
2 0.06851851851851852 0.065625 0.07777777777777778 0.04375
7 0.19722222222222224 0.06927083333333334 0.16111111111111112 0.027083333333333334
