7 0.10370370370370371 0.07109375 0.13703703703703704 0.028645833333333332
2 0.8444444444444444 0.07213541666666666 0.05925925925925926 0.0390625
2 0.9439814814814815 0.07109375 0.05277777777777778 0.04114583333333333
7 0.29120370370370374 0.1453125 0.5101851851851852 0.03125
7 0.2138888888888889 0.17864583333333334 0.35370370370370374 0.028125
6 0.9125000000000001 0.16015625 0.09537037037037037 0.0359375
7 0.500462962962963 0.45989583333333334 0.6731481481481482 0.071875
7 0.500462962962963 0.5260416666666666 0.3175925925925926 0.03333333333333333
2 0.1 0.88125 0.05925925925925926 0.03333333333333333
7 0.09861111111111112 0.9138020833333333 0.11018518518518519 0.024479166666666666
2 0.3 0.89609375 0.05925925925925926 0.0328125
2 0.5 0.89609375 0.05925925925925926 0.0328125
2 0.7000000000000001 0.89609375 0.05925925925925926 0.0328125
2 0.9 0.89609375 0.05925925925925926 0.0328125
