7 0.2537037037037037 0.9013020833333333 0.17037037037037037 0.022395833333333334
7 0.7481481481481482 0.9028645833333333 0.10370370370370371 0.028645833333333332
7 0.5 0.18567708333333333 0.9259259259259259 0.05364583333333333
7 0.13796296296296298 0.27265625 0.20925925925925926 0.027604166666666666
2 0.2518518518518519 0.4114583333333333 0.2777777777777778 0.15
0 0.059722222222222225 0.5513020833333333 0.06574074074074074 0.0328125
7 0.15046296296296297 0.5518229166666666 0.07685185185185185 0.022395833333333334
2 0.7453703703703703 0.4127604166666667 0.2351851851851852 0.13072916666666667
0 0.55 0.5518229166666666 0.053703703703703705 0.0328125
7 0.649537037037037 0.5520833333333334 0.09166666666666667 0.020833333333333332
7 0.15833333333333333 0.07447916666666667 0.24629629629629632 0.035416666666666666
