7 0.23703703703703705 0.05130208333333333 0.46296296296296297 0.0234375
7 0.2962962962962963 0.08489583333333334 0.5259259259259259 0.030208333333333334
7 0.3962962962962963 0.12916666666666665 0.7240740740740741 0.04791666666666666
0 0.9291666666666667 0.10677083333333333 0.08796296296296297 0.04895833333333333
7 0.30185185185185187 0.18932291666666667 0.5370370370370371 0.033854166666666664
7 0.43842592592592594 0.23463541666666665 0.8083333333333333 0.04635416666666667
0 0.9300925925925926 0.21302083333333333 0.08425925925925926 0.04895833333333333
7 0.18425925925925926 0.2984375 0.30185185185185187 0.036458333333333336
7 0.24305555555555555 0.33098958333333334 0.41574074074074074 0.024479166666666666
7 0.30185185185185187 0.38567708333333334 0.5351851851851852 0.0328125
7 0.4810185185185185 0.41901041666666666 0.8972222222222223 0.024479166666666666
7 0.3375 0.47369791666666666 0.6064814814814815 0.03177083333333333
7 0.3875 0.5080729166666667 0.7046296296296296 0.027604166666666666
7 0.2152777777777778 0.5489583333333333 0.4027777777777778 0.027083333333333334
7 0.15972222222222224 0.5966145833333333 0.25462962962962965 0.030729166666666665
7 0.3939814814814815 0.62890625 0.7157407407407408 0.021354166666666667
7 0.1685185185185185 0.6825520833333333 0.27037037037037037 0.0328125
7 0.4962962962962963 0.7278645833333334 0.9259259259259259 0.04635416666666667
7 0.24629629629629632 0.7890625 0.42592592592592593 0.03333333333333333
7 0.4467592592592593 0.8234374999999999 0.8268518518518518 0.027083333333333334
7 0.1712962962962963 0.86484375 0.312962962962963 0.0265625
7 0.19444444444444445 0.9140625 0.32037037037037036 0.034375
