7 0.1462962962962963 0.17421875 0.2240740740740741 0.027604166666666666
7 0.13148148148148148 0.24687499999999998 0.19814814814814816 0.02395833333333333
7 0.14166666666666666 0.29635416666666664 0.22222222222222224 0.026041666666666668
7 0.47361111111111115 0.3255208333333333 0.8842592592592593 0.025
7 0.14583333333333334 0.396875 0.22685185185185186 0.025
7 0.16203703703703703 0.44765625 0.2555555555555556 0.0265625
7 0.2175925925925926 0.5236979166666667 0.362962962962963 0.027604166666666666
7 0.21944444444444444 0.5981770833333333 0.3666666666666667 0.027604166666666666
7 0.1375 0.6692708333333334 0.2064814814814815 0.02395833333333333
7 0.20740740740740743 0.7205729166666667 0.3462962962962963 0.0265625
0 0.9236111111111112 0.7205729166666667 0.05648148148148149 0.03177083333333333
7 0.2439814814814815 0.8041666666666667 0.42685185185185187 0.03229166666666666
7 0.23981481481481481 0.8934895833333333 0.41481481481481486 0.03697916666666667
7 0.2351851851851852 0.07369791666666667 0.19074074074074074 0.033854166666666664
2 0.06851851851851852 0.07135416666666666 0.06296296296296297 0.036458333333333336
