7 0.2638888888888889 0.04244791666666667 0.1851851851851852 0.03177083333333333
2 0.06805555555555556 0.03723958333333333 0.06944444444444445 0.034895833333333334
7 0.22592592592592595 0.1125 0.37777777777777777 0.026041666666666668
7 0.22222222222222224 0.17421875 0.37592592592592594 0.030729166666666665
7 0.07268518518518519 0.20052083333333334 0.0712962962962963 0.026041666666666668
7 0.2814814814814815 0.3299479166666667 0.4981481481481482 0.0328125
7 0.26666666666666666 0.41640625 0.46481481481481485 0.03177083333333333
7 0.1962962962962963 0.5026041666666666 0.3314814814814815 0.026041666666666668
7 0.1851851851851852 0.5903645833333333 0.3074074074074074 0.0265625
7 0.19953703703703704 0.7161458333333334 0.325 0.03125
7 0.4310185185185185 0.7549479166666666 0.7990740740740742 0.0453125
0 0.9361111111111111 0.7393229166666666 0.05740740740740741 0.0296875
7 0.15925925925925927 0.8315104166666667 0.2537037037037037 0.027604166666666666
0 0.9370370370370371 0.8309895833333333 0.05555555555555556 0.030729166666666665
7 0.1388888888888889 0.9184895833333333 0.20370370370370372 0.03177083333333333
0 0.9365740740740741 0.9197916666666667 0.05277777777777778 0.030208333333333334
