7 0.49768518518518523 0.06848958333333333 0.487962962962963 0.034895833333333334
7 0.25972222222222224 0.12942708333333333 0.25277777777777777 0.030729166666666665
7 0.19768518518518519 0.18203125 0.16018518518518518 0.025520833333333333
7 0.25787037037037036 0.23098958333333333 0.28611111111111115 0.021354166666666667
7 0.4949074074074074 0.2799479166666667 0.7601851851851852 0.0421875
0 0.9402777777777778 0.25807291666666665 0.05462962962962963 0.027604166666666666
7 0.4532407407407408 0.32916666666666666 0.6768518518518519 0.029166666666666667
7 0.5023148148148149 0.365625 0.7712962962962964 0.025
7 0.4550925925925926 0.40598958333333335 0.6805555555555556 0.030729166666666665
7 0.4324074074074074 0.4518229166666667 0.6370370370370371 0.0453125
0 0.9393518518518519 0.43072916666666666 0.058333333333333334 0.030208333333333334
7 0.32962962962962966 0.5013020833333334 0.4277777777777778 0.030729166666666665
7 0.4986111111111111 0.5466145833333333 0.763888888888889 0.03697916666666667
0 0.9375 0.5276041666666667 0.05462962962962963 0.029166666666666667
7 0.1625 0.60390625 0.08611111111111111 0.022395833333333334
7 0.22222222222222224 0.65234375 0.20925925925925926 0.022395833333333334
7 0.5 0.7005208333333334 0.7703703703703704 0.040625
7 0.31712962962962965 0.7505208333333333 0.3990740740740741 0.026041666666666668
7 0.4847222222222222 0.7973958333333333 0.7398148148148148 0.041666666666666664
0 0.938425925925926 0.77578125 0.05277777777777778 0.028645833333333332
2 0.062037037037037036 0.12760416666666666 0.05185185185185186 0.02395833333333333
7 0.500925925925926 0.8880208333333334 0.23703703703703705 0.027083333333333334
