7 0.11203703703703705 0.14765625 0.15925925925925927 0.022395833333333334
7 0.2569444444444445 0.2109375 0.4416666666666667 0.096875
7 0.09907407407407408 0.31536458333333334 0.12407407407407407 0.0265625
7 0.1875 0.3421875 0.2972222222222222 0.026041666666666668
7 0.19351851851851853 0.4166666666666667 0.312962962962963 0.030208333333333334
7 0.27546296296296297 0.44375 0.47870370370370374 0.028125
0 0.9240740740740742 0.42890625 0.05555555555555556 0.030729166666666665
7 0.26342592592592595 0.5158854166666667 0.44907407407407407 0.0296875
7 0.4388888888888889 0.55703125 0.8111111111111111 0.05260416666666667
0 0.9217592592592593 0.5411458333333333 0.05462962962962963 0.03125
7 0.17037037037037037 0.6390625 0.26296296296296295 0.030208333333333334
7 0.2949074074074074 0.6697916666666667 0.5194444444444445 0.026041666666666668
0 0.9222222222222223 0.6526041666666667 0.053703703703703705 0.03229166666666666
7 0.18564814814814815 0.7390625 0.2990740740740741 0.02395833333333333
7 0.19907407407407407 0.7901041666666666 0.32592592592592595 0.026041666666666668
7 0.17824074074074076 0.8653645833333333 0.2953703703703704 0.025520833333333333
7 0.3875 0.89453125 0.7064814814814815 0.025520833333333333
0 0.9240740740740742 0.8768229166666667 0.05925925925925926 0.0328125
7 0.15462962962962964 0.07265625 0.23703703703703705 0.0296875
