7 0.5 0.14609375 0.1277777777777778 0.028645833333333332
7 0.5 0.32734375 0.26481481481481484 0.024479166666666666
7 0.5013888888888889 0.5588541666666667 0.3824074074074074 0.026041666666666668
7 0.5 0.7885416666666667 0.4444444444444445 0.026041666666666668
7 0.19768518518518519 0.07083333333333333 0.3175925925925926 0.036458333333333336
7 0.49953703703703706 0.2791666666666667 0.09351851851851853 0.020833333333333332
7 0.5023148148148149 0.5109375 0.09537037037037037 0.022916666666666665
7 0.5013888888888889 0.7408854166666666 0.09722222222222222 0.0203125
7 0.25092592592592594 0.9013020833333333 0.0925925925925926 0.021354166666666667
7 0.7523148148148149 0.9028645833333333 0.13611111111111113 0.021354166666666667
