7 0.3611111111111111 0.21770833333333334 0.5166666666666667 0.035416666666666666
5 0.8578703703703704 0.2950520833333333 0.05462962962962963 0.03697916666666667
5 0.8606481481481482 0.3638020833333333 0.05648148148148149 0.030729166666666665
5 0.8597222222222223 0.42864583333333334 0.05092592592592593 0.03125
5 0.8611111111111112 0.49557291666666664 0.061111111111111116 0.0296875
5 0.8606481481481482 0.5606770833333333 0.05277777777777778 0.0328125
5 0.8597222222222223 0.6278645833333333 0.05092592592592593 0.0328125
5 0.862037037037037 0.6940104166666666 0.061111111111111116 0.033854166666666664
7 0.5 0.7604166666666666 0.11296296296296297 0.026041666666666668
7 0.1837962962962963 0.29791666666666666 0.16944444444444445 0.027083333333333334
7 0.1712962962962963 0.3645833333333333 0.1574074074074074 0.03229166666666666
7 0.17546296296296296 0.43046875 0.15833333333333333 0.027604166666666666
7 0.17777777777777778 0.4984375 0.17037037037037037 0.03125
7 0.17824074074074076 0.5638020833333334 0.1638888888888889 0.033854166666666664
7 0.18888888888888888 0.6302083333333334 0.1851851851851852 0.026041666666666668
7 0.18796296296296297 0.69609375 0.1925925925925926 0.0328125
