7 0.25324074074074077 0.0734375 0.1712962962962963 0.03229166666666666
2 0.06759259259259259 0.07317708333333334 0.06851851851851852 0.0328125
7 0.27175925925925926 0.19453125 0.47500000000000003 0.025520833333333333
7 0.12638888888888888 0.21927083333333333 0.17500000000000002 0.026041666666666668
7 0.2740740740740741 0.29244791666666664 0.47962962962962963 0.0234375
7 0.08194444444444444 0.31614583333333335 0.08611111111111111 0.026041666666666668
7 0.2740740740740741 0.3888020833333333 0.4777777777777778 0.024479166666666666
7 0.3800925925925926 0.42682291666666666 0.687962962962963 0.0484375
6 0.9037037037037038 0.41119791666666666 0.11481481481481481 0.03697916666666667
7 0.2606481481481482 0.5078125 0.45092592592592595 0.026041666666666668
7 0.4115740740740741 0.5346354166666667 0.7527777777777778 0.025520833333333333
7 0.1712962962962963 0.6052083333333333 0.2796296296296296 0.026041666666666668
