7 0.2351851851851852 0.13177083333333334 0.3666666666666667 0.021875
7 0.3462962962962963 0.16822916666666665 0.44074074074074077 0.026041666666666668
7 0.1851851851851852 0.21145833333333333 0.11481481481481481 0.025
7 0.19351851851851853 0.2520833333333333 0.1277777777777778 0.020833333333333332
7 0.19444444444444445 0.2973958333333333 0.13703703703703704 0.02395833333333333
7 0.18703703703703706 0.340625 0.11851851851851852 0.020833333333333332
7 0.1925925925925926 0.3854166666666667 0.12962962962962962 0.027083333333333334
7 0.21203703703703705 0.4296875 0.16481481481481483 0.026041666666666668
7 0.1787037037037037 0.47239583333333335 0.10185185185185186 0.02395833333333333
7 0.17037037037037037 0.5151041666666667 0.08518518518518518 0.021875
7 0.19351851851851853 0.559375 0.13518518518518519 0.022916666666666665
7 0.19074074074074074 0.6046875 0.12592592592592594 0.02395833333333333
7 0.18703703703703706 0.6489583333333333 0.12222222222222223 0.025
7 0.22037037037037038 0.6916666666666667 0.1925925925925926 0.025
7 0.17777777777777778 0.7348958333333333 0.1 0.021875
7 0.1824074074074074 0.7776041666666667 0.11296296296296297 0.02395833333333333
7 0.1953703703703704 0.8203125 0.1388888888888889 0.02395833333333333
7 0.3388888888888889 0.075 0.3962962962962963 0.03333333333333333
2 0.06944444444444445 0.071875 0.05740740740740741 0.03125
5 0.09351851851851853 0.165625 0.061111111111111116 0.03125
5 0.0925925925925926 0.20781249999999998 0.06296296296296297 0.03229166666666666
5 0.0962962962962963 0.2515625 0.06666666666666667 0.03229166666666666
5 0.09166666666666667 0.2947916666666667 0.061111111111111116 0.03333333333333333
5 0.0925925925925926 0.33958333333333335 0.06296296296296297 0.03333333333333333
5 0.09074074074074075 0.3828125 0.06296296296296297 0.034375
5 0.0925925925925926 0.4276041666666667 0.05925925925925926 0.03229166666666666
5 0.09351851851851853 0.4708333333333333 0.061111111111111116 0.035416666666666666
5 0.0925925925925926 0.515625 0.05925925925925926 0.03333333333333333
5 0.09074074074074075 0.5567708333333333 0.06296296296296297 0.034375
5 0.0925925925925926 0.6026041666666666 0.06296296296296297 0.03229166666666666
5 0.09074074074074075 0.6453125 0.06296296296296297 0.03229166666666666
5 0.09074074074074075 0.6880208333333333 0.06296296296296297 0.036458333333333336
5 0.09444444444444444 0.7338541666666667 0.06296296296296297 0.036458333333333336
5 0.09074074074074075 0.7765625 0.06296296296296297 0.03229166666666666
5 0.09351851851851853 0.8203125 0.05740740740740741 0.03229166666666666
7 0.500925925925926 0.8932291666666666 0.10185185185185186 0.021875
