7 0.09074074074074075 0.14661458333333333 0.11296296296296297 0.0328125
7 0.1398148148148148 0.1953125 0.20185185185185187 0.030208333333333334
6 0.9037037037037038 0.19505208333333332 0.11481481481481481 0.03697916666666667
7 0.18703703703703706 0.2703125 0.2962962962962963 0.030208333333333334
7 0.39861111111111114 0.2981770833333333 0.7194444444444444 0.025520833333333333
6 0.9037037037037038 0.2830729166666667 0.11481481481481481 0.03697916666666667
7 0.09814814814814815 0.37005208333333334 0.13333333333333333 0.0296875
7 0.1962962962962963 0.4203125 0.3148148148148148 0.030208333333333334
7 0.3375 0.44817708333333334 0.5972222222222222 0.025520833333333333
6 0.9037037037037038 0.43307291666666664 0.11481481481481481 0.03697916666666667
7 0.11574074074074074 0.52109375 0.1537037037037037 0.0296875
7 0.1574074074074074 0.59609375 0.23703703703703705 0.0296875
7 0.22314814814814815 0.67109375 0.3685185185185185 0.0296875
7 0.16203703703703703 0.74609375 0.24629629629629632 0.0296875
7 0.19351851851851853 0.82109375 0.3092592592592593 0.0296875
6 0.9037037037037038 0.8208333333333333 0.11481481481481481 0.0375
7 0.3199074074074074 0.07083333333333333 0.2898148148148148 0.036458333333333336
2 0.06759259259259259 0.07213541666666666 0.06851851851851852 0.03802083333333333
2 0.7310185185185185 0.06979166666666667 0.0638888888888889 0.035416666666666666
2 0.8439814814814816 0.07109375 0.08611111111111111 0.03697916666666667
2 0.9458333333333334 0.07083333333333333 0.04351851851851852 0.03958333333333333
