2 0.10370370370370371 0.853125 0.0925925925925926 0.034375
3 0.10046296296296296 0.9057291666666667 0.12685185185185185 0.04791666666666666
2 0.34675925925925927 0.8828125 0.14907407407407408 0.08333333333333333
2 0.6532407407407408 0.8828125 0.14907407407407408 0.08333333333333333
2 0.9013888888888889 0.85234375 0.09722222222222222 0.03177083333333333
3 0.9032407407407408 0.9041666666666667 0.11388888888888889 0.04479166666666667
2 0.06851851851851852 0.065625 0.07777777777777778 0.04375
7 0.2606481481481482 0.06536458333333334 0.28611111111111115 0.0359375
7 0.7944444444444445 0.06510416666666667 0.08703703703703704 0.028125
2 0.9356481481481482 0.06614583333333333 0.03981481481481482 0.0375
