2 0.06157407407407408 0.062239583333333334 0.062037037037037036 0.030729166666666665
7 0.5 0.06276041666666667 0.17777777777777778 0.0359375
7 0.09861111111111112 0.12942708333333333 0.11944444444444445 0.0296875
7 0.14027777777777778 0.15703125 0.20277777777777778 0.025520833333333333
7 0.1175925925925926 0.22838541666666667 0.1574074074074074 0.0296875
7 0.10092592592592593 0.25625 0.12407407407407407 0.026041666666666668
7 0.19490740740740742 0.340625 0.31203703703703706 0.029166666666666667
0 0.9222222222222223 0.340625 0.07777777777777778 0.04375
7 0.14907407407407408 0.42682291666666666 0.22037037037037038 0.0296875
7 0.10694444444444445 0.45468749999999997 0.13611111111111113 0.026041666666666668
7 0.14027777777777778 0.5263020833333333 0.20277777777777778 0.0296875
7 0.05925925925925926 0.55390625 0.040740740740740744 0.025520833333333333
7 0.10370370370370371 0.63828125 0.12962962962962962 0.0296875
7 0.17314814814814816 0.7385416666666667 0.29074074074074074 0.03125
7 0.15925925925925927 0.83671875 0.24074074074074076 0.0296875
7 0.10462962962962963 0.9213541666666667 0.13148148148148148 0.026041666666666668
