7 0.23796296296296296 0.03958333333333333 0.1277777777777778 0.027083333333333334
2 0.06759259259259259 0.037760416666666664 0.05740740740740741 0.025520833333333333
7 0.09444444444444444 0.1171875 0.12407407407407407 0.03333333333333333
7 0.31203703703703706 0.15677083333333333 0.5574074074074075 0.026041666666666668
7 0.09305555555555556 0.5140625 0.1287037037037037 0.03125
7 0.34351851851851856 0.5546875 0.6203703703703703 0.026041666666666668
3 0.49953703703703706 0.6880208333333333 0.35833333333333334 0.20208333333333334
7 0.09351851851851853 0.91484375 0.12407407407407407 0.0328125
2 0.9486111111111112 0.0375 0.030555555555555558 0.03125
3 0.49953703703703706 0.28671875 0.3194444444444445 0.18177083333333333
7 0.49953703703703706 0.42864583333333334 0.2564814814814815 0.022916666666666665
7 0.49953703703703706 0.8276041666666667 0.2564814814814815 0.021875
