6 0.9092592592592593 0.6234375 0.1 0.03854166666666667
6 0.912962962962963 0.6921875 0.0962962962962963 0.034375
6 0.912962962962963 0.8229166666666666 0.0962962962962963 0.03333333333333333
2 0.07037037037037037 0.07239583333333333 0.05925925925925926 0.030208333333333334
7 0.26666666666666666 0.07552083333333333 0.1962962962962963 0.03854166666666667
7 0.15462962962962964 0.14270833333333333 0.2537037037037037 0.03125
7 0.18796296296296297 0.20833333333333334 0.3055555555555556 0.029166666666666667
7 0.1 0.2864583333333333 0.15925925925925927 0.025
7 0.18888888888888888 0.36822916666666666 0.3111111111111111 0.05520833333333333
7 0.08148148148148149 0.46041666666666664 0.10370370370370371 0.027083333333333334
7 0.26666666666666666 0.5432291666666667 0.4703703703703704 0.05520833333333333
7 0.1527777777777778 0.6244791666666667 0.2425925925925926 0.026041666666666668
7 0.14537037037037037 0.690625 0.23148148148148148 0.027083333333333334
7 0.17314814814814816 0.7567708333333333 0.2796296296296296 0.02395833333333333
7 0.3175925925925926 0.8223958333333333 0.29814814814814816 0.028125
7 0.38981481481481484 0.9041666666666667 0.4462962962962963 0.05625
3 0.07962962962962963 0.8203125 0.07407407407407407 0.034375
3 0.07592592592592592 0.903125 0.07037037037037037 0.03958333333333333
