5 0.8092592592592593 0.20104166666666667 0.06666666666666667 0.0375
5 0.8092592592592593 0.2677083333333333 0.06666666666666667 0.0375
5 0.8083333333333333 0.334375 0.06851851851851852 0.0375
5 0.8055555555555556 0.39791666666666664 0.06666666666666667 0.035416666666666666
5 0.8064814814814815 0.4661458333333333 0.06481481481481481 0.036458333333333336
5 0.8083333333333333 0.53125 0.06481481481481481 0.035416666666666666
5 0.8074074074074075 0.5979166666666667 0.06296296296296297 0.035416666666666666
5 0.8083333333333333 0.6640625 0.06851851851851852 0.036458333333333336
5 0.8092592592592593 0.7286458333333333 0.06666666666666667 0.03854166666666667
5 0.8092592592592593 0.7890625 0.06666666666666667 0.030208333333333334
7 0.4083333333333333 0.12447916666666667 0.4462962962962963 0.06979166666666667
7 0.3907407407407408 0.19114583333333332 0.14444444444444446 0.028125
7 0.3768518518518519 0.2203125 0.11296296296296297 0.021875
7 0.3990740740740741 0.25729166666666664 0.16111111111111112 0.029166666666666667
7 0.37962962962962965 0.2869791666666667 0.12222222222222223 0.02395833333333333
7 0.3685185185185185 0.321875 0.1 0.025
7 0.3861111111111111 0.35104166666666664 0.13518518518518519 0.022916666666666665
7 0.375 0.3885416666666667 0.10185185185185186 0.027083333333333334
7 0.37962962962962965 0.41770833333333335 0.12222222222222223 0.022916666666666665
7 0.38333333333333336 0.45208333333333334 0.12222222222222223 0.025
7 0.375 0.4828125 0.11666666666666667 0.02395833333333333
7 0.4027777777777778 0.5203125 0.1685185185185185 0.030208333333333334
7 0.3740740740740741 0.5494791666666666 0.10740740740740741 0.019791666666666666
7 0.39351851851851855 0.5869791666666666 0.1537037037037037 0.030208333333333334
7 0.35462962962962963 0.6151041666666667 0.07222222222222223 0.021875
7 0.36203703703703705 0.6510416666666666 0.08703703703703704 0.03125
7 0.362962962962963 0.68125 0.08888888888888889 0.020833333333333332
7 0.4027777777777778 0.7166666666666667 0.17222222222222222 0.025
7 0.38796296296296295 0.746875 0.1388888888888889 0.025
7 0.39537037037037037 0.7848958333333333 0.1574074074074074 0.028125
7 0.7861111111111111 0.8703124999999999 0.061111111111111116 0.02395833333333333
3 0.25092592592592594 0.20104166666666667 0.13148148148148148 0.05416666666666667
3 0.2518518518518519 0.26666666666666666 0.13333333333333333 0.052083333333333336
3 0.25277777777777777 0.3333333333333333 0.13148148148148148 0.052083333333333336
3 0.25462962962962965 0.4005208333333333 0.13148148148148148 0.04895833333333333
3 0.25092592592592594 0.465625 0.13148148148148148 0.052083333333333336
3 0.25277777777777777 0.5328125 0.1277777777777778 0.051041666666666666
3 0.2518518518518519 0.5979166666666667 0.13333333333333333 0.052083333333333336
3 0.2518518518518519 0.6651041666666666 0.13333333333333333 0.051041666666666666
3 0.25277777777777777 0.7302083333333333 0.13148148148148148 0.052083333333333336
3 0.25 0.7859375 0.12962962962962962 0.034375
