7 0.14814814814814814 0.19765625 0.22222222222222224 0.027604166666666666
7 0.1287037037037037 0.22526041666666666 0.18333333333333335 0.0265625
7 0.07546296296296297 0.29661458333333335 0.0787037037037037 0.024479166666666666
7 0.07777777777777778 0.3255208333333333 0.08333333333333334 0.021875
7 0.19212962962962965 0.39947916666666666 0.3101851851851852 0.027083333333333334
7 0.16296296296296298 0.42734374999999997 0.2537037037037037 0.025520833333333333
0 0.9226851851851853 0.4106770833333333 0.05092592592592593 0.0296875
7 0.15324074074074073 0.4981770833333333 0.23981481481481481 0.03177083333333333
7 0.35833333333333334 0.52734375 0.6537037037037037 0.0296875
7 0.13657407407407407 0.6 0.21203703703703705 0.027083333333333334
7 0.20740740740740743 0.628125 0.337037037037037 0.029166666666666667
0 0.9231481481481482 0.61171875 0.05555555555555556 0.0296875
7 0.23194444444444445 0.07552083333333333 0.38981481481481484 0.03333333333333333
