7 0.13564814814814816 0.14348958333333334 0.21944444444444444 0.03177083333333333
7 0.2 0.1953125 0.32222222222222224 0.030208333333333334
7 0.3314814814814815 0.22317708333333333 0.5851851851851853 0.025520833333333333
0 0.9208333333333334 0.20677083333333332 0.05648148148148149 0.03229166666666666
7 0.10138888888888889 0.2950520833333333 0.15092592592592594 0.0296875
7 0.18703703703703706 0.3453125 0.2962962962962963 0.030208333333333334
7 0.3421296296296296 0.3731770833333333 0.6064814814814815 0.025520833333333333
0 0.9226851851851853 0.35963541666666665 0.06018518518518519 0.0328125
7 0.1712962962962963 0.44609375 0.26481481481481484 0.0296875
7 0.1685185185185185 0.47369791666666666 0.25925925925925924 0.025520833333333333
7 0.10185185185185186 0.54375 0.14444444444444446 0.021875
7 0.13657407407407407 0.59609375 0.1953703703703704 0.0296875
7 0.2949074074074074 0.6236979166666666 0.5120370370370371 0.025520833333333333
2 0.06481481481481481 0.0703125 0.06851851851851852 0.03125
2 0.950462962962963 0.07083333333333333 0.04537037037037037 0.036458333333333336
