6 0.8925925925925926 0.3546875 0.1 0.03854166666666667
6 0.8944444444444445 0.42604166666666665 0.10370370370370371 0.0375
6 0.8962962962962964 0.4953125 0.10740740740740741 0.034375
6 0.8935185185185186 0.559375 0.10185185185185186 0.035416666666666666
7 0.5037037037037038 0.07395833333333333 0.4814814814814815 0.03125
7 0.49722222222222223 0.21770833333333334 0.9796296296296296 0.04375
7 0.500925925925926 0.2828125 0.47222222222222227 0.02395833333333333
7 0.27037037037037037 0.3572916666666667 0.4851851851851852 0.027083333333333334
7 0.3805555555555556 0.42864583333333334 0.7018518518518518 0.051041666666666666
7 0.39351851851851855 0.4973958333333333 0.7203703703703704 0.028125
7 0.2898148148148148 0.5604166666666667 0.5166666666666667 0.027083333333333334
2 0.06759259259259259 0.07083333333333333 0.053703703703703705 0.029166666666666667
7 0.2490740740740741 0.13854166666666667 0.3462962962962963 0.020833333333333332
7 0.7490740740740741 0.1390625 0.29814814814814816 0.021875
