7 0.9398148148148149 0.221875 0.08333333333333334 0.022916666666666665
7 0.9444444444444445 0.33697916666666666 0.06296296296296297 0.019791666666666666
7 0.9462962962962963 0.4536458333333333 0.05555555555555556 0.021875
0 0.9240740740740742 0.5677083333333334 0.07407407407407407 0.035416666666666666
0 0.9231481481481482 0.6895833333333333 0.07222222222222223 0.0375
0 0.9222222222222223 0.8505208333333333 0.07037037037037037 0.040625
7 0.2638888888888889 0.07447916666666667 0.20925925925925926 0.036458333333333336
7 0.1537037037037037 0.14635416666666667 0.2518518518518519 0.028125
7 0.16481481481481483 0.19479166666666667 0.27037037037037037 0.022916666666666665
7 0.20555555555555557 0.22239583333333332 0.34814814814814815 0.021875
7 0.10462962962962963 0.3104166666666667 0.1537037037037037 0.025
7 0.20740740740740743 0.3375 0.3703703703703704 0.025
7 0.08333333333333334 0.42604166666666665 0.0962962962962963 0.020833333333333332
7 0.18703703703703706 0.45416666666666666 0.31851851851851853 0.020833333333333332
7 0.21481481481481482 0.5442708333333334 0.3666666666666667 0.026041666666666668
7 0.4351851851851852 0.5848958333333333 0.8111111111111111 0.046875
7 0.15092592592592594 0.66875 0.2388888888888889 0.027083333333333334
7 0.39814814814814814 0.70625 0.7407407407407408 0.04375
7 0.1638888888888889 0.7880208333333333 0.27222222222222225 0.026041666666666668
7 0.16018518518518518 0.8385416666666666 0.2537037037037037 0.020833333333333332
7 0.36203703703703705 0.865625 0.6648148148148149 0.025
