7 0.19351851851851853 0.14817708333333332 0.31851851851851853 0.028645833333333332
7 0.0925925925925926 0.1765625 0.11481481481481481 0.026041666666666668
7 0.2101851851851852 0.24869791666666666 0.35555555555555557 0.0296875
7 0.3231481481481482 0.278125 0.5740740740740741 0.028125
0 0.9222222222222223 0.26067708333333334 0.053703703703703705 0.03177083333333333
7 0.19351851851851853 0.3502604166666667 0.31851851851851853 0.028645833333333332
0 0.9217592592592593 0.3484375 0.05462962962962963 0.03229166666666666
7 0.27361111111111114 0.42552083333333335 0.47870370370370374 0.029166666666666667
0 0.9231481481481482 0.42291666666666666 0.053703703703703705 0.03125
7 0.16990740740740742 0.5002604166666667 0.26944444444444443 0.025520833333333333
7 0.11805555555555557 0.52734375 0.16203703703703703 0.024479166666666666
7 0.1824074074074074 0.6005208333333333 0.29444444444444445 0.027083333333333334
7 0.3541666666666667 0.6286458333333333 0.6398148148148148 0.025
7 0.14212962962962963 0.7002604166666666 0.21944444444444444 0.0296875
7 0.1550925925925926 0.7481770833333333 0.23611111111111113 0.0234375
7 0.10138888888888889 0.778125 0.12685185185185185 0.020833333333333332
7 0.24305555555555555 0.8515625 0.41203703703703703 0.027083333333333334
7 0.33425925925925926 0.8802083333333334 0.5944444444444444 0.026041666666666668
0 0.9222222222222223 0.8627604166666667 0.05555555555555556 0.0328125
2 0.0712962962962963 0.07213541666666666 0.06666666666666667 0.03802083333333333
7 0.2564814814814815 0.07291666666666667 0.22777777777777777 0.030208333333333334
