2 0.052314814814814814 0.06770833333333333 0.05092592592592593 0.04375
7 0.5 0.06979166666666667 0.16666666666666669 0.035416666666666666
7 0.1300925925925926 0.15963541666666667 0.2212962962962963 0.0296875
6 0.9162037037037037 0.15911458333333334 0.15092592592592594 0.050520833333333334
7 0.07453703703703704 0.22265625 0.11018518518518519 0.0296875
6 0.9189814814814815 0.22213541666666667 0.15092592592592594 0.049479166666666664
7 0.08101851851851852 0.2856770833333333 0.12314814814814816 0.0296875
6 0.9194444444444445 0.28463541666666664 0.14074074074074075 0.04635416666666667
7 0.14675925925925926 0.3484375 0.25462962962962965 0.030208333333333334
2 0.9712962962962963 0.3484375 0.018518518518518517 0.016666666666666666
7 0.09583333333333334 0.4388020833333333 0.1527777777777778 0.0296875
2 0.9712962962962963 0.43854166666666666 0.018518518518518517 0.016666666666666666
7 0.10416666666666667 0.52890625 0.16944444444444445 0.0296875
2 0.9712962962962963 0.52890625 0.018518518518518517 0.01614583333333333
7 0.8791666666666667 0.52890625 0.12685185185185185 0.0296875
7 0.1550925925925926 0.5921875 0.2712962962962963 0.030208333333333334
6 0.9180555555555556 0.59140625 0.14537037037037037 0.04635416666666667
7 0.5097222222222222 0.6580729166666667 0.9805555555555556 0.0515625
7 0.17546296296296296 0.7424479166666667 0.31203703703703706 0.0296875
2 0.9712962962962963 0.7427083333333333 0.018518518518518517 0.016666666666666666
7 0.12314814814814816 0.8059895833333334 0.20740740740740743 0.0296875
7 0.8967592592592593 0.8059895833333334 0.09166666666666667 0.0296875
2 0.9712962962962963 0.8059895833333334 0.018518518518518517 0.01614583333333333
7 0.09351851851851853 0.8690104166666667 0.14814814814814814 0.0296875
2 0.9712962962962963 0.8690104166666667 0.018518518518518517 0.01614583333333333
7 0.9314814814814815 0.8690104166666667 0.022222222222222223 0.0296875
