5 0.8805555555555555 0.0859375 0.06481481481481481 0.03229166666666666
5 0.8805555555555555 0.16041666666666665 0.05740740740740741 0.03333333333333333
5 0.8833333333333334 0.23489583333333333 0.06296296296296297 0.034375
5 0.8814814814814815 0.3104166666666667 0.06666666666666667 0.03333333333333333
5 0.8824074074074074 0.38385416666666666 0.05740740740740741 0.036458333333333336
5 0.8824074074074074 0.4583333333333333 0.06481481481481481 0.035416666666666666
5 0.8796296296296297 0.5328125 0.05185185185185186 0.03229166666666666
5 0.8814814814814815 0.6072916666666667 0.05555555555555556 0.029166666666666667
5 0.8814814814814815 0.6822916666666666 0.05925925925925926 0.029166666666666667
5 0.8805555555555555 0.7572916666666667 0.061111111111111116 0.03125
5 0.8814814814814815 0.8322916666666667 0.06296296296296297 0.029166666666666667
5 0.8814814814814815 0.9052083333333333 0.05925925925925926 0.03125
7 0.28611111111111115 0.08958333333333333 0.39814814814814814 0.03333333333333333
7 0.23333333333333334 0.16510416666666666 0.2962962962962963 0.036458333333333336
7 0.23796296296296296 0.2375 0.3055555555555556 0.03333333333333333
7 0.20555555555555557 0.3125 0.24444444444444446 0.03333333333333333
7 0.2657407407407408 0.3880208333333333 0.3574074074074074 0.03229166666666666
7 0.25092592592592594 0.4614583333333333 0.3388888888888889 0.035416666666666666
7 0.15 0.5348958333333333 0.12592592592592594 0.034375
7 0.21203703703703705 0.6109375 0.2611111111111111 0.03229166666666666
7 0.17962962962962964 0.6885416666666666 0.1925925925925926 0.035416666666666666
7 0.2490740740740741 0.7619791666666667 0.32407407407407407 0.040625
7 0.24814814814814815 0.8348958333333333 0.32222222222222224 0.034375
7 0.26296296296296295 0.90625 0.3592592592592593 0.03125
