2 0.49953703703703706 0.21744791666666666 0.6564814814814816 0.3692708333333333
2 0.06574074074074074 0.6604166666666667 0.07777777777777778 0.04375
7 0.26805555555555555 0.6609375 0.30648148148148147 0.03125
2 0.06574074074074074 0.7145833333333333 0.07777777777777778 0.04375
7 0.33055555555555555 0.7161458333333334 0.4314814814814815 0.022916666666666665
2 0.06574074074074074 0.7697916666666667 0.07777777777777778 0.04375
7 0.3990740740740741 0.7713541666666667 0.5685185185185185 0.021875
2 0.3300925925925926 0.8395833333333333 0.058333333333333334 0.03854166666666667
2 0.4990740740740741 0.8401041666666667 0.06666666666666667 0.036458333333333336
2 0.675 0.8419270833333333 0.05740740740740741 0.034895833333333334
7 0.9578703703703704 0.8669270833333333 0.08425925925925926 0.025520833333333333
2 0.24722222222222223 0.43515624999999997 0.06851851851851852 0.0359375
2 0.4990740740740741 0.4348958333333333 0.08148148148148149 0.03854166666666667
2 0.7564814814814815 0.4359375 0.06481481481481481 0.0375
