5 0.15185185185185185 0.1484375 0.06666666666666667 0.03854166666666667
5 0.15185185185185185 0.21458333333333332 0.06666666666666667 0.03958333333333333
5 0.15185185185185185 0.278125 0.07037037037037037 0.03958333333333333
5 0.15 0.3442708333333333 0.07407407407407407 0.040625
5 0.15092592592592594 0.41041666666666665 0.07592592592592592 0.0375
5 0.15092592592592594 0.47604166666666664 0.06481481481481481 0.041666666666666664
5 0.1527777777777778 0.5421875 0.07222222222222223 0.04479166666666667
5 0.1527777777777778 0.6083333333333333 0.07222222222222223 0.03958333333333333
5 0.15092592592592594 0.6729166666666666 0.07222222222222223 0.03958333333333333
5 0.15092592592592594 0.7385416666666667 0.06851851851851852 0.0375
5 0.15185185185185185 0.8036458333333333 0.07407407407407407 0.042708333333333334
7 0.2814814814814815 0.10208333333333333 0.32592592592592595 0.035416666666666666
7 0.3148148148148148 0.146875 0.17037037037037037 0.03333333333333333
7 0.3787037037037037 0.2171875 0.29444444444444445 0.03229166666666666
7 0.32222222222222224 0.28020833333333334 0.18888888888888888 0.03125
7 0.33796296296296297 0.346875 0.21666666666666667 0.027083333333333334
7 0.32685185185185184 0.4125 0.19444444444444445 0.029166666666666667
7 0.31666666666666665 0.4770833333333333 0.17777777777777778 0.03333333333333333
7 0.30462962962962964 0.5432291666666667 0.1388888888888889 0.028125
7 0.32685185185185184 0.6078125 0.19444444444444445 0.03229166666666666
7 0.33425925925925926 0.6744791666666666 0.21296296296296297 0.030208333333333334
7 0.38796296296296295 0.7385416666666667 0.3092592592592593 0.03333333333333333
7 0.35462962962962963 0.8046875 0.25 0.036458333333333336
7 0.8120370370370371 0.8734375 0.1574074074074074 0.028125
