7 0.30648148148148147 0.07109375 0.26296296296296295 0.030729166666666665
2 0.06898148148148149 0.07005208333333333 0.05462962962962963 0.033854166666666664
3 0.2550925925925926 0.23307291666666666 0.4712962962962963 0.1640625
7 0.25462962962962965 0.340625 0.20555555555555557 0.029166666666666667
3 0.7449074074074075 0.23307291666666666 0.4712962962962963 0.1640625
7 0.7458333333333333 0.34088541666666666 0.12685185185185185 0.0296875
3 0.2550925925925926 0.46588541666666666 0.4712962962962963 0.1640625
7 0.2537037037037037 0.5731770833333333 0.1425925925925926 0.028645833333333332
3 0.7449074074074075 0.46588541666666666 0.4712962962962963 0.1640625
7 0.7421296296296297 0.5729166666666666 0.1398148148148148 0.028125
3 0.2550925925925926 0.6986979166666667 0.4712962962962963 0.1640625
7 0.2564814814814815 0.80703125 0.12407407407407407 0.030729166666666665
3 0.7449074074074075 0.6986979166666667 0.4712962962962963 0.1640625
7 0.7458333333333333 0.8059895833333334 0.13611111111111113 0.028645833333333332
3 0.25601851851851853 0.8861979166666667 0.47314814814814815 0.0734375
3 0.7467592592592592 0.8880208333333334 0.47500000000000003 0.07708333333333334
