2 0.10046296296296296 0.8916666666666666 0.0787037037037037 0.04375
2 0.30185185185185187 0.8924479166666667 0.08148148148148149 0.0453125
2 0.5018518518518519 0.8927083333333333 0.08518518518518518 0.04583333333333333
2 0.6949074074074074 0.8916666666666666 0.09907407407407408 0.04375
2 0.8972222222222223 0.8924479166666667 0.10370370370370371 0.04635416666666667
7 0.10185185185185186 0.9221354166666667 0.1 0.0171875
7 0.30185185185185187 0.9229166666666666 0.09814814814814815 0.014583333333333334
7 0.5041666666666667 0.9234375 0.11018518518518519 0.010416666666666666
7 0.700462962962963 0.9234375 0.09907407407407408 0.017708333333333333
7 0.9037037037037038 0.9249999999999999 0.10555555555555556 0.01875
