7 0.20416666666666666 0.16484375 0.3472222222222222 0.030729166666666665
0 0.9199074074074074 0.16328125 0.075 0.043229166666666666
7 0.17453703703703705 0.2578125 0.287962962962963 0.03229166666666666
0 0.9212962962962963 0.25729166666666664 0.07037037037037037 0.03854166666666667
7 0.09814814814814815 0.35442708333333334 0.13518518518518519 0.0296875
0 0.9208333333333334 0.35260416666666666 0.075 0.041666666666666664
2 0.06944444444444445 0.07109375 0.061111111111111116 0.027604166666666666
7 0.5018518518518519 0.07265625 0.2796296296296296 0.0296875
7 0.9 0.07135416666666666 0.13333333333333333 0.02395833333333333
7 0.5041666666666667 0.9015624999999999 0.16574074074074074 0.030208333333333334
