6 0.9157407407407407 0.21822916666666667 0.10185185185185186 0.036458333333333336
6 0.912962962962963 0.3651041666666667 0.08518518518518518 0.034375
6 0.9111111111111111 0.4890625 0.1 0.036458333333333336
6 0.9166666666666667 0.6125 0.1 0.0375
2 0.07037037037037037 0.0703125 0.07407407407407407 0.030208333333333334
2 0.9435185185185185 0.07291666666666667 0.07962962962962963 0.04583333333333333
7 0.23796296296296296 0.07291666666666667 0.19074074074074074 0.03333333333333333
7 0.19444444444444445 0.14739583333333334 0.3703703703703704 0.028125
7 0.21944444444444444 0.21510416666666665 0.37592592592592594 0.030208333333333334
7 0.41944444444444445 0.271875 0.7648148148148148 0.0625
7 0.11851851851851852 0.3598958333333333 0.17037037037037037 0.026041666666666668
7 0.41111111111111115 0.40781249999999997 0.7555555555555555 0.04479166666666667
7 0.2388888888888889 0.48593749999999997 0.41111111111111115 0.028125
7 0.4240740740740741 0.53125 0.788888888888889 0.04583333333333333
7 0.1388888888888889 0.6083333333333333 0.22962962962962963 0.027083333333333334
7 0.3148148148148148 0.6458333333333334 0.5777777777777778 0.027083333333333334
7 0.5018518518518519 0.7291666666666666 0.9777777777777779 0.07291666666666667
7 0.1675925925925926 0.8041666666666667 0.3055555555555556 0.025
7 0.1277777777777778 0.8671875 0.17777777777777778 0.034375
2 0.9462962962962963 0.8671875 0.040740740740740744 0.026041666666666668
4 0.5 0.8671875 0.9666666666666667 0.071875
