7 0.12916666666666668 0.05130208333333333 0.24722222222222223 0.0265625
7 0.19351851851851853 0.11223958333333334 0.24814814814814815 0.03177083333333333
0 0.8907407407407407 0.11041666666666666 0.0925925925925926 0.051041666666666666
7 0.2125 0.20026041666666666 0.28055555555555556 0.033854166666666664
0 0.8912037037037037 0.19947916666666665 0.08981481481481482 0.051041666666666666
7 0.32222222222222224 0.27447916666666666 0.5092592592592593 0.03333333333333333
7 0.32083333333333336 0.3098958333333333 0.4990740740740741 0.025
0 0.8912037037037037 0.2877604166666667 0.08796296296296297 0.049479166666666664
7 0.31574074074074077 0.3809895833333333 0.49074074074074076 0.043229166666666666
0 0.8930555555555556 0.37604166666666666 0.08611111111111111 0.052083333333333336
7 0.3101851851851852 0.465625 0.47962962962962963 0.03854166666666667
7 0.3287037037037037 0.5544270833333333 0.5111111111111112 0.044270833333333336
0 0.8921296296296297 0.55234375 0.08796296296296297 0.050520833333333334
7 0.29074074074074074 0.6408854166666667 0.4481481481481482 0.0359375
7 0.19861111111111113 0.7296875 0.25277777777777777 0.03333333333333333
0 0.8907407407407407 0.7296875 0.08518518518518518 0.04895833333333333
7 0.4324074074074074 0.8197916666666667 0.7240740740740741 0.03333333333333333
0 0.8925925925925926 0.8166666666666667 0.08148148148148149 0.046875
7 0.19074074074074074 0.90859375 0.24444444444444446 0.03802083333333333
0 0.8930555555555556 0.9067708333333333 0.08611111111111111 0.04791666666666666
