7 0.23796296296296296 0.07395833333333333 0.40925925925925927 0.035416666666666666
7 0.20185185185185187 0.21458333333333332 0.12222222222222223 0.027083333333333334
7 0.22870370370370371 0.303125 0.1574074074074074 0.029166666666666667
7 0.22592592592592595 0.3927083333333333 0.16666666666666669 0.0375
7 0.16574074074074074 0.47812499999999997 0.0462962962962963 0.03333333333333333
7 0.20555555555555557 0.5666666666666667 0.11851851851851852 0.035416666666666666
7 0.19444444444444445 0.6583333333333333 0.10370370370370371 0.035416666666666666
7 0.18611111111111112 0.746875 0.08703703703703704 0.029166666666666667
7 0.25462962962962965 0.834375 0.2240740740740741 0.035416666666666666
7 0.19166666666666668 0.9203125 0.10185185185185186 0.026041666666666668
2 0.0712962962962963 0.14427083333333332 0.08333333333333334 0.057291666666666664
2 0.07777777777777778 0.22135416666666666 0.11851851851851852 0.06770833333333333
2 0.07314814814814816 0.3104166666666667 0.12407407407407407 0.06458333333333333
2 0.07407407407407407 0.39791666666666664 0.12222222222222223 0.06666666666666667
2 0.07314814814814816 0.4895833333333333 0.1277777777777778 0.07083333333333333
2 0.075 0.5807291666666666 0.12407407407407407 0.06979166666666667
2 0.075 0.665625 0.12407407407407407 0.06666666666666667
2 0.0787037037037037 0.7557291666666667 0.11666666666666667 0.06979166666666667
2 0.07685185185185185 0.8447916666666666 0.12407407407407407 0.06875
2 0.07592592592592592 0.9171874999999999 0.11851851851851852 0.034375
