7 0.19583333333333333 0.06848958333333333 0.1638888888888889 0.0296875
7 0.16481481481481483 0.12916666666666665 0.21296296296296297 0.03333333333333333
7 0.3837962962962963 0.15859375 0.6509259259259259 0.025520833333333333
0 0.8796296296296297 0.14270833333333333 0.05 0.030208333333333334
7 0.16435185185185186 0.21744791666666666 0.21203703703703705 0.0328125
7 0.3175925925925926 0.24687499999999998 0.5185185185185185 0.026041666666666668
0 0.8777777777777778 0.23046875 0.05185185185185186 0.028645833333333332
7 0.17175925925925928 0.31875 0.22685185185185186 0.03333333333333333
0 0.8777777777777778 0.31927083333333334 0.04814814814814815 0.03125
7 0.2490740740740741 0.4067708333333333 0.3814814814814815 0.03333333333333333
0 0.8805555555555555 0.4075520833333333 0.05925925925925926 0.03177083333333333
7 0.31342592592592594 0.4822916666666667 0.5101851851851852 0.03333333333333333
7 0.21574074074074076 0.51171875 0.3148148148148148 0.025520833333333333
0 0.8773148148148149 0.49609375 0.05092592592592593 0.0296875
7 0.24444444444444446 0.5833333333333334 0.37222222222222223 0.03333333333333333
7 0.2949074074074074 0.671875 0.47314814814814815 0.03333333333333333
7 0.2564814814814815 0.73828125 0.4 0.0359375
7 0.2865740740740741 0.8044270833333333 0.4564814814814815 0.0328125
0 0.8791666666666667 0.80546875 0.05277777777777778 0.030729166666666665
7 0.27175925925925926 0.8927083333333333 0.42685185185185187 0.03333333333333333
0 0.8810185185185185 0.89296875 0.058333333333333334 0.03177083333333333
2 0.06898148148148149 0.06588541666666667 0.07685185185185185 0.04010416666666666
