6 0.8981481481481481 0.23385416666666667 0.10740740740740741 0.034375
0 0.9101851851851852 0.3458333333333333 0.07222222222222223 0.0375
2 0.07037037037037037 0.07291666666666667 0.05925925925925926 0.029166666666666667
7 0.26481481481481484 0.07447916666666667 0.18888888888888888 0.034375
7 0.21851851851851853 0.14947916666666666 0.33333333333333337 0.026041666666666668
7 0.1787037037037037 0.221875 0.2611111111111111 0.029166666666666667
7 0.4203703703703704 0.25104166666666666 0.7444444444444445 0.027083333333333334
7 0.23425925925925928 0.3234375 0.38333333333333336 0.028125
7 0.39351851851851855 0.3619791666666667 0.6944444444444444 0.04479166666666667
7 0.16481481481481483 0.4458333333333333 0.23333333333333334 0.025
7 0.25462962962962965 0.4744791666666667 0.4166666666666667 0.026041666666666668
7 0.12037037037037038 0.5447916666666667 0.14444444444444446 0.020833333333333332
7 0.21296296296296297 0.5947916666666666 0.337037037037037 0.022916666666666665
7 0.47962962962962963 0.6338541666666666 0.8851851851851852 0.04479166666666667
7 0.09074074074074075 0.7192708333333333 0.10370370370370371 0.026041666666666668
7 0.17685185185185187 0.7911458333333333 0.26851851851851855 0.028125
7 0.15555555555555556 0.8447916666666666 0.23333333333333334 0.027083333333333334
7 0.40555555555555556 0.8713541666666667 0.7222222222222222 0.021875
