2 0.25601851851851853 0.14427083333333332 0.1824074074074074 0.103125
7 0.25092592592592594 0.23124999999999998 0.32222222222222224 0.036458333333333336
7 0.2537037037037037 0.3203125 0.3851851851851852 0.051041666666666666
2 0.7435185185185186 0.14427083333333332 0.18333333333333335 0.103125
7 0.7407407407407408 0.23229166666666667 0.37592592592592594 0.034375
7 0.7421296296296297 0.31875 0.35833333333333334 0.04791666666666666
2 0.25601851851851853 0.46380208333333334 0.1824074074074074 0.10260416666666666
7 0.26157407407407407 0.55234375 0.20833333333333334 0.033854166666666664
7 0.2523148148148148 0.62734375 0.35833333333333334 0.0265625
2 0.7435185185185186 0.46380208333333334 0.18333333333333335 0.10260416666666666
7 0.7453703703703703 0.5546875 0.38703703703703707 0.029166666666666667
7 0.7412037037037037 0.6372395833333333 0.33611111111111114 0.04635416666666667
2 0.25601851851851853 0.78359375 0.1824074074074074 0.10260416666666666
7 0.25972222222222224 0.8723958333333334 0.18796296296296297 0.03125
2 0.7435185185185186 0.78359375 0.18333333333333335 0.10260416666666666
7 0.7421296296296297 0.88515625 0.2657407407407408 0.05677083333333333
7 0.22777777777777777 0.03802083333333333 0.10555555555555556 0.03333333333333333
2 0.06851851851851852 0.037760416666666664 0.053703703703703705 0.030729166666666665
