7 0.1476851851851852 0.02265625 0.18611111111111112 0.021354166666666667
7 0.18611111111111112 0.07734375 0.2611111111111111 0.0328125
7 0.11388888888888889 0.10781249999999999 0.11666666666666667 0.02395833333333333
7 0.10925925925925926 0.15546875 0.10740740740740741 0.0203125
7 0.1865740740740741 0.2109375 0.2657407407407408 0.03125
7 0.16342592592592592 0.24010416666666667 0.21574074074074076 0.02395833333333333
7 0.16527777777777777 0.29713541666666665 0.21944444444444444 0.0265625
7 0.12037037037037038 0.3263020833333333 0.1277777777777778 0.021354166666666667
7 0.14583333333333334 0.3765625 0.18425925925925926 0.022916666666666665
7 0.14537037037037037 0.4419270833333333 0.17407407407407408 0.0328125
0 0.8800925925925926 0.44244791666666666 0.05462962962962963 0.0296875
7 0.2125 0.5098958333333333 0.3138888888888889 0.02395833333333333
7 0.4467592592592593 0.590625 0.7768518518518519 0.084375
