7 0.788888888888889 0.8690104166666667 0.07962962962962963 0.0296875
5 0.8064814814814815 0.20234375 0.07777777777777778 0.058854166666666666
3 0.2518518518518519 0.20234375 0.11666666666666667 0.058854166666666666
7 0.3907407407407408 0.18932291666666667 0.14074074074074075 0.0328125
7 0.375 0.21875 0.10925925925925926 0.026041666666666668
5 0.8064814814814815 0.2682291666666667 0.07777777777777778 0.059375
3 0.2518518518518519 0.2682291666666667 0.11666666666666667 0.059375
7 0.3976851851851852 0.2552083333333333 0.15462962962962964 0.03333333333333333
7 0.3805555555555556 0.28489583333333335 0.12037037037037038 0.026041666666666668
5 0.8064814814814815 0.3341145833333333 0.07777777777777778 0.058854166666666666
3 0.2518518518518519 0.3341145833333333 0.11666666666666667 0.058854166666666666
7 0.3675925925925926 0.32135416666666666 0.09444444444444444 0.03333333333333333
7 0.3861111111111111 0.35078125 0.13148148148148148 0.025520833333333333
5 0.8064814814814815 0.4002604166666667 0.07777777777777778 0.058854166666666666
3 0.2518518518518519 0.4002604166666667 0.11666666666666667 0.058854166666666666
7 0.37222222222222223 0.3875 0.10370370370370371 0.03333333333333333
7 0.37777777777777777 0.41692708333333334 0.11481481481481481 0.025520833333333333
5 0.8064814814814815 0.4661458333333333 0.07777777777777778 0.059375
3 0.2518518518518519 0.4661458333333333 0.11666666666666667 0.059375
7 0.3819444444444445 0.453125 0.12314814814814816 0.03333333333333333
7 0.375 0.4828125 0.10925925925925926 0.026041666666666668
5 0.8064814814814815 0.53203125 0.07777777777777778 0.058854166666666666
3 0.2518518518518519 0.53203125 0.11666666666666667 0.058854166666666666
7 0.4027777777777778 0.5192708333333333 0.16481481481481483 0.03333333333333333
7 0.37222222222222223 0.5486979166666667 0.10370370370370371 0.025520833333333333
5 0.8064814814814815 0.5981770833333333 0.07777777777777778 0.058854166666666666
3 0.2518518518518519 0.5981770833333333 0.11666666666666667 0.058854166666666666
7 0.3925925925925926 0.5854166666666667 0.14444444444444446 0.03333333333333333
7 0.3527777777777778 0.61484375 0.06481481481481481 0.025520833333333333
5 0.8064814814814815 0.6643229166666667 0.07777777777777778 0.058854166666666666
3 0.2518518518518519 0.6643229166666667 0.11666666666666667 0.058854166666666666
7 0.3611111111111111 0.6513020833333333 0.08148148148148149 0.0328125
7 0.3597222222222222 0.6807291666666666 0.0787037037037037 0.026041666666666668
5 0.8064814814814815 0.73046875 0.07777777777777778 0.058854166666666666
3 0.2518518518518519 0.73046875 0.11666666666666667 0.058854166666666666
7 0.40092592592592596 0.7174479166666666 0.16111111111111112 0.0328125
7 0.38472222222222224 0.746875 0.1287037037037037 0.026041666666666668
5 0.8064814814814815 0.7846354166666667 0.07777777777777778 0.0359375
3 0.2518518518518519 0.7846354166666667 0.11666666666666667 0.0359375
7 0.3925925925925926 0.7833333333333333 0.14444444444444446 0.03333333333333333
7 0.40925925925925927 0.12708333333333333 0.45 0.07083333333333333
