3 0.4986111111111111 0.19557291666666665 0.3527777777777778 0.20052083333333334
7 0.5 0.3184895833333333 0.2388888888888889 0.0265625
2 0.9282407407407408 0.06770833333333333 0.10648148148148148 0.057291666666666664
2 0.030555555555555558 0.49453125 0.0462962962962963 0.0265625
2 0.03194444444444445 0.5341145833333333 0.03796296296296296 0.025520833333333333
2 0.03287037037037037 0.5786458333333333 0.03981481481481482 0.027083333333333334
2 0.03287037037037037 0.621875 0.03981481481481482 0.026041666666666668
3 0.8574074074074074 0.5486979166666667 0.2851851851851852 0.15572916666666667
7 0.2162037037037037 0.49374999999999997 0.3138888888888889 0.029166666666666667
7 0.13796296296296298 0.6239583333333333 0.1537037037037037 0.022916666666666665
7 0.1865740740740741 0.5791666666666666 0.25462962962962965 0.02395833333333333
7 0.1962962962962963 0.5377604166666666 0.26851851851851855 0.0265625
7 0.500462962962963 0.40572916666666664 0.44537037037037036 0.030208333333333334
7 0.5041666666666667 0.7953125 0.44907407407407407 0.027083333333333334
