7 0.27592592592592596 0.07213541666666666 0.2851851851851852 0.03177083333333333
2 0.06666666666666667 0.07005208333333333 0.044444444444444446 0.030729166666666665
3 0.3763888888888889 0.17890625 0.24722222222222223 0.1390625
3 0.6263888888888889 0.17890625 0.24722222222222223 0.1390625
3 0.875 0.17890625 0.24444444444444446 0.1390625
3 0.12638888888888888 0.31953125 0.24722222222222223 0.1390625
3 0.6263888888888889 0.31953125 0.24722222222222223 0.1390625
3 0.3763888888888889 0.46015625 0.24722222222222223 0.1390625
3 0.6263888888888889 0.46015625 0.24722222222222223 0.1390625
3 0.12638888888888888 0.60078125 0.24722222222222223 0.1390625
3 0.3763888888888889 0.60078125 0.24722222222222223 0.1390625
3 0.3763888888888889 0.74140625 0.24722222222222223 0.1390625
3 0.12638888888888888 0.8734375 0.24722222222222223 0.121875
3 0.3763888888888889 0.8734375 0.24722222222222223 0.121875
3 0.875 0.8734375 0.24444444444444446 0.121875
2 0.12731481481481483 0.17890625 0.11388888888888889 0.05677083333333333
2 0.875462962962963 0.7442708333333333 0.11388888888888889 0.04895833333333333
2 0.625462962962963 0.7434895833333334 0.10648148148148148 0.04739583333333333
2 0.12592592592592594 0.4609375 0.22592592592592595 0.12291666666666666
