2 0.07685185185185185 0.20833333333333334 0.05740740740740741 0.030208333333333334
7 0.32685185185185184 0.20963541666666666 0.3814814814814815 0.030729166666666665
3 0.06805555555555556 0.27890625 0.09722222222222222 0.0546875
7 0.2449074074074074 0.27760416666666665 0.2175925925925926 0.022916666666666665
3 0.06805555555555556 0.3559895833333333 0.09722222222222222 0.0546875
7 0.24675925925925926 0.3559895833333333 0.2212962962962963 0.0265625
3 0.06805555555555556 0.4328125 0.09722222222222222 0.05520833333333333
7 0.27314814814814814 0.43359375 0.2740740740740741 0.027604166666666666
3 0.06805555555555556 0.5096354166666667 0.09722222222222222 0.0546875
7 0.2574074074074074 0.5088541666666666 0.2425925925925926 0.02395833333333333
3 0.06805555555555556 0.58671875 0.09722222222222222 0.0546875
7 0.20185185185185187 0.5872395833333334 0.13148148148148148 0.0265625
3 0.06805555555555556 0.6638020833333333 0.09722222222222222 0.0546875
7 0.2564814814814815 0.6630208333333333 0.24074074074074076 0.02395833333333333
3 0.06620370370370371 0.740625 0.09722222222222222 0.05416666666666667
7 0.20277777777777778 0.7401041666666667 0.13333333333333333 0.025
3 0.06805555555555556 0.8174479166666666 0.09722222222222222 0.0546875
7 0.2337962962962963 0.8169270833333333 0.1953703703703704 0.024479166666666666
7 0.2523148148148148 0.1421875 0.22685185185185186 0.021875
7 0.750462962962963 0.14322916666666666 0.14722222222222223 0.022916666666666665
2 0.06805555555555556 0.07161458333333333 0.05277777777777778 0.027604166666666666
7 0.34351851851851856 0.07421875 0.4 0.033854166666666664
7 0.924537037037037 0.27838541666666666 0.075 0.011979166666666666
7 0.9259259259259259 0.35520833333333335 0.07777777777777778 0.0125
7 0.9259259259259259 0.4328125 0.07962962962962963 0.011458333333333333
7 0.9194444444444445 0.5104166666666666 0.09074074074074075 0.0125
7 0.9185185185185185 0.58671875 0.08888888888888889 0.011979166666666666
7 0.9259259259259259 0.6635416666666667 0.07962962962962963 0.010416666666666666
7 0.9236111111111112 0.7401041666666667 0.08055555555555556 0.011458333333333333
7 0.9236111111111112 0.8174479166666666 0.0787037037037037 0.013020833333333334
7 0.500925925925926 0.89296875 0.3425925925925926 0.024479166666666666
