7 0.4481481481481482 0.14765625 0.044444444444444446 0.022395833333333334
7 0.21157407407407408 0.19270833333333334 0.2916666666666667 0.059375
7 0.16944444444444445 0.3578125 0.2796296296296296 0.030208333333333334
2 0.4416666666666667 0.3578125 0.05740740740740741 0.03229166666666666
7 0.9291666666666667 0.14765625 0.04537037037037037 0.022395833333333334
7 0.7398148148148148 0.18984375 0.38333333333333336 0.06197916666666667
7 0.6509259259259259 0.359375 0.2111111111111111 0.028125
2 0.9222222222222223 0.3578125 0.05925925925925926 0.03229166666666666
7 0.4481481481481482 0.41822916666666665 0.044444444444444446 0.021875
7 0.2601851851851852 0.46015625 0.38333333333333336 0.06197916666666667
7 0.16898148148148148 0.6299479166666666 0.21574074074074076 0.0265625
2 0.4416666666666667 0.628125 0.05740740740740741 0.03333333333333333
7 0.9291666666666667 0.41822916666666665 0.04537037037037037 0.021875
7 0.7351851851851852 0.4458333333333333 0.3740740740740741 0.03333333333333333
7 0.6518518518518519 0.6296875 0.20925925925925926 0.027083333333333334
2 0.9222222222222223 0.628125 0.05925925925925926 0.03333333333333333
7 0.4481481481481482 0.68828125 0.044444444444444446 0.022395833333333334
7 0.19953703703703704 0.7325520833333333 0.2638888888888889 0.0546875
7 0.16898148148148148 0.9 0.21203703703703705 0.026041666666666668
2 0.4416666666666667 0.8984375 0.05740740740740741 0.03229166666666666
7 0.9291666666666667 0.68828125 0.04537037037037037 0.022395833333333334
7 0.6875 0.7161458333333334 0.27870370370370373 0.03333333333333333
7 0.650462962962963 0.90078125 0.21203703703703705 0.024479166666666666
2 0.9222222222222223 0.8984375 0.05925925925925926 0.03229166666666666
2 0.06851851851851852 0.07083333333333333 0.04814814814814815 0.034375
7 0.24675925925925926 0.07265625 0.2138888888888889 0.0296875
