5 0.8064814814814815 0.2 0.05740740740740741 0.0375
5 0.8055555555555556 0.2671875 0.06296296296296297 0.034375
5 0.8092592592592593 0.3333333333333333 0.06296296296296297 0.03125
5 0.8074074074074075 0.4 0.05925925925925926 0.035416666666666666
5 0.8064814814814815 0.46510416666666665 0.061111111111111116 0.030208333333333334
5 0.8074074074074075 0.53125 0.05925925925925926 0.03125
5 0.8064814814814815 0.596875 0.05740740740740741 0.03333333333333333
5 0.8064814814814815 0.6630208333333333 0.061111111111111116 0.03229166666666666
5 0.8064814814814815 0.7296875 0.05740740740740741 0.034375
5 0.8055555555555556 0.7921875 0.05555555555555556 0.02395833333333333
7 0.40740740740740744 0.12604166666666666 0.4481481481481482 0.06875
7 0.39166666666666666 0.20364583333333333 0.1425925925925926 0.05520833333333333
7 0.40370370370370373 0.2703125 0.16666666666666669 0.05520833333333333
7 0.3888888888888889 0.33489583333333334 0.14074074074074075 0.05520833333333333
7 0.3824074074074074 0.4 0.1277777777777778 0.05625
7 0.3907407407407408 0.465625 0.14814814814814814 0.05625
7 0.40555555555555556 0.5322916666666666 0.17777777777777778 0.05416666666666667
7 0.3990740740740741 0.5994791666666667 0.16481481481481483 0.053125
7 0.3703703703703704 0.6635416666666667 0.10740740740740741 0.05416666666666667
7 0.4083333333333333 0.7322916666666667 0.17962962962962964 0.05
7 0.3962962962962963 0.7854166666666667 0.15925925925925927 0.03125
7 0.7870370370370371 0.8671875 0.06666666666666667 0.026041666666666668
3 0.2537037037037037 0.20052083333333334 0.12592592592592594 0.04895833333333333
3 0.25 0.26666666666666666 0.12962962962962962 0.04791666666666666
3 0.25092592592592594 0.3338541666666667 0.12407407407407407 0.04895833333333333
3 0.25462962962962965 0.4005208333333333 0.12407407407407407 0.04895833333333333
3 0.2518518518518519 0.4661458333333333 0.12962962962962962 0.04895833333333333
3 0.25277777777777777 0.5302083333333333 0.12407407407407407 0.04791666666666666
3 0.2518518518518519 0.5979166666666667 0.12962962962962962 0.04791666666666666
3 0.25277777777777777 0.6640625 0.12407407407407407 0.04895833333333333
3 0.25277777777777777 0.7307291666666667 0.12407407407407407 0.04895833333333333
3 0.25 0.7869791666666667 0.12592592592592594 0.034375
