2 0.044444444444444446 0.06927083333333334 0.05555555555555556 0.03229166666666666
7 0.9143518518518519 0.07005208333333333 0.1287037037037037 0.024479166666666666
7 0.4981481481481482 0.13671875 0.3425925925925926 0.027604166666666666
7 0.09583333333333334 0.22447916666666667 0.0787037037037037 0.03229166666666666
2 0.9342592592592593 0.22291666666666665 0.04259259259259259 0.026041666666666668
7 0.0962962962962963 0.29270833333333335 0.07777777777777778 0.030208333333333334
7 0.49768518518518523 0.3880208333333333 0.38981481481481484 0.029166666666666667
7 0.08564814814814815 0.4739583333333333 0.062037037037037036 0.026041666666666668
7 0.08472222222222223 0.5466145833333333 0.0638888888888889 0.024479166666666666
2 0.9351851851851852 0.5486979166666667 0.04259259259259259 0.024479166666666666
7 0.5032407407407408 0.80859375 0.09722222222222222 0.028645833333333332
7 0.5018518518518519 0.890625 0.23148148148148148 0.028125
