2 0.050462962962962966 0.07005208333333333 0.05462962962962963 0.0296875
7 0.9152777777777779 0.07109375 0.13796296296296298 0.022395833333333334
7 0.5 0.13411458333333334 0.3462962962962963 0.0328125
7 0.09537037037037037 0.22291666666666665 0.07962962962962963 0.029166666666666667
7 0.09398148148148149 0.29322916666666665 0.075 0.030208333333333334
7 0.5032407407407408 0.38828125 0.3842592592592593 0.034895833333333334
7 0.08750000000000001 0.4747395833333333 0.058333333333333334 0.0234375
7 0.08981481481481482 0.5458333333333333 0.06481481481481481 0.027083333333333334
7 0.49953703703703706 0.80859375 0.10462962962962963 0.028645833333333332
7 0.5023148148148149 0.88828125 0.23055555555555557 0.033854166666666664
