7 0.41712962962962963 0.2544270833333333 0.7694444444444445 0.0671875
5 0.11203703703703705 0.4497395833333333 0.05185185185185186 0.0328125
5 0.11203703703703705 0.5247395833333334 0.05740740740740741 0.030729166666666665
5 0.11296296296296297 0.5966145833333333 0.05555555555555556 0.03177083333333333
5 0.11342592592592593 0.6682291666666667 0.05277777777777778 0.03229166666666666
2 0.06342592592592593 0.14505208333333333 0.08796296296296297 0.049479166666666664
7 0.20324074074074075 0.13802083333333334 0.1527777777777778 0.017708333333333333
7 0.1615740740740741 0.15729166666666666 0.06944444444444445 0.014583333333333334
2 0.9365740740740741 0.14505208333333333 0.08796296296296297 0.049479166666666664
2 0.06666666666666667 0.06953125 0.05185185185185186 0.025520833333333333
7 0.25277777777777777 0.07317708333333334 0.22962962962962963 0.034895833333333334
7 0.21851851851851853 0.6708333333333333 0.08888888888888889 0.020833333333333332
7 0.20740740740740743 0.4510416666666667 0.07777777777777778 0.02395833333333333
7 0.21851851851851853 0.5244791666666666 0.09444444444444444 0.026041666666666668
7 0.18472222222222223 0.5966145833333333 0.026851851851851852 0.0203125
7 0.5013888888888889 0.14609375 0.08981481481481482 0.022395833333333334
7 0.7800925925925927 0.13776041666666666 0.18425925925925926 0.015104166666666667
7 0.837962962962963 0.15442708333333333 0.08148148148148149 0.0140625
7 0.500925925925926 0.8911458333333333 0.2851851851851852 0.020833333333333332
