7 0.17546296296296296 0.12526041666666665 0.24166666666666667 0.0296875
7 0.4277777777777778 0.165625 0.7462962962962963 0.052083333333333336
0 0.8810185185185185 0.14817708333333332 0.05648148148148149 0.0296875
7 0.29953703703703705 0.221875 0.48240740740740745 0.03333333333333333
7 0.41203703703703703 0.2640625 0.7111111111111111 0.051041666666666666
0 0.8800925925925926 0.24609375 0.05648148148148149 0.028645833333333332
7 0.3092592592592593 0.32005208333333335 0.5018518518518519 0.0328125
7 0.37824074074074077 0.3645833333333333 0.6490740740740741 0.04895833333333333
0 0.8796296296296297 0.3455729166666667 0.05185185185185186 0.0296875
7 0.1564814814814815 0.4263020833333333 0.20555555555555557 0.033854166666666664
7 0.2777777777777778 0.45625 0.4444444444444445 0.025
2 0.06851851851851852 0.065625 0.07777777777777778 0.04375
7 0.19305555555555556 0.06927083333333334 0.15462962962962964 0.03125
