0 0.9222222222222223 0.13125 0.05925925925925926 0.03333333333333333
0 0.9222222222222223 0.3072916666666667 0.05925925925925926 0.035416666666666666
0 0.9240740740740742 0.41875 0.05925925925925926 0.03333333333333333
0 0.9212962962962963 0.5416666666666666 0.05740740740740741 0.035416666666666666
0 0.9222222222222223 0.6645833333333333 0.05925925925925926 0.035416666666666666
0 0.9231481481481482 0.7895833333333333 0.061111111111111116 0.03333333333333333
0 0.9222222222222223 0.9 0.05925925925925926 0.03333333333333333
7 0.18981481481481483 0.06822916666666666 0.3092592592592593 0.026041666666666668
7 0.2638888888888889 0.13541666666666666 0.4537037037037037 0.05625
7 0.1638888888888889 0.22083333333333333 0.27592592592592596 0.027083333333333334
7 0.4324074074074074 0.30833333333333335 0.8018518518518519 0.05416666666666667
7 0.42592592592592593 0.42083333333333334 0.7925925925925926 0.07291666666666667
7 0.41111111111111115 0.5447916666666667 0.7740740740740741 0.07916666666666666
7 0.4222222222222222 0.6671875 0.7777777777777778 0.078125
7 0.412962962962963 0.790625 0.762962962962963 0.07708333333333334
7 0.36203703703703705 0.8994791666666666 0.6611111111111111 0.053125
