2 0.07083333333333333 0.07005208333333333 0.06574074074074074 0.030729166666666665
7 0.32083333333333336 0.07109375 0.3564814814814815 0.0296875
7 0.2712962962962963 0.24973958333333332 0.18888888888888888 0.03697916666666667
7 0.3800925925925926 0.35703125 0.18055555555555555 0.0359375
7 0.7481481481481482 0.2546875 0.17222222222222222 0.04479166666666667
7 0.8870370370370371 0.3528645833333333 0.1277777777777778 0.03697916666666667
7 0.2675925925925926 0.52265625 0.3092592592592593 0.10364583333333333
7 0.40231481481481485 0.6278645833333333 0.13240740740740742 0.034895833333333334
7 0.7555555555555555 0.51640625 0.337037037037037 0.08489583333333334
7 0.888888888888889 0.62578125 0.12592592592592594 0.03177083333333333
7 0.7402777777777778 0.7841145833333333 0.33981481481481485 0.10572916666666667
7 0.8680555555555556 0.9026041666666667 0.16574074074074074 0.034375
7 0.26342592592592595 0.7966145833333333 0.34351851851851856 0.0703125
7 0.39814814814814814 0.9033854166666666 0.13518518518518519 0.0390625
