7 0.1726851851851852 0.0734375 0.27685185185185185 0.03229166666666666
7 0.9296296296296297 0.07083333333333333 0.08148148148148149 0.025
7 0.49953703703703706 0.14583333333333334 0.7453703703703703 0.029166666666666667
7 0.49953703703703706 0.17708333333333334 0.6472222222222223 0.025
7 0.4990740740740741 0.26536458333333335 0.16666666666666669 0.021354166666666667
7 0.49953703703703706 0.6520833333333333 0.125 0.020833333333333332
7 0.5032407407407408 0.90234375 0.14351851851851852 0.0296875
7 0.31666666666666665 0.3421875 0.2851851851851852 0.021875
7 0.6972222222222223 0.3416666666666667 0.3037037037037037 0.020833333333333332
7 0.3337962962962963 0.4080729166666667 0.14537037037037037 0.0203125
7 0.6277777777777778 0.4088541666666667 0.2611111111111111 0.021875
7 0.33981481481481485 0.4752604166666667 0.37592592592592594 0.021354166666666667
7 0.7425925925925926 0.475 0.24814814814814815 0.02395833333333333
7 0.5097222222222222 0.5421875 0.20833333333333334 0.019791666666666666
7 0.3199074074074074 0.7286458333333333 0.19351851851851853 0.021875
7 0.650462962962963 0.7278645833333334 0.2898148148148148 0.022395833333333334
7 0.3773148148148148 0.79609375 0.19166666666666668 0.0203125
7 0.6532407407407408 0.7958333333333333 0.17500000000000002 0.021875
