7 0.3462962962962963 0.07630208333333333 0.3592592592592593 0.0328125
2 0.06851851851851852 0.071875 0.04259259259259259 0.03854166666666667
3 0.1824074074074074 0.18697916666666667 0.19444444444444445 0.109375
7 0.1837962962962963 0.25859375 0.13611111111111113 0.0265625
3 0.4990740740740741 0.18697916666666667 0.19444444444444445 0.109375
7 0.5 0.259375 0.13148148148148148 0.030208333333333334
3 0.8157407407407408 0.18697916666666667 0.19444444444444445 0.109375
7 0.8171296296296297 0.2598958333333333 0.14907407407407408 0.028125
3 0.1824074074074074 0.3572916666666667 0.19444444444444445 0.109375
7 0.1814814814814815 0.43124999999999997 0.12592592592592594 0.030208333333333334
3 0.4990740740740741 0.3572916666666667 0.19444444444444445 0.109375
7 0.4967592592592593 0.4315104166666667 0.1175925925925926 0.030729166666666665
3 0.8157407407407408 0.3572916666666667 0.19444444444444445 0.109375
7 0.8157407407407408 0.42942708333333335 0.2 0.024479166666666666
3 0.1824074074074074 0.528125 0.19444444444444445 0.109375
7 0.18101851851851852 0.6026041666666666 0.2212962962962963 0.030208333333333334
3 0.4990740740740741 0.528125 0.19444444444444445 0.109375
7 0.4962962962962963 0.6028645833333334 0.11666666666666667 0.030729166666666665
3 0.8157407407407408 0.528125 0.19444444444444445 0.109375
7 0.8185185185185185 0.60078125 0.17777777777777778 0.027604166666666666
3 0.1824074074074074 0.6989583333333333 0.19444444444444445 0.109375
7 0.18287037037037038 0.7723958333333333 0.14166666666666666 0.028125
3 0.4990740740740741 0.6989583333333333 0.19444444444444445 0.109375
7 0.49722222222222223 0.7716145833333333 0.16296296296296298 0.025520833333333333
3 0.8157407407407408 0.6989583333333333 0.19444444444444445 0.109375
7 0.8162037037037038 0.7721354166666666 0.1212962962962963 0.0265625
7 0.5018518518518519 0.8893229166666666 0.09074074074074075 0.03177083333333333
