7 0.14120370370370372 0.19895833333333332 0.2490740740740741 0.022916666666666665
3 0.06805555555555556 0.26119791666666664 0.09722222222222222 0.0546875
7 0.27314814814814814 0.24687499999999998 0.2351851851851852 0.026041666666666668
7 0.2189814814814815 0.2817708333333333 0.12685185185185185 0.021875
7 0.9708333333333333 0.26328125 0.019444444444444445 0.025520833333333333
3 0.06805555555555556 0.3424479166666667 0.09722222222222222 0.0546875
7 0.2490740740740741 0.328125 0.18703703703703706 0.026041666666666668
7 0.2189814814814815 0.36302083333333335 0.12685185185185185 0.021875
7 0.9708333333333333 0.34453125 0.019444444444444445 0.025520833333333333
3 0.06805555555555556 0.4236979166666667 0.09722222222222222 0.0546875
7 0.24074074074074076 0.409375 0.17037037037037037 0.026041666666666668
7 0.2189814814814815 0.44427083333333334 0.12685185185185185 0.021875
7 0.9708333333333333 0.42578125 0.019444444444444445 0.025520833333333333
3 0.06805555555555556 0.5049479166666666 0.09722222222222222 0.0546875
7 0.2564814814814815 0.490625 0.20185185185185187 0.026041666666666668
7 0.2189814814814815 0.5255208333333333 0.12685185185185185 0.021875
7 0.9708333333333333 0.50703125 0.019444444444444445 0.025520833333333333
3 0.06805555555555556 0.5861979166666667 0.09722222222222222 0.0546875
7 0.22685185185185186 0.571875 0.1425925925925926 0.026041666666666668
7 0.2189814814814815 0.6067708333333334 0.12685185185185185 0.021875
7 0.9708333333333333 0.58828125 0.019444444444444445 0.025520833333333333
7 0.1486111111111111 0.6515625 0.2712962962962963 0.022916666666666665
3 0.06805555555555556 0.715625 0.09722222222222222 0.05416666666666667
7 0.26203703703703707 0.7013020833333333 0.21296296296296297 0.025520833333333333
7 0.19398148148148148 0.7361979166666667 0.07685185185185185 0.022395833333333334
7 0.9125000000000001 0.7174479166666666 0.13611111111111113 0.025520833333333333
3 0.06805555555555556 0.796875 0.09722222222222222 0.05416666666666667
7 0.2657407407407408 0.7825520833333334 0.22037037037037038 0.025520833333333333
7 0.19398148148148148 0.8174479166666666 0.07685185185185185 0.022395833333333334
7 0.9125000000000001 0.7986979166666667 0.13611111111111113 0.025520833333333333
3 0.06805555555555556 0.8781249999999999 0.09722222222222222 0.05416666666666667
7 0.2537037037037037 0.8638020833333333 0.1962962962962963 0.025520833333333333
7 0.19398148148148148 0.8986979166666667 0.07685185185185185 0.022395833333333334
7 0.9125000000000001 0.8799479166666666 0.13611111111111113 0.025520833333333333
7 0.25 0.1421875 0.21481481481481482 0.026041666666666668
7 0.75 0.1421875 0.10370370370370371 0.026041666666666668
2 0.07083333333333333 0.06979166666666667 0.075 0.03125
7 0.28564814814814815 0.07161458333333333 0.28425925925925927 0.0296875
