0 0.8814814814814815 0.14739583333333334 0.06296296296296297 0.030208333333333334
0 0.8805555555555555 0.2453125 0.061111111111111116 0.03229166666666666
0 0.8814814814814815 0.34479166666666666 0.06666666666666667 0.03125
2 0.06759259259259259 0.065625 0.08703703703703704 0.05
7 0.19444444444444445 0.0703125 0.15555555555555556 0.03229166666666666
7 0.17500000000000002 0.12447916666666667 0.2537037037037037 0.02395833333333333
7 0.42129629629629634 0.1640625 0.7537037037037038 0.042708333333333334
7 0.40740740740740744 0.24791666666666667 0.7074074074074075 0.07916666666666666
7 0.37592592592592594 0.34739583333333335 0.6518518518518519 0.08020833333333333
7 0.27870370370370373 0.440625 0.46481481481481485 0.058333333333333334
