7 0.23750000000000002 0.05651041666666667 0.4601851851851852 0.0265625
7 0.24675925925925926 0.13697916666666665 0.27314814814814814 0.025
7 0.75 0.13671875 0.23333333333333334 0.033854166666666664
7 0.3574074074074074 0.24036458333333333 0.4222222222222222 0.034895833333333334
7 0.29814814814814816 0.3265625 0.29444444444444445 0.03854166666666667
7 0.2884259259259259 0.41302083333333334 0.28055555555555556 0.036458333333333336
7 0.3875 0.5005208333333333 0.4675925925925926 0.040625
7 0.31157407407407406 0.58515625 0.33055555555555555 0.0359375
0 0.9064814814814816 0.24192708333333332 0.10555555555555556 0.057812499999999996
0 0.9069444444444444 0.32786458333333335 0.10092592592592593 0.059895833333333336
0 0.9092592592592593 0.4140625 0.11111111111111112 0.059375
0 0.9087962962962963 0.49947916666666664 0.10462962962962963 0.059375
0 0.9074074074074074 0.5859375 0.10555555555555556 0.059375
2 0.0837962962962963 0.23984375 0.10092592592592593 0.058854166666666666
2 0.08287037037037037 0.3265625 0.09722222222222222 0.05520833333333333
2 0.08935185185185185 0.41380208333333335 0.09722222222222222 0.06197916666666667
2 0.08287037037037037 0.49973958333333335 0.08981481481481482 0.059895833333333336
2 0.08194444444444444 0.5846354166666666 0.10833333333333334 0.059895833333333336
7 0.25925925925925924 0.8794270833333333 0.22962962962962963 0.024479166666666666
7 0.7412037037037037 0.8796875 0.10277777777777779 0.02395833333333333
