7 0.1574074074074074 0.065625 0.24814814814814815 0.022916666666666665
7 0.1685185185185185 0.11875 0.25925925925925924 0.029166666666666667
7 0.16481481481481483 0.1921875 0.26666666666666666 0.027083333333333334
7 0.20462962962962963 0.24296874999999998 0.3314814814814815 0.0296875
7 0.24629629629629632 0.27057291666666666 0.41481481481481486 0.025520833333333333
7 0.18194444444444446 0.34375 0.28611111111111115 0.029166666666666667
7 0.3824074074074074 0.37135416666666665 0.6870370370370371 0.026041666666666668
7 0.2476851851851852 0.44453125 0.4175925925925926 0.0296875
7 0.3787037037037037 0.47239583333333335 0.6796296296296297 0.026041666666666668
7 0.17175925925925928 0.5453125 0.2657407407407408 0.030208333333333334
7 0.2962962962962963 0.5731770833333333 0.5148148148148148 0.025520833333333333
0 0.9222222222222223 0.55859375 0.06296296296296297 0.0328125
7 0.19675925925925927 0.64609375 0.31574074074074077 0.0296875
7 0.4217592592592593 0.6841145833333333 0.7657407407407407 0.04635416666666667
0 0.9217592592592593 0.6705729166666666 0.062037037037037036 0.0359375
7 0.16481481481481483 0.7690104166666667 0.2518518518518519 0.0296875
7 0.28935185185185186 0.796875 0.500925925925926 0.026041666666666668
0 0.9222222222222223 0.7809895833333333 0.061111111111111116 0.03697916666666667
