2 0.06805555555555556 0.0703125 0.0638888888888889 0.025
7 0.33611111111111114 0.07083333333333333 0.37962962962962965 0.036458333333333336
2 0.9328703703703705 0.07213541666666666 0.06944444444444445 0.043229166666666666
2 0.3513888888888889 0.16145833333333334 0.5712962962962963 0.065625
7 0.4791666666666667 0.2791666666666667 0.8194444444444445 0.13125
2 0.8935185185185186 0.48125 0.031481481481481485 0.041666666666666664
7 0.28564814814814815 0.4783854166666667 0.3842592592592593 0.03177083333333333
2 0.8921296296296297 0.58203125 0.028703703703703703 0.0390625
7 0.37962962962962965 0.58125 0.5722222222222223 0.0375
2 0.8925925925925926 0.68359375 0.02962962962962963 0.0390625
7 0.14814814814814814 0.6791666666666667 0.10925925925925926 0.03333333333333333
2 0.13055555555555556 0.8033854166666666 0.11296296296296297 0.07864583333333333
7 0.2949074074074074 0.7994791666666666 0.1824074074074074 0.030208333333333334
2 0.5791666666666667 0.8033854166666666 0.11203703703703705 0.07864583333333333
7 0.7189814814814816 0.8010416666666667 0.13055555555555556 0.029166666666666667
2 0.13055555555555556 0.89921875 0.11296296296296297 0.0703125
7 0.2833333333333333 0.9015624999999999 0.1574074074074074 0.029166666666666667
2 0.5791666666666667 0.89921875 0.11203703703703705 0.0703125
7 0.7393518518518519 0.9036458333333334 0.1712962962962963 0.028125
