7 0.2814814814814815 0.07239583333333333 0.21851851851851853 0.028125
2 0.06898148148148149 0.07083333333333333 0.0638888888888889 0.028125
2 0.8421296296296297 0.07161458333333333 0.05648148148148149 0.0328125
2 0.9453703703703704 0.07239583333333333 0.03518518518518519 0.03333333333333333
7 0.16574074074074074 0.14322916666666666 0.10370370370370371 0.022916666666666665
7 0.5018518518518519 0.14296875 0.10740740740740741 0.022395833333333334
7 0.8337962962962964 0.14401041666666667 0.06018518518518519 0.0203125
3 0.09722222222222222 0.21875 0.11666666666666667 0.065625
7 0.26296296296296295 0.2203125 0.1462962962962963 0.025
3 0.09722222222222222 0.3078125 0.11666666666666667 0.065625
7 0.2611111111111111 0.3091145833333333 0.1462962962962963 0.024479166666666666
3 0.09722222222222222 0.396875 0.11666666666666667 0.065625
7 0.3458333333333333 0.39817708333333335 0.30648148148148147 0.0265625
3 0.09722222222222222 0.48593749999999997 0.11666666666666667 0.065625
7 0.25833333333333336 0.48723958333333334 0.1388888888888889 0.025520833333333333
3 0.09722222222222222 0.575 0.11666666666666667 0.065625
7 0.28750000000000003 0.57734375 0.18981481481481483 0.0296875
3 0.09722222222222222 0.6640625 0.11666666666666667 0.065625
7 0.2898148148148148 0.6671875 0.19444444444444445 0.030208333333333334
3 0.09722222222222222 0.753125 0.11666666666666667 0.065625
7 0.2847222222222222 0.753125 0.1824074074074074 0.026041666666666668
3 0.09722222222222222 0.8421875 0.11666666666666667 0.065625
7 0.30648148148148147 0.84453125 0.22592592592592595 0.028645833333333332
3 0.09722222222222222 0.91640625 0.11666666666666667 0.0359375
