7 0.2638888888888889 0.075 0.18333333333333335 0.036458333333333336
2 0.07314814814814816 0.07161458333333333 0.05740740740740741 0.0328125
7 0.15231481481481482 0.14505208333333333 0.23240740740740742 0.022395833333333334
7 0.1476851851851852 0.19479166666666667 0.22314814814814815 0.025
7 0.07777777777777778 0.22578125 0.08333333333333334 0.024479166666666666
7 0.11851851851851852 0.29609375 0.15925925925925927 0.0296875
7 0.09537037037037037 0.32369791666666664 0.11296296296296297 0.025520833333333333
7 0.27083333333333337 0.396875 0.4638888888888889 0.029166666666666667
7 0.4356481481481482 0.4244791666666667 0.7935185185185185 0.026041666666666668
0 0.9231481481481482 0.4109375 0.05925925925925926 0.035416666666666666
7 0.2111111111111111 0.49765624999999997 0.34444444444444444 0.0296875
7 0.3666666666666667 0.5255208333333333 0.6555555555555556 0.026041666666666668
0 0.9236111111111112 0.5096354166666667 0.06018518518518519 0.0359375
7 0.11574074074074074 0.59765625 0.16111111111111112 0.0234375
7 0.15601851851851853 0.6497395833333334 0.24537037037037038 0.024479166666666666
7 0.08055555555555556 0.67578125 0.08518518518518518 0.0203125
7 0.12314814814814816 0.7515625 0.17962962962962964 0.028125
7 0.1865740740740741 0.77734375 0.2972222222222222 0.022395833333333334
7 0.16574074074074074 0.8528645833333334 0.26481481481481484 0.027604166666666666
7 0.4291666666666667 0.8809895833333333 0.7916666666666667 0.0265625
