7 0.13935185185185187 0.14192708333333334 0.2064814814814815 0.028645833333333332
7 0.09398148148148149 0.1953125 0.11018518518518519 0.030208333333333334
7 0.375462962962963 0.22317708333333333 0.6731481481481482 0.025520833333333333
0 0.9222222222222223 0.20833333333333334 0.07777777777777778 0.04375
7 0.10046296296296296 0.29609375 0.12314814814814816 0.0296875
7 0.3458333333333333 0.32369791666666664 0.6138888888888889 0.025520833333333333
0 0.9222222222222223 0.30885416666666665 0.07777777777777778 0.04375
7 0.10231481481481482 0.39609375 0.14722222222222223 0.027604166666666666
7 0.15601851851851853 0.44609375 0.23425925925925928 0.0296875
7 0.3574074074074074 0.47369791666666666 0.6370370370370371 0.025520833333333333
7 0.15416666666666667 0.54453125 0.23611111111111113 0.0265625
7 0.3148148148148148 0.59609375 0.5518518518518519 0.0296875
0 0.9222222222222223 0.5958333333333333 0.07777777777777778 0.04375
7 0.23425925925925928 0.67109375 0.3907407407407408 0.0296875
7 0.47685185185185186 0.6986979166666667 0.875925925925926 0.025520833333333333
7 0.2884259259259259 0.771875 0.4990740740740741 0.029166666666666667
5 0.9222222222222223 0.771875 0.07777777777777778 0.04375
7 0.2675925925925926 0.8468749999999999 0.45740740740740743 0.029166666666666667
5 0.9222222222222223 0.8468749999999999 0.07777777777777778 0.04375
7 0.15694444444444444 0.9208333333333333 0.23611111111111113 0.027083333333333334
7 0.1712962962962963 0.07083333333333333 0.26481481481481484 0.036458333333333336
