0 0.938425925925926 0.14921875 0.058333333333333334 0.030729166666666665
0 0.9412037037037038 0.24713541666666666 0.05648148148148149 0.030729166666666665
0 0.9388888888888889 0.5473958333333333 0.05555555555555556 0.03229166666666666
0 0.9361111111111111 0.66953125 0.05 0.030729166666666665
0 0.938425925925926 0.7791666666666667 0.058333333333333334 0.03229166666666666
0 0.9388888888888889 0.8817708333333333 0.05555555555555556 0.03125
2 0.01898148148148148 0.06484375 0.025 0.025520833333333333
2 0.9398148148148149 0.06744791666666666 0.0462962962962963 0.04114583333333333
2 0.06944444444444445 0.06640625 0.07592592592592592 0.043229166666666666
7 0.20185185185185187 0.06796875 0.17962962962962964 0.030729166666666665
7 0.33981481481481485 0.15 0.6092592592592593 0.053125
7 0.40694444444444444 0.2515625 0.7546296296296297 0.051041666666666666
7 0.21481481481481482 0.33880208333333334 0.3611111111111111 0.025520833333333333
7 0.5 0.42682291666666666 0.9407407407407408 0.0765625
7 0.425 0.5484375 0.7870370370370371 0.07291666666666667
7 0.4305555555555556 0.6708333333333333 0.7981481481481482 0.07604166666666666
7 0.3902777777777778 0.7822916666666666 0.7194444444444444 0.058333333333333334
7 0.3888888888888889 0.88359375 0.7185185185185186 0.05572916666666666
