7 0.2740740740740741 0.07447916666666667 0.4740740740740741 0.03333333333333333
2 0.8287037037037037 0.0703125 0.07962962962962963 0.04583333333333333
2 0.9393518518518519 0.06979166666666667 0.049074074074074076 0.04583333333333333
7 0.16666666666666669 0.14375 0.12592592592592594 0.022916666666666665
3 0.25324074074074077 0.31979166666666664 0.4935185185185185 0.2760416666666667
7 0.5027777777777778 0.14427083333333332 0.2111111111111111 0.021875
7 0.8356481481481481 0.14375 0.24166666666666667 0.021875
3 0.7472222222222222 0.31927083333333334 0.48888888888888893 0.275
3 0.2518518518518519 0.5979166666666667 0.48888888888888893 0.275
3 0.7472222222222222 0.5979166666666667 0.48888888888888893 0.275
3 0.2518518518518519 0.8028645833333333 0.48888888888888893 0.1265625
3 0.7472222222222222 0.8028645833333333 0.48888888888888893 0.1265625
