2 0.06296296296296297 0.08802083333333333 0.04814814814814815 0.028125
2 0.9203703703703704 0.08828125 0.08148148148148149 0.0359375
7 0.4828703703703704 0.08802083333333333 0.41574074074074074 0.042708333333333334
7 0.07268518518518519 0.16901041666666666 0.08055555555555556 0.021354166666666667
2 0.11805555555555557 0.22890625 0.08055555555555556 0.0453125
7 0.4518518518518519 0.23046875 0.412962962962963 0.03697916666666667
2 0.8592592592592593 0.228125 0.040740740740740744 0.02395833333333333
7 0.4365740740740741 0.29583333333333334 0.3787037037037037 0.0375
2 0.11851851851851852 0.2947916666666667 0.09074074074074075 0.04791666666666666
2 0.8592592592592593 0.2953125 0.037037037037037035 0.022916666666666665
2 0.11851851851851852 0.41302083333333334 0.08888888888888889 0.04895833333333333
7 0.3995370370370371 0.4119791666666667 0.30092592592592593 0.030208333333333334
2 0.8592592592592593 0.41354166666666664 0.040740740740740744 0.02395833333333333
2 0.11805555555555557 0.47942708333333334 0.08425925925925926 0.049479166666666664
7 0.4 0.48072916666666665 0.3111111111111111 0.036458333333333336
2 0.8606481481481482 0.48020833333333335 0.04537037037037037 0.027083333333333334
2 0.11898148148148148 0.5466145833333333 0.08425925925925926 0.049479166666666664
7 0.43194444444444446 0.54296875 0.3675925925925926 0.03697916666666667
2 0.8615740740740742 0.54609375 0.04166666666666667 0.0265625
2 0.11990740740740741 0.6127604166666667 0.08055555555555556 0.0453125
7 0.45231481481481484 0.6130208333333333 0.4083333333333333 0.040625
2 0.8601851851851852 0.6119791666666666 0.040740740740740744 0.025
2 0.11990740740740741 0.6768229166666666 0.08055555555555556 0.0453125
7 0.42129629629629634 0.678125 0.35555555555555557 0.04375
2 0.8611111111111112 0.6786458333333333 0.037037037037037035 0.026041666666666668
2 0.11805555555555557 0.7950520833333333 0.08055555555555556 0.0453125
7 0.3990740740740741 0.7966145833333333 0.2925925925925926 0.04114583333333333
2 0.8587962962962963 0.7963541666666667 0.032407407407407406 0.021875
2 0.11898148148148148 0.8622395833333333 0.08055555555555556 0.0453125
7 0.45601851851851855 0.8622395833333333 0.42685185185185187 0.0328125
2 0.8597222222222223 0.86328125 0.036111111111111115 0.025520833333333333
2 0.11805555555555557 0.9166666666666666 0.08055555555555556 0.035416666666666666
2 0.8601851851851852 0.9244791666666666 0.03518518518518519 0.017708333333333333
7 0.09444444444444444 0.35260416666666666 0.12222222222222223 0.022916666666666665
