0 0.9240740740740742 0.5052083333333334 0.06296296296296297 0.03333333333333333
0 0.925 0.6083333333333333 0.06481481481481481 0.035416666666666666
0 0.9231481481481482 0.7947916666666667 0.06851851851851852 0.035416666666666666
7 0.13796296296296298 0.8848958333333333 0.22777777777777777 0.05520833333333333
7 0.14537037037037037 0.7984375 0.23148148148148148 0.03229166666666666
7 0.14907407407407408 0.7078125 0.2388888888888889 0.05520833333333333
7 0.26296296296296295 0.6078125 0.46296296296296297 0.051041666666666666
7 0.22777777777777777 0.5078125 0.3962962962962963 0.05520833333333333
7 0.1398148148148148 0.4432291666666667 0.21666666666666667 0.021875
7 0.17407407407407408 0.3572916666666667 0.2888888888888889 0.05416666666666667
7 0.2898148148148148 0.25625 0.5166666666666667 0.05416666666666667
7 0.16296296296296298 0.1921875 0.26296296296296295 0.021875
7 0.3074074074074074 0.06927083333333334 0.5444444444444445 0.030208333333333334
7 0.2675925925925926 0.11979166666666667 0.4759259259259259 0.029166666666666667
