5 0.8791666666666667 0.08723958333333333 0.05277777777777778 0.033854166666666664
5 0.8800925925925926 0.17604166666666665 0.05277777777777778 0.028125
5 0.8805555555555555 0.2635416666666667 0.05185185185185186 0.029166666666666667
5 0.8814814814814815 0.353125 0.061111111111111116 0.03125
5 0.8828703703703704 0.4401041666666667 0.058333333333333334 0.03125
5 0.8814814814814815 0.52890625 0.05555555555555556 0.03177083333333333
5 0.8810185185185185 0.6171875 0.05648148148148149 0.03229166666666666
5 0.8796296296296297 0.7052083333333333 0.05 0.03333333333333333
5 0.8828703703703704 0.79296875 0.058333333333333334 0.030729166666666665
5 0.8787037037037038 0.8817708333333333 0.05555555555555556 0.03125
7 0.24027777777777778 0.08880208333333334 0.2953703703703704 0.0328125
7 0.20092592592592592 0.17942708333333332 0.22222222222222224 0.034895833333333334
7 0.1763888888888889 0.26458333333333334 0.17685185185185187 0.034375
7 0.29953703703703705 0.35494791666666664 0.42129629629629634 0.0328125
7 0.18333333333333335 0.44244791666666666 0.20185185185185187 0.034895833333333334
7 0.20185185185185187 0.53046875 0.23333333333333334 0.03697916666666667
7 0.33935185185185185 0.6200520833333333 0.5027777777777778 0.033854166666666664
7 0.3736111111111111 0.70859375 0.5768518518518518 0.06927083333333334
7 0.3578703703703704 0.7950520833333333 0.5509259259259259 0.0328125
7 0.3439814814814815 0.8864583333333333 0.537962962962963 0.03854166666666667
