7 0.08611111111111111 0.12109375 0.12407407407407407 0.025520833333333333
7 0.0787037037037037 0.26328125 0.10925925925925926 0.025520833333333333
5 0.07592592592592592 0.3307291666666667 0.05740740740740741 0.035416666666666666
5 0.41712962962962963 0.33125 0.06018518518518519 0.036458333333333336
5 0.7240740740740741 0.3307291666666667 0.05925925925925926 0.035416666666666666
7 0.05787037037037037 0.4015625 0.06759259259259259 0.026041666666666668
7 0.07268518518518519 0.47421874999999997 0.09722222222222222 0.025520833333333333
7 0.05092592592592593 0.5622395833333333 0.053703703703703705 0.0234375
7 0.8009259259259259 0.3333333333333333 0.07407407407407407 0.021875
7 0.5027777777777778 0.06614583333333333 0.3 0.028125
7 0.49583333333333335 0.33359375 0.08055555555555556 0.025520833333333333
7 0.17314814814814816 0.3333333333333333 0.12962962962962962 0.020833333333333332
7 0.4990740740740741 0.6630208333333333 0.08703703703703704 0.021875
