2 0.06481481481481481 0.07135416666666666 0.05555555555555556 0.026041666666666668
0 0.24722222222222223 0.3932291666666667 0.0462962962962963 0.028125
7 0.45925925925925926 0.14791666666666667 0.5444444444444445 0.052083333333333336
2 0.7796296296296297 0.1453125 0.07037037037037037 0.040625
2 0.17685185185185187 0.22760416666666666 0.0462962962962963 0.028125
7 0.2888888888888889 0.228125 0.15555555555555556 0.016666666666666666
2 0.6805555555555556 0.228125 0.05740740740740741 0.029166666666666667
7 0.7898148148148149 0.22864583333333333 0.1462962962962963 0.021875
7 0.24722222222222223 0.31979166666666664 0.2574074074074074 0.022916666666666665
7 0.23425925925925928 0.46979166666666666 0.23148148148148148 0.020833333333333332
7 0.7074074074074075 0.4692708333333333 0.22962962962962963 0.019791666666666666
7 0.2796296296296296 0.5578125 0.32962962962962966 0.021875
7 0.5407407407407407 0.396875 0.5185185185185185 0.027083333333333334
2 0.08240740740740742 0.46822916666666664 0.061111111111111116 0.030208333333333334
2 0.08055555555555556 0.5578125 0.053703703703703705 0.028125
2 0.549074074074074 0.4692708333333333 0.06481481481481481 0.030208333333333334
4 0.5 0.3182291666666667 0.9333333333333333 0.071875
4 0.2638888888888889 0.46875 0.46111111111111114 0.07083333333333333
4 0.7342592592592593 0.4692708333333333 0.46481481481481485 0.071875
4 0.4990740740740741 0.5567708333333333 0.9351851851851852 0.071875
2 0.08240740740740742 0.31875 0.0462962962962963 0.03333333333333333
7 0.5018518518518519 0.6458333333333334 0.2851851851851852 0.027083333333333334
