7 0.22222222222222224 0.13125 0.3666666666666667 0.029166666666666667
6 0.9037037037037038 0.13098958333333333 0.11481481481481481 0.03697916666666667
7 0.2162037037037037 0.20625 0.35462962962962963 0.029166666666666667
6 0.9037037037037038 0.20598958333333334 0.11481481481481481 0.03697916666666667
7 0.25972222222222224 0.28125 0.4416666666666667 0.029166666666666667
7 0.10185185185185186 0.30885416666666665 0.12592592592592594 0.026041666666666668
7 0.10370370370370371 0.3796875 0.14074074074074075 0.02395833333333333
7 0.2537037037037037 0.4515625 0.42962962962962964 0.030208333333333334
7 0.1787037037037037 0.5265625 0.2796296296296296 0.030208333333333334
7 0.1675925925925926 0.6015625 0.2574074074074074 0.030208333333333334
7 0.11203703703703705 0.6765625 0.1462962962962963 0.030208333333333334
7 0.0787037037037037 0.74765625 0.09814814814814815 0.025520833333333333
7 0.15925925925925927 0.82109375 0.24074074074074076 0.0296875
7 0.18703703703703706 0.89609375 0.2962962962962963 0.0296875
7 0.26481481481481484 0.07083333333333333 0.17962962962962964 0.036458333333333336
2 0.06666666666666667 0.06901041666666667 0.05555555555555556 0.03177083333333333
