2 0.07037037037037037 0.071875 0.05925925925925926 0.03125
2 0.9425925925925926 0.07135416666666666 0.07037037037037037 0.034375
2 0.17222222222222222 0.07135416666666666 0.08888888888888889 0.053125
7 0.32592592592592595 0.075 0.21481481481481482 0.035416666666666666
7 0.5037037037037038 0.1609375 0.3666666666666667 0.036458333333333336
7 0.49722222222222223 0.2859375 0.49444444444444446 0.036458333333333336
7 0.10648148148148148 0.3645833333333333 0.17222222222222222 0.0375
7 0.10925925925925926 0.4380208333333333 0.17037037037037037 0.036458333333333336
7 0.11018518518518519 0.5125 0.17222222222222222 0.04375
7 0.11296296296296297 0.5875 0.17407407407407408 0.0375
7 0.500925925925926 0.7046875 0.1685185185185185 0.036458333333333336
