7 0.4291666666666667 0.140625 0.7861111111111111 0.052083333333333336
0 0.9226851851851853 0.121875 0.058333333333333334 0.03125
7 0.16296296296296298 0.23020833333333332 0.24814814814814815 0.03333333333333333
7 0.38101851851851853 0.26171875 0.6842592592592592 0.0296875
7 0.1638888888888889 0.3385416666666667 0.25 0.03333333333333333
7 0.31203703703703706 0.3703125 0.5462962962962963 0.030208333333333334
7 0.22962962962962963 0.4471354166666667 0.3814814814814815 0.033854166666666664
7 0.33564814814814814 0.47890625 0.5935185185185186 0.0296875
0 0.9226851851851853 0.4627604166666667 0.05648148148148149 0.0296875
7 0.19675925925925927 0.5559895833333334 0.31574074074074077 0.033854166666666664
7 0.24537037037037038 0.5875 0.412962962962963 0.029166666666666667
7 0.32592592592592595 0.6645833333333333 0.5740740740740741 0.03333333333333333
7 0.425 0.7083333333333334 0.7722222222222223 0.05416666666666667
0 0.9222222222222223 0.6924479166666666 0.05925925925925926 0.034895833333333334
7 0.27870370370370373 0.7989583333333333 0.47962962962962963 0.03333333333333333
7 0.44074074074074077 0.83046875 0.8037037037037037 0.0296875
0 0.9231481481481482 0.8122395833333333 0.05925925925925926 0.034895833333333334
7 0.21666666666666667 0.07369791666666667 0.3648148148148148 0.030729166666666665
