7 0.21851851851851853 0.1203125 0.32592592592592595 0.026041666666666668
7 0.1814814814814815 0.275 0.2518518518518519 0.052083333333333336
7 0.41481481481481486 0.3703125 0.725925925925926 0.07395833333333333
7 0.3148148148148148 0.5385416666666667 0.5222222222222223 0.025
0 0.8796296296296297 0.3677083333333333 0.05555555555555556 0.03125
7 0.32685185185185184 0.6942708333333333 0.5462962962962963 0.05520833333333333
7 0.26851851851851855 0.6046875 0.42962962962962964 0.057291666666666664
7 0.4861111111111111 0.46770833333333334 0.8685185185185186 0.07916666666666666
0 0.8814814814814815 0.7802083333333333 0.05555555555555556 0.03125
2 0.018518518518518517 0.0640625 0.02592592592592593 0.028125
2 0.0712962962962963 0.0640625 0.06851851851851852 0.03854166666666667
7 0.23333333333333334 0.06510416666666667 0.23703703703703705 0.028125
7 0.20925925925925926 0.18697916666666667 0.3148148148148148 0.057291666666666664
7 0.2611111111111111 0.7817708333333333 0.4222222222222222 0.04895833333333333
7 0.1787037037037037 0.8692708333333333 0.25 0.051041666666666666
0 0.8805555555555555 0.8692708333333333 0.05740740740740741 0.030208333333333334
