7 0.28055555555555556 0.07161458333333333 0.2111111111111111 0.028645833333333332
7 0.9365740740740741 0.07395833333333333 0.10648148148148148 0.03125
2 0.06851851851851852 0.07109375 0.05185185185185186 0.033854166666666664
7 0.1875 0.16223958333333333 0.2898148148148148 0.0296875
7 0.10370370370370371 0.2505208333333333 0.14444444444444446 0.022916666666666665
7 0.15925925925925927 0.29661458333333335 0.24074074074074076 0.0265625
7 0.9148148148148149 0.2984375 0.10370370370370371 0.026041666666666668
7 0.17916666666666667 0.36171875 0.2916666666666667 0.0296875
7 0.9115740740740741 0.3614583333333333 0.11388888888888889 0.027083333333333334
7 0.12222222222222223 0.42994791666666665 0.17222222222222222 0.028645833333333332
7 0.9097222222222222 0.42578125 0.11203703703703705 0.0296875
7 0.1300925925925926 0.4942708333333333 0.18425925925925926 0.026041666666666668
7 0.9148148148148149 0.49244791666666665 0.11666666666666667 0.030729166666666665
7 0.16527777777777777 0.5606770833333333 0.2638888888888889 0.0296875
7 0.9125000000000001 0.5591145833333333 0.12685185185185185 0.03177083333333333
7 0.11203703703703705 0.64921875 0.15185185185185185 0.022395833333333334
7 0.225 0.6950520833333333 0.37592592592592594 0.025520833333333333
6 0.8944444444444445 0.6958333333333333 0.0962962962962963 0.0375
7 0.09537037037037037 0.7614583333333333 0.12037037037037038 0.025
6 0.8967592592592593 0.7609375 0.09722222222222222 0.035416666666666666
