7 0.10046296296296296 0.14869791666666665 0.12685185185185185 0.0265625
6 0.9046296296296297 0.14817708333333332 0.11666666666666667 0.0359375
7 0.10231481481481482 0.20052083333333334 0.13055555555555556 0.028125
6 0.9060185185185186 0.20052083333333334 0.11388888888888889 0.03854166666666667
7 0.12731481481481483 0.2513020833333333 0.18055555555555555 0.0265625
6 0.9060185185185186 0.2505208333333333 0.11388888888888889 0.036458333333333336
7 0.11064814814814815 0.30182291666666666 0.14722222222222223 0.025520833333333333
6 0.9064814814814816 0.3013020833333333 0.11296296296296297 0.0359375
7 0.08657407407407408 0.35520833333333335 0.09907407407407408 0.030208333333333334
6 0.9074074074074074 0.3546875 0.11111111111111112 0.03958333333333333
7 0.10648148148148148 0.40520833333333334 0.1388888888888889 0.027083333333333334
6 0.9060185185185186 0.4036458333333333 0.11388888888888889 0.035416666666666666
7 0.09537037037037037 0.45625 0.11666666666666667 0.027083333333333334
6 0.9046296296296297 0.4557291666666667 0.11666666666666667 0.0375
7 0.28240740740740744 0.07161458333333333 0.2888888888888889 0.030729166666666665
2 0.06805555555555556 0.07161458333333333 0.05092592592592593 0.030729166666666665
2 0.9333333333333333 0.07083333333333333 0.08518518518518518 0.04375
7 0.500462962962963 0.9013020833333333 0.09537037037037037 0.022395833333333334
