7 0.23750000000000002 0.07421875 0.18796296296296297 0.033854166666666664
2 0.06574074074074074 0.06927083333333334 0.05740740740740741 0.03333333333333333
7 0.23425925925925928 0.16640625 0.3907407407407408 0.0296875
7 0.09351851851851853 0.19427083333333334 0.10925925925925926 0.026041666666666668
7 0.13703703703703704 0.2671875 0.1962962962962963 0.030208333333333334
7 0.07037037037037037 0.2950520833333333 0.06296296296296297 0.025520833333333333
7 0.23703703703703705 0.36796875 0.3962962962962963 0.0296875
7 0.11388888888888889 0.39557291666666666 0.15 0.025520833333333333
7 0.22685185185185186 0.46875 0.37592592592592594 0.029166666666666667
7 0.13611111111111113 0.49635416666666665 0.19444444444444445 0.026041666666666668
7 0.25277777777777777 0.56953125 0.4277777777777778 0.0296875
7 0.12824074074074074 0.5973958333333333 0.1787037037037037 0.026041666666666668
7 0.21481481481481482 0.6703125 0.35185185185185186 0.030208333333333334
7 0.12824074074074074 0.6981770833333333 0.1787037037037037 0.025520833333333333
7 0.24722222222222223 0.77109375 0.4166666666666667 0.0296875
7 0.2925925925925926 0.7986979166666667 0.5074074074074074 0.025520833333333333
0 0.9226851851851853 0.78359375 0.0712962962962963 0.03802083333333333
7 0.20092592592592592 0.871875 0.32407407407407407 0.029166666666666667
7 0.2175925925925926 0.8994791666666666 0.3574074074074074 0.026041666666666668
