2 0.06898148148148149 0.07083333333333333 0.06574074074074074 0.027083333333333334
7 0.21157407407407408 0.07083333333333333 0.13055555555555556 0.036458333333333336
2 0.9333333333333333 0.07057291666666667 0.07222222222222223 0.04739583333333333
7 0.28935185185185186 0.14322916666666666 0.23796296296296296 0.03125
7 0.4361111111111111 0.17786458333333333 0.5296296296296297 0.024479166666666666
2 0.950925925925926 0.17890625 0.024074074074074074 0.0234375
7 0.2925925925925926 0.2622395833333333 0.2518518518518519 0.03177083333333333
7 0.4935185185185185 0.3052083333333333 0.6407407407407407 0.05520833333333333
2 0.950925925925926 0.29609375 0.024074074074074074 0.0234375
7 0.2740740740740741 0.37786458333333334 0.21481481481481482 0.028645833333333332
7 0.48703703703703705 0.4109375 0.6351851851851852 0.027083333333333334
2 0.950925925925926 0.41328125 0.024074074074074074 0.0234375
7 0.48703703703703705 0.5291666666666667 0.6314814814814815 0.025
2 0.950925925925926 0.53046875 0.024074074074074074 0.0234375
7 0.5402777777777777 0.6473958333333333 0.7342592592592593 0.027083333333333334
2 0.950925925925926 0.64765625 0.024074074074074074 0.0234375
2 0.09351851851851853 0.184375 0.09444444444444444 0.051041666666666666
2 0.09166666666666667 0.30182291666666666 0.09814814814814815 0.07552083333333333
2 0.09305555555555556 0.41796875 0.08981481481481482 0.049479166666666664
2 0.09444444444444444 0.5356770833333333 0.0962962962962963 0.0484375
2 0.0912037037037037 0.6515625 0.09537037037037037 0.06354166666666666
7 0.32175925925925924 0.6143229166666666 0.3027777777777778 0.0296875
7 0.29074074074074074 0.49713541666666666 0.2425925925925926 0.027604166666666666
