7 0.1287037037037037 0.07083333333333333 0.17962962962962964 0.036458333333333336
2 0.9337962962962963 0.071875 0.06574074074074074 0.035416666666666666
7 0.0976851851851852 0.14427083333333332 0.1287037037037037 0.030208333333333334
2 0.09166666666666667 0.209375 0.09074074074074075 0.051041666666666666
7 0.25972222222222224 0.1953125 0.1675925925925926 0.030208333333333334
7 0.3615740740740741 0.22317708333333333 0.3712962962962963 0.025520833333333333
0 0.9236111111111112 0.20781249999999998 0.062037037037037036 0.034375
7 0.09583333333333334 0.2934895833333333 0.13240740740740742 0.027604166666666666
2 0.08425925925925926 0.3458333333333333 0.08703703703703704 0.05
7 0.27037037037037037 0.346875 0.18888888888888888 0.029166666666666667
2 0.08750000000000001 0.42526041666666664 0.08981481481481482 0.049479166666666664
7 0.3078703703703704 0.425 0.2638888888888889 0.029166666666666667
2 0.08842592592592594 0.5033854166666667 0.09166666666666667 0.0484375
7 0.2111111111111111 0.503125 0.07037037037037037 0.029166666666666667
7 0.10555555555555556 0.5776041666666667 0.13703703703703704 0.027083333333333334
2 0.08888888888888889 0.6309895833333333 0.08888888888888889 0.0484375
7 0.23148148148148148 0.63046875 0.11111111111111112 0.0296875
2 0.0912037037037037 0.7109375 0.08796296296296297 0.05
7 0.24305555555555555 0.70859375 0.13425925925925927 0.0296875
7 0.1337962962962963 0.7815104166666667 0.20833333333333334 0.0265625
2 0.08703703703703704 0.8361979166666667 0.08148148148148149 0.04635416666666667
7 0.33935185185185185 0.8359375 0.32685185185185184 0.030208333333333334
0 0.9231481481481482 0.8351562499999999 0.05925925925925926 0.0328125
2 0.08888888888888889 0.9109375 0.08703703703703704 0.04583333333333333
7 0.33472222222222225 0.9140625 0.3175925925925926 0.030208333333333334
0 0.9222222222222223 0.9127604166666666 0.061111111111111116 0.033854166666666664
