7 0.08333333333333334 0.0515625 0.15 0.027083333333333334
7 0.3263888888888889 0.08645833333333333 0.5305555555555556 0.02395833333333333
7 0.22870370370370371 0.15026041666666667 0.3055555555555556 0.04635416666666667
0 0.8921296296296297 0.14947916666666666 0.08425925925925926 0.04895833333333333
7 0.2490740740740741 0.23828125 0.3462962962962963 0.04635416666666667
0 0.8907407407407407 0.23776041666666667 0.08148148148148149 0.050520833333333334
7 0.2111111111111111 0.3268229166666667 0.27037037037037037 0.04635416666666667
0 0.8912037037037037 0.3268229166666667 0.08611111111111111 0.05364583333333333
7 0.23425925925925928 0.41510416666666666 0.31666666666666665 0.046875
0 0.8912037037037037 0.41484375 0.08796296296296297 0.05364583333333333
7 0.15416666666666667 0.5033854166666667 0.1564814814814815 0.04635416666666667
0 0.8902777777777778 0.5033854166666667 0.08425925925925926 0.0515625
7 0.23148148148148148 0.59140625 0.3111111111111111 0.04635416666666667
0 0.8912037037037037 0.5932291666666667 0.08240740740740742 0.05
7 0.2449074074074074 0.6565104166666667 0.36388888888888893 0.025520833333333333
7 0.1449074074074074 0.7192708333333333 0.13796296296296298 0.046875
0 0.8916666666666667 0.7190104166666667 0.08703703703703704 0.0484375
7 0.17083333333333334 0.81015625 0.20092592592592592 0.04010416666666666
0 0.8930555555555556 0.80859375 0.08425925925925926 0.049479166666666664
7 0.31666666666666665 0.9002604166666667 0.48333333333333334 0.0421875
0 0.8930555555555556 0.8963541666666667 0.08425925925925926 0.053125
