3 0.3055555555555556 0.2640625 0.2425925925925926 0.13645833333333332
7 0.3060185185185185 0.35442708333333334 0.1824074074074074 0.0296875
3 0.6944444444444444 0.2640625 0.2425925925925926 0.13645833333333332
7 0.6958333333333334 0.35390625 0.1287037037037037 0.030729166666666665
3 0.3055555555555556 0.4575520833333333 0.2425925925925926 0.13697916666666665
7 0.3060185185185185 0.5486979166666667 0.21574074074074076 0.030729166666666665
3 0.6944444444444444 0.4575520833333333 0.2425925925925926 0.13697916666666665
7 0.6958333333333334 0.5455729166666666 0.09537037037037037 0.025520833333333333
3 0.3055555555555556 0.65078125 0.2425925925925926 0.13697916666666665
7 0.3050925925925926 0.7434895833333334 0.08796296296296297 0.03177083333333333
3 0.6944444444444444 0.65078125 0.2425925925925926 0.13697916666666665
7 0.6935185185185185 0.73984375 0.1574074074074074 0.0265625
7 0.2777777777777778 0.07552083333333333 0.26296296296296295 0.036458333333333336
2 0.06712962962962964 0.07161458333333333 0.05462962962962963 0.034895833333333334
2 0.8245370370370371 0.07161458333333333 0.07685185185185185 0.0484375
2 0.9407407407407408 0.07109375 0.07962962962962963 0.0359375
2 0.08148148148148149 0.1421875 0.07777777777777778 0.04375
7 0.1953703703703704 0.14322916666666666 0.1537037037037037 0.021875
2 0.39351851851851855 0.1421875 0.07777777777777778 0.04375
7 0.5087962962962963 0.14270833333333333 0.16203703703703703 0.02395833333333333
2 0.7018518518518518 0.1421875 0.07777777777777778 0.04375
7 0.8226851851851852 0.14348958333333334 0.16574074074074074 0.0234375
