7 0.3731481481481482 0.07395833333333333 0.4740740740740741 0.042708333333333334
2 0.06898148148148149 0.07213541666666666 0.06574074074074074 0.030729166666666665
7 0.16620370370370371 0.14609375 0.18796296296296297 0.025520833333333333
7 0.1824074074074074 0.1953125 0.20925925925925926 0.030208333333333334
7 0.22916666666666669 0.22317708333333333 0.3027777777777778 0.025520833333333333
7 0.11203703703703705 0.29609375 0.06851851851851852 0.0296875
7 0.20555555555555557 0.32369791666666664 0.2555555555555556 0.025520833333333333
7 0.16666666666666669 0.396875 0.17777777777777778 0.029166666666666667
7 0.3041666666666667 0.4244791666666667 0.4527777777777778 0.026041666666666668
7 0.17037037037037037 0.49765624999999997 0.1851851851851852 0.0296875
7 0.3162037037037037 0.5255208333333333 0.47685185185185186 0.026041666666666668
7 0.16203703703703703 0.5984375 0.1685185185185185 0.030208333333333334
7 0.3458333333333333 0.6263020833333334 0.5361111111111111 0.025520833333333333
7 0.1537037037037037 0.69921875 0.15185185185185185 0.0296875
7 0.23981481481481481 0.7268229166666667 0.32407407407407407 0.025520833333333333
0 0.8814814814814815 0.71171875 0.05740740740740741 0.0359375
7 0.24814814814814815 0.8 0.34074074074074073 0.029166666666666667
7 0.24166666666666667 0.8276041666666667 0.3277777777777778 0.026041666666666668
7 0.28564814814814815 0.90078125 0.41574074074074074 0.0296875
7 0.2555555555555556 0.9249999999999999 0.35555555555555557 0.01875
2 0.8328703703703704 0.8416666666666667 0.14351851851851852 0.08125
