2 0.9324074074074075 0.06927083333333334 0.07222222222222223 0.04791666666666666
2 0.014814814814814815 0.06927083333333334 0.016666666666666666 0.03333333333333333
7 0.3375 0.11614583333333334 0.5194444444444445 0.013541666666666667
7 0.2388888888888889 0.1796875 0.337037037037037 0.027083333333333334
7 0.19861111111111113 0.23255208333333333 0.24166666666666667 0.0296875
0 0.8851851851851852 0.23307291666666666 0.06666666666666667 0.0359375
7 0.15694444444444444 0.30755208333333334 0.15833333333333333 0.0296875
0 0.8847222222222223 0.30755208333333334 0.06574074074074074 0.033854166666666664
7 0.15185185185185185 0.38255208333333335 0.14814814814814814 0.0296875
0 0.8828703703703704 0.3815104166666667 0.0638888888888889 0.03697916666666667
7 0.1175925925925926 0.4575520833333333 0.07962962962962963 0.0296875
0 0.8865740740740741 0.4552083333333333 0.0638888888888889 0.036458333333333336
7 0.17731481481481481 0.5325520833333334 0.19907407407407407 0.0296875
0 0.8861111111111112 0.5322916666666666 0.061111111111111116 0.0375
7 0.14814814814814814 0.6075520833333333 0.14074074074074075 0.0296875
0 0.8828703703703704 0.60625 0.062037037037037036 0.034375
7 0.20972222222222223 0.6825520833333333 0.2638888888888889 0.0296875
0 0.8837962962962963 0.6828125 0.06759259259259259 0.035416666666666666
7 0.21481481481481482 0.7557291666666667 0.2888888888888889 0.028125
7 0.19861111111111113 0.8065104166666667 0.24166666666666667 0.0296875
7 0.32916666666666666 0.834375 0.5027777777777778 0.026041666666666668
7 0.15694444444444444 0.9075520833333334 0.15833333333333333 0.0296875
2 0.06898148148148149 0.07109375 0.09166666666666667 0.05260416666666667
