7 0.5 0.07135416666666666 0.30185185185185187 0.03333333333333333
7 0.49953703703703706 0.10286458333333333 0.2712962962962963 0.0296875
7 0.4851851851851852 0.19036458333333334 0.8481481481481482 0.0296875
5 0.12407407407407407 0.23255208333333333 0.05185185185185186 0.033854166666666664
5 0.12592592592592594 0.2765625 0.053703703703703705 0.03333333333333333
5 0.12592592592592594 0.3203125 0.05555555555555556 0.03125
5 0.125 0.3640625 0.05 0.030208333333333334
7 0.19212962962962965 0.234375 0.0638888888888889 0.025
7 0.2300925925925926 0.278125 0.1398148148148148 0.02395833333333333
7 0.3 0.3223958333333333 0.2814814814814815 0.025
7 0.26805555555555555 0.36744791666666665 0.21574074074074076 0.0265625
7 0.5 0.8916666666666666 0.23333333333333334 0.026041666666666668
