7 0.19398148148148148 0.11744791666666667 0.27870370370370373 0.025520833333333333
7 0.3425925925925926 0.17578125 0.5777777777777778 0.033854166666666664
7 0.3851851851851852 0.20494791666666667 0.6648148148148149 0.022395833333333334
0 0.8787037037037038 0.18541666666666667 0.07037037037037037 0.040625
7 0.13194444444444445 0.2625 0.14722222222222223 0.03333333333333333
7 0.2300925925925926 0.29192708333333334 0.34351851851851856 0.025520833333333333
7 0.17175925925925928 0.35 0.22685185185185186 0.03333333333333333
7 0.21203703703703705 0.3796875 0.3074074074074074 0.026041666666666668
7 0.2111111111111111 0.4380208333333333 0.3055555555555556 0.03333333333333333
7 0.23287037037037037 0.4674479166666667 0.3490740740740741 0.025520833333333333
7 0.1398148148148148 0.5260416666666666 0.16296296296296298 0.03333333333333333
7 0.18842592592592594 0.55546875 0.2601851851851852 0.025520833333333333
7 0.19398148148148148 0.6138020833333333 0.2712962962962963 0.0328125
7 0.2652777777777778 0.6432291666666666 0.4138888888888889 0.026041666666666668
7 0.12037037037037038 0.7145833333333333 0.12407407407407407 0.03333333333333333
7 0.10277777777777779 0.8026041666666667 0.08888888888888889 0.03333333333333333
7 0.11666666666666667 0.890625 0.11666666666666667 0.03333333333333333
2 0.06898148148148149 0.0640625 0.032407407407407406 0.030208333333333334
7 0.1953703703703704 0.06822916666666666 0.17407407407407408 0.03125
