2 0.9523148148148148 0.06067708333333333 0.049074074074074076 0.0265625
7 0.4990740740740741 0.058854166666666666 0.4240740740740741 0.028125
7 0.3194444444444445 0.1890625 0.44074074074074077 0.021875
7 0.15046296296296297 0.1296875 0.09537037037037037 0.02395833333333333
7 0.0837962962962963 0.25026041666666665 0.10092592592592593 0.0234375
7 0.11388888888888889 0.30364583333333334 0.1574074074074074 0.022916666666666665
7 0.19398148148148148 0.3609375 0.3212962962962963 0.021875
7 0.16990740740740742 0.41484375 0.2675925925925926 0.0234375
7 0.1912037037037037 0.4700520833333333 0.31203703703703706 0.025520833333333333
7 0.17962962962962964 0.5239583333333333 0.29814814814814816 0.025
7 0.1837962962962963 0.5796875 0.30462962962962964 0.026041666666666668
2 0.06527777777777778 0.12760416666666666 0.049074074074074076 0.025
2 0.0638888888888889 0.18697916666666667 0.0462962962962963 0.026041666666666668
4 0.5 0.128125 0.9851851851851853 0.059375
