2 0.06851851851851852 0.07083333333333333 0.06666666666666667 0.025
7 0.26296296296296295 0.07395833333333333 0.1851851851851852 0.035416666666666666
7 0.09074074074074075 0.15052083333333333 0.14074074074074075 0.02395833333333333
7 0.0962962962962963 0.234375 0.15925925925925927 0.022916666666666665
7 0.16574074074074074 0.31927083333333334 0.29074074074074074 0.02395833333333333
7 0.8962962962962964 0.15208333333333332 0.08148148148148149 0.022916666666666665
7 0.14722222222222223 0.403125 0.2537037037037037 0.029166666666666667
7 0.13240740740740742 0.484375 0.2240740740740741 0.022916666666666665
7 0.16944444444444445 0.5682291666666667 0.29814814814814816 0.026041666666666668
7 0.14907407407407408 0.653125 0.2574074074074074 0.025
7 0.06018518518518519 0.7359375 0.07962962962962963 0.02395833333333333
7 0.1527777777777778 0.81875 0.26851851851851855 0.025
7 0.14814814814814814 0.9036458333333334 0.27037037037037037 0.026041666666666668
