7 0.39537037037037037 0.12578125 0.674074074074074 0.03802083333333333
7 0.487962962962963 0.17239583333333333 0.8592592592592593 0.05520833333333333
7 0.1537037037037037 0.22994791666666667 0.19814814814814816 0.030729166666666665
7 0.23287037037037037 0.28046875 0.3490740740740741 0.03802083333333333
7 0.487962962962963 0.32734375 0.8592592592592593 0.05572916666666666
7 0.362962962962963 0.39140625 0.6092592592592593 0.03802083333333333
7 0.4513888888888889 0.43984375 0.7861111111111111 0.0515625
7 0.3087962962962963 0.5018229166666667 0.500925925925926 0.03802083333333333
7 0.487962962962963 0.57421875 0.8592592592592593 0.10677083333333333
7 0.35462962962962963 0.6638020833333333 0.5925925925925926 0.03802083333333333
7 0.4351851851851852 0.7119791666666666 0.7537037037037038 0.053125
7 0.20370370370370372 0.77421875 0.29074074074074074 0.03802083333333333
7 0.42962962962962964 0.82109375 0.7425925925925926 0.05572916666666666
0 0.8819444444444445 0.8015625 0.062037037037037036 0.034375
7 0.2828703703703704 0.88515625 0.44907407407407407 0.03802083333333333
7 0.3541666666666667 0.9208333333333333 0.5916666666666667 0.027083333333333334
0 0.8824074074074074 0.9119791666666667 0.06296296296296297 0.03229166666666666
2 0.06851851851851852 0.065625 0.07777777777777778 0.04375
7 0.31157407407407406 0.065625 0.38796296296296295 0.03333333333333333
