7 0.3425925925925926 0.07291666666666667 0.3925925925925926 0.029166666666666667
2 0.06759259259259259 0.0703125 0.05740740740740741 0.026041666666666668
2 0.9472222222222223 0.07239583333333333 0.03518518518518519 0.03229166666666666
7 0.11944444444444445 0.1421875 0.2351851851851852 0.026041666666666668
7 0.3740740740740741 0.14270833333333333 0.17037037037037037 0.027083333333333334
7 0.9148148148148149 0.14375 0.1 0.025
7 0.6518518518518519 0.14479166666666665 0.2962962962962963 0.027083333333333334
7 0.28425925925925927 0.309375 0.4314814814814815 0.027083333333333334
7 0.22962962962962963 0.22604166666666667 0.32222222222222224 0.029166666666666667
2 0.9425925925925926 0.48385416666666664 0.02962962962962963 0.03229166666666666
7 0.2064814814814815 0.396875 0.27222222222222225 0.029166666666666667
7 0.2240740740740741 0.48541666666666666 0.3148148148148148 0.029166666666666667
2 0.9425925925925926 0.225 0.03333333333333333 0.03125
7 0.31203703703703706 0.571875 0.49074074074074076 0.029166666666666667
2 0.9425925925925926 0.39791666666666664 0.03333333333333333 0.0375
7 0.35833333333333334 0.6552083333333333 0.587037037037037 0.029166666666666667
2 0.9407407407407408 0.5703125 0.03333333333333333 0.03229166666666666
2 0.9407407407407408 0.3130208333333333 0.037037037037037035 0.030208333333333334
2 0.9416666666666667 0.65625 0.031481481481481485 0.03125
