2 0.044444444444444446 0.1328125 0.05 0.03333333333333333
6 0.8601851851851852 0.13307291666666665 0.2611111111111111 0.044270833333333336
7 0.24166666666666667 0.1984375 0.4351851851851852 0.026041666666666668
7 0.17175925925925928 0.25 0.20092592592592592 0.029166666666666667
3 0.9027777777777778 0.24973958333333332 0.09814814814814815 0.05364583333333333
7 0.30185185185185187 0.2856770833333333 0.4814814814814815 0.018229166666666668
7 0.07407407407407407 0.31484375 0.1 0.025520833333333333
6 0.8287037037037037 0.35651041666666666 0.25925925925925924 0.04010416666666666
7 0.19351851851851853 0.39453125 0.3388888888888889 0.025520833333333333
0 0.06296296296296297 0.4395833333333333 0.05740740740740741 0.03125
0 0.06435185185185185 0.4869791666666667 0.05462962962962963 0.03125
0 0.06435185185185185 0.5325520833333334 0.05277777777777778 0.03177083333333333
2 0.06851851851851852 0.065625 0.07777777777777778 0.04375
7 0.2689814814814815 0.065625 0.3027777777777778 0.03333333333333333
2 0.9342592592592593 0.06614583333333333 0.04259259259259259 0.041666666666666664
7 0.2847222222222222 0.3572916666666667 0.4916666666666667 0.027083333333333334
7 0.42824074074074076 0.44166666666666665 0.6583333333333333 0.025
7 0.4537037037037037 0.48802083333333335 0.7092592592592593 0.025
7 0.4620370370370371 0.53515625 0.725925925925926 0.027604166666666666
