5 0.8805555555555555 0.09791666666666667 0.061111111111111116 0.035416666666666666
5 0.8828703703703704 0.18645833333333334 0.06759259259259259 0.03333333333333333
5 0.8800925925925926 0.27630208333333334 0.05648148148148149 0.03177083333333333
5 0.8791666666666667 0.3645833333333333 0.058333333333333334 0.03333333333333333
5 0.8800925925925926 0.45416666666666666 0.05462962962962963 0.03125
5 0.8800925925925926 0.5440104166666666 0.05648148148148149 0.0328125
5 0.8810185185185185 0.6322916666666667 0.058333333333333334 0.03229166666666666
5 0.8810185185185185 0.71953125 0.058333333333333334 0.0328125
5 0.8814814814814815 0.8096354166666666 0.05740740740740741 0.03177083333333333
5 0.8828703703703704 0.896875 0.06018518518518519 0.029166666666666667
7 0.23194444444444445 0.10208333333333333 0.28240740740740744 0.03333333333333333
7 0.13240740740740742 0.18854166666666666 0.09074074074074075 0.03229166666666666
7 0.13055555555555556 0.27578125 0.08518518518518518 0.0328125
7 0.24351851851851852 0.36614583333333334 0.312962962962963 0.035416666666666666
7 0.4185185185185185 0.4552083333333333 0.674074074074074 0.03229166666666666
7 0.24629629629629632 0.54453125 0.32222222222222224 0.033854166666666664
7 0.2935185185185185 0.6333333333333333 0.412962962962963 0.030208333333333334
7 0.28611111111111115 0.7229166666666667 0.39814814814814814 0.0375
7 0.2675925925925926 0.8122395833333333 0.3666666666666667 0.030729166666666665
