7 0.425 0.15598958333333332 0.8018518518518519 0.06614583333333333
0 0.08564814814814815 0.23046875 0.05648148148148149 0.0328125
7 0.44722222222222224 0.27838541666666666 0.7981481481481482 0.043229166666666666
0 0.08703703703703704 0.3364583333333333 0.05740740740740741 0.03229166666666666
7 0.5 0.4046875 0.9037037037037038 0.09270833333333334
7 0.3902777777777778 0.07083333333333333 0.7027777777777778 0.036458333333333336
7 0.2625 0.3364583333333333 0.28240740740740744 0.027083333333333334
7 0.42962962962962964 0.23411458333333332 0.6129629629629629 0.030729166666666665
7 0.5023148148148149 0.5252604166666667 0.725 0.024479166666666666
7 0.5 0.6125 0.674074074074074 0.025
