7 0.2763888888888889 0.053385416666666664 0.45462962962962966 0.028645833333333332
7 0.33472222222222225 0.10442708333333334 0.5527777777777778 0.03802083333333333
7 0.40601851851851856 0.16536458333333334 0.6953703703703704 0.07864583333333333
0 0.8800925925925926 0.14583333333333334 0.062037037037037036 0.034375
7 0.18796296296296297 0.23515624999999998 0.27037037037037037 0.027604166666666666
7 0.2935185185185185 0.28541666666666665 0.4703703703703704 0.0375
7 0.4087962962962963 0.3346354166666667 0.700925925925926 0.050520833333333334
0 0.8805555555555555 0.31328125 0.061111111111111116 0.034895833333333334
7 0.18703703703703706 0.39166666666666666 0.26666666666666666 0.036458333333333336
7 0.34120370370370373 0.44036458333333334 0.5657407407407408 0.03802083333333333
7 0.4712962962962963 0.51484375 0.825925925925926 0.10364583333333333
7 0.37824074074074077 0.60234375 0.6398148148148148 0.03802083333333333
7 0.43333333333333335 0.6625 0.75 0.08020833333333333
7 0.20046296296296298 0.7348958333333333 0.30092592592592593 0.03229166666666666
7 0.26435185185185184 0.78515625 0.41203703703703703 0.03802083333333333
7 0.33611111111111114 0.81875 0.5555555555555556 0.029166666666666667
0 0.8824074074074074 0.7994791666666666 0.06296296296296297 0.035416666666666666
7 0.13703703703703704 0.8731770833333333 0.1574074074074074 0.03802083333333333
7 0.412962962962963 0.90703125 0.7092592592592593 0.0296875
0 0.8800925925925926 0.8872395833333333 0.05648148148148149 0.034895833333333334
