2 0.6462962962962964 0.134375 0.061111111111111116 0.034375
2 0.6462962962962964 0.21822916666666667 0.061111111111111116 0.034375
7 0.19490740740740742 0.05572916666666666 0.10648148148148148 0.03229166666666666
7 0.1814814814814815 0.13984375 0.07962962962962963 0.03177083333333333
7 0.24120370370370373 0.22369791666666666 0.19907407407407407 0.03177083333333333
7 0.22453703703703703 0.3078125 0.16574074074074074 0.03229166666666666
7 0.19398148148148148 0.3919270833333333 0.10462962962962963 0.03177083333333333
7 0.2064814814814815 0.47578125 0.12962962962962962 0.03177083333333333
7 0.6861111111111111 0.05364583333333333 0.10185185185185186 0.028125
7 0.7069444444444445 0.13776041666666666 0.06018518518518519 0.027604166666666666
7 0.7069444444444445 0.22161458333333334 0.06018518518518519 0.027604166666666666
7 0.7069444444444445 0.30572916666666666 0.06018518518518519 0.028125
7 0.7069444444444445 0.38984375 0.06018518518518519 0.027604166666666666
7 0.7069444444444445 0.47369791666666666 0.06018518518518519 0.027604166666666666
2 0.08564814814814815 0.5916666666666667 0.16944444444444445 0.09583333333333333
2 0.2555555555555556 0.5916666666666667 0.17037037037037037 0.09583333333333333
2 0.425462962962963 0.5916666666666667 0.16944444444444445 0.09583333333333333
2 0.6490740740740741 0.5916666666666667 0.17037037037037037 0.09583333333333333
2 0.07731481481481482 0.07239583333333333 0.1287037037037037 0.065625
2 0.07731481481481482 0.15677083333333333 0.1287037037037037 0.065625
2 0.07731481481481482 0.240625 0.1287037037037037 0.065625
2 0.07731481481481482 0.32447916666666665 0.1287037037037037 0.065625
2 0.07731481481481482 0.4088541666666667 0.1287037037037037 0.065625
2 0.07731481481481482 0.4927083333333333 0.1287037037037037 0.065625
