7 0.19722222222222224 0.07213541666666666 0.12962962962962962 0.028645833333333332
2 0.06435185185185185 0.071875 0.05462962962962963 0.03125
7 0.16620370370370371 0.13802083333333334 0.16944444444444445 0.026041666666666668
7 0.49953703703703706 0.1390625 0.2064814814814815 0.027083333333333334
7 0.8305555555555556 0.13828125 0.15555555555555556 0.021354166666666667
3 0.48333333333333334 0.3671875 0.674074074074074 0.34270833333333334
7 0.11342592592592593 0.6223958333333334 0.1675925925925926 0.040625
7 0.25462962962962965 0.62265625 0.07592592592592592 0.025520833333333333
7 0.48564814814814816 0.6765625 0.9120370370370371 0.025
7 0.44351851851851853 0.71015625 0.8333333333333334 0.022395833333333334
7 0.18425925925925926 0.7494791666666667 0.31666666666666665 0.021875
7 0.1277777777777778 0.8197916666666667 0.20370370370370372 0.025
7 0.7106481481481481 0.8598958333333333 0.10833333333333334 0.021875
2 0.10555555555555556 0.8976562499999999 0.05185185185185186 0.0265625
2 0.31574074074074077 0.8958333333333334 0.044444444444444446 0.027083333333333334
2 0.5277777777777778 0.8976562499999999 0.04814814814814815 0.028645833333333332
7 0.8166666666666667 0.90625 0.2351851851851852 0.028125
7 0.5259259259259259 0.9182291666666667 0.07222222222222223 0.013541666666666667
7 0.3125 0.91875 0.09351851851851853 0.015625
7 0.10694444444444445 0.9190104166666666 0.05092592592592593 0.015104166666666667
7 0.8925925925925926 0.6223958333333334 0.12962962962962962 0.017708333333333333
