7 0.49722222222222223 0.07317708333333334 0.23148148148148148 0.034895833333333334
2 0.06851851851851852 0.07161458333333333 0.05185185185185186 0.027604166666666666
7 0.06064814814814815 0.13932291666666666 0.04722222222222222 0.027604166666666666
7 0.20740740740740743 0.14140625 0.12222222222222223 0.0265625
7 0.3675925925925926 0.140625 0.07962962962962963 0.025
7 0.5337962962962963 0.14192708333333334 0.14537037037037037 0.028645833333333332
7 0.7476851851851852 0.1421875 0.16944444444444445 0.026041666666666668
7 0.9435185185185185 0.14010416666666667 0.11296296296296297 0.027083333333333334
2 0.5 0.3385416666666667 0.3037037037037037 0.17083333333333334
7 0.500925925925926 0.46640624999999997 0.3962962962962963 0.0296875
7 0.500462962962963 0.6216145833333333 0.31203703703703706 0.0234375
