2 0.017592592592592594 0.0671875 0.024074074074074074 0.03229166666666666
7 0.19166666666666668 0.06666666666666667 0.10925925925925926 0.029166666666666667
7 0.26296296296296295 0.1359375 0.4962962962962963 0.026041666666666668
7 0.48888888888888893 0.3328125 0.9370370370370371 0.28229166666666666
7 0.1277777777777778 0.6166666666666667 0.1814814814814815 0.022916666666666665
7 0.36944444444444446 0.6552083333333333 0.6611111111111111 0.022916666666666665
2 0.07777777777777778 0.06510416666666667 0.08888888888888889 0.046875
7 0.5018518518518519 0.5427083333333333 0.2814814814814815 0.022916666666666665
7 0.27685185185185185 0.7114583333333333 0.3277777777777778 0.027083333333333334
7 0.7537037037037038 0.7104166666666667 0.10740740740740741 0.022916666666666665
