2 0.06851851851851852 0.0703125 0.05555555555555556 0.028125
2 0.825925925925926 0.071875 0.07037037037037037 0.03958333333333333
2 0.9416666666666667 0.06979166666666667 0.05740740740740741 0.035416666666666666
7 0.20740740740740743 0.07291666666666667 0.14444444444444446 0.029166666666666667
7 0.14166666666666666 0.140625 0.2425925925925926 0.027083333333333334
7 0.32685185185185184 0.23802083333333332 0.6166666666666667 0.08229166666666667
7 0.12222222222222223 0.3255208333333333 0.20740740740740743 0.030208333333333334
7 0.47500000000000003 0.38645833333333335 0.9166666666666667 0.0875
7 0.11203703703703705 0.4739583333333333 0.18703703703703706 0.027083333333333334
7 0.42314814814814816 0.5239583333333333 0.812962962962963 0.06041666666666667
7 0.38333333333333336 0.6109375 0.725925925925926 0.057291666666666664
7 0.4398148148148148 0.7125 0.8388888888888889 0.09166666666666666
7 0.4351851851851852 0.8338541666666667 0.8296296296296297 0.090625
7 0.0962962962962963 0.9223958333333333 0.15185185185185185 0.02395833333333333
0 0.9092592592592593 0.14322916666666666 0.05925925925925926 0.034375
0 0.9120370370370371 0.21614583333333334 0.06481481481481481 0.034375
0 0.9111111111111111 0.48072916666666665 0.06296296296296297 0.03229166666666666
0 0.9111111111111111 0.603125 0.05925925925925926 0.03333333333333333
0 0.9083333333333333 0.6859375 0.05740740740740741 0.030208333333333334
0 0.9092592592592593 0.8072916666666666 0.05925925925925926 0.03333333333333333
