6 0.9472222222222223 0.38177083333333334 0.07222222222222223 0.028125
2 0.07037037037037037 0.06979166666666667 0.05185185185185186 0.035416666666666666
7 0.28425925925925927 0.0734375 0.2833333333333333 0.03229166666666666
7 0.2777777777777778 0.15416666666666667 0.33333333333333337 0.027083333333333334
7 0.16111111111111112 0.22343749999999998 0.2777777777777778 0.026041666666666668
7 0.13240740740740742 0.2984375 0.21666666666666667 0.021875
7 0.325 0.3859375 0.4203703703703704 0.02395833333333333
7 0.19907407407407407 0.44687499999999997 0.3574074074074074 0.04791666666666666
7 0.1824074074074074 0.51875 0.312962962962963 0.04583333333333333
7 0.14907407407407408 0.5921875 0.2574074074074074 0.046875
7 0.2564814814814815 0.6640625 0.46481481481481485 0.04895833333333333
7 0.10740740740740741 0.7375 0.17407407407407408 0.027083333333333334
2 0.06481481481481481 0.1515625 0.08888888888888889 0.04895833333333333
2 0.06574074074074074 0.3833333333333333 0.09074074074074075 0.04791666666666666
