7 0.6166666666666667 0.31484375 0.21851851851851853 0.0296875
2 0.7583333333333334 0.31171875 0.04814814814814815 0.027604166666666666
7 0.500925925925926 0.37421875 0.6666666666666667 0.06302083333333333
7 0.49953703703703706 0.43255208333333334 0.513888888888889 0.0296875
5 0.23240740740740742 0.47604166666666664 0.05555555555555556 0.030208333333333334
5 0.23148148148148148 0.5065104166666666 0.053703703703703705 0.0296875
5 0.23194444444444445 0.5375 0.05462962962962963 0.029166666666666667
5 0.576388888888889 0.47578125 0.05648148148148149 0.0296875
5 0.575462962962963 0.5067708333333333 0.05462962962962963 0.030208333333333334
5 0.576388888888889 0.5377604166666666 0.05648148148148149 0.0296875
5 0.38842592592592595 0.5684895833333333 0.05462962962962963 0.0296875
2 0.09027777777777778 0.06614583333333333 0.0638888888888889 0.0375
7 0.3856481481481482 0.47604166666666664 0.23240740740740742 0.021875
7 0.3625 0.50859375 0.18611111111111112 0.019270833333333334
7 0.35833333333333334 0.53828125 0.17777777777777778 0.021354166666666667
7 0.7050925925925926 0.47682291666666665 0.18611111111111112 0.019270833333333334
7 0.7046296296296296 0.5091145833333334 0.17962962962962964 0.0203125
7 0.7000000000000001 0.5393229166666667 0.17407407407407408 0.019270833333333334
7 0.5342592592592593 0.5700520833333333 0.22037037037037038 0.019270833333333334
7 0.5 0.6385416666666667 0.17777777777777778 0.02395833333333333
7 0.5050925925925926 0.6973958333333333 0.14166666666666666 0.022916666666666665
