3 0.14212962962962963 0.21796875 0.2657407407407408 0.12343749999999999
7 0.3 0.13619791666666667 0.5240740740740741 0.0234375
7 0.6337962962962963 0.20989583333333334 0.6527777777777778 0.09270833333333334
7 0.8819444444444445 0.28854166666666664 0.18796296296296297 0.025
3 0.1388888888888889 0.41692708333333334 0.2518518518518519 0.1140625
7 0.37777777777777777 0.3359375 0.6759259259259259 0.02395833333333333
7 0.6393518518518518 0.4088541666666667 0.6416666666666667 0.09270833333333334
7 0.9055555555555556 0.4875 0.14074074074074075 0.022916666666666665
3 0.1388888888888889 0.6375 0.2518518518518519 0.11458333333333333
7 0.46064814814814814 0.546875 0.8601851851851852 0.04583333333333333
7 0.6083333333333334 0.60859375 0.5925925925925926 0.050520833333333334
7 0.8958333333333334 0.6763020833333333 0.16018518518518518 0.0265625
3 0.1388888888888889 0.803125 0.2518518518518519 0.11458333333333333
7 0.45833333333333337 0.72265625 0.8481481481481482 0.024479166666666666
7 0.6342592592592593 0.8177083333333334 0.6518518518518519 0.1375
7 0.8944444444444445 0.9190104166666666 0.16666666666666669 0.024479166666666666
7 0.3263888888888889 0.0734375 0.3731481481481482 0.030208333333333334
2 0.07083333333333333 0.07109375 0.04722222222222222 0.030729166666666665
2 0.9412037037037038 0.07239583333333333 0.0638888888888889 0.03854166666666667
