7 0.2777777777777778 0.07083333333333333 0.27222222222222225 0.03229166666666666
2 0.06620370370370371 0.0703125 0.058333333333333334 0.034375
7 0.27083333333333337 0.14921875 0.46944444444444444 0.03177083333333333
7 0.36203703703703705 0.19505208333333332 0.6592592592592593 0.05572916666666666
0 0.9226851851851853 0.17526041666666667 0.06018518518518519 0.0328125
7 0.20601851851851852 0.2830729166666667 0.34351851851851856 0.0296875
7 0.17685185185185187 0.3614583333333333 0.27592592592592596 0.03333333333333333
7 0.0912037037037037 0.4393229166666667 0.11574074074074074 0.027604166666666666
7 0.23564814814814816 0.496875 0.39351851851851855 0.03125
7 0.08287037037037037 0.5278645833333333 0.09351851851851853 0.0265625
