7 0.5453703703703704 0.07083333333333333 0.5074074074074074 0.036458333333333336
3 0.23333333333333334 0.07135416666666666 0.11666666666666667 0.065625
2 0.07083333333333333 0.07161458333333333 0.0638888888888889 0.03177083333333333
3 0.14814814814814814 0.19270833333333334 0.21851851851851853 0.12291666666666666
3 0.45231481481481484 0.19270833333333334 0.21944444444444444 0.12291666666666666
3 0.7564814814814815 0.19270833333333334 0.21851851851851853 0.12291666666666666
3 0.14814814814814814 0.3294270833333333 0.21851851851851853 0.12343749999999999
3 0.45231481481481484 0.3294270833333333 0.21944444444444444 0.12343749999999999
3 0.7564814814814815 0.3294270833333333 0.21851851851851853 0.12343749999999999
3 0.14814814814814814 0.4661458333333333 0.21851851851851853 0.12291666666666666
3 0.45231481481481484 0.4661458333333333 0.21944444444444444 0.12291666666666666
3 0.7564814814814815 0.4661458333333333 0.21851851851851853 0.12291666666666666
3 0.14814814814814814 0.603125 0.21851851851851853 0.12291666666666666
3 0.45231481481481484 0.603125 0.21944444444444444 0.12291666666666666
3 0.7564814814814815 0.603125 0.21851851851851853 0.12291666666666666
3 0.14814814814814814 0.7395833333333334 0.21851851851851853 0.12291666666666666
3 0.45231481481481484 0.7395833333333334 0.21944444444444444 0.12291666666666666
3 0.7564814814814815 0.7395833333333334 0.21851851851851853 0.12291666666666666
3 0.14814814814814814 0.8635416666666667 0.21851851851851853 0.09791666666666667
3 0.45231481481481484 0.8635416666666667 0.21944444444444444 0.09791666666666667
3 0.7564814814814815 0.8635416666666667 0.21851851851851853 0.09791666666666667
