7 0.20925925925925926 0.16276041666666666 0.32962962962962966 0.028645833333333332
2 0.08240740740740742 0.23203125 0.08703703703703704 0.033854166666666664
7 0.2884259259259259 0.253125 0.25092592592592594 0.027083333333333334
7 0.21064814814814817 0.21744791666666666 0.09166666666666667 0.028645833333333332
2 0.913425925925926 0.23333333333333334 0.06018518518518519 0.03125
2 0.08240740740740742 0.3375 0.08703703703703704 0.03333333333333333
7 0.30092592592592593 0.3575520833333333 0.27222222222222225 0.027604166666666666
7 0.2138888888888889 0.32135416666666666 0.09814814814814815 0.03125
2 0.08240740740740742 0.44296874999999997 0.08703703703703704 0.0328125
7 0.29953703703703705 0.4627604166666667 0.26944444444444443 0.027604166666666666
7 0.2300925925925926 0.42916666666666664 0.13055555555555556 0.03333333333333333
2 0.08240740740740742 0.5484375 0.08703703703703704 0.03333333333333333
7 0.3 0.56875 0.2740740740740741 0.027083333333333334
7 0.2162037037037037 0.5348958333333333 0.10462962962962963 0.029166666666666667
2 0.08240740740740742 0.65390625 0.08703703703703704 0.033854166666666664
7 0.30185185185185187 0.6744791666666666 0.27037037037037037 0.026041666666666668
7 0.21157407407407408 0.6411458333333333 0.09351851851851853 0.029166666666666667
7 0.25833333333333336 0.07109375 0.1814814814814815 0.0296875
2 0.06944444444444445 0.0703125 0.04259259259259259 0.028125
