7 0.2625 0.07317708333333334 0.18796296296296297 0.03177083333333333
2 0.06712962962962964 0.07109375 0.05462962962962963 0.0296875
7 0.17314814814814816 0.13098958333333333 0.26851851851851855 0.0296875
7 0.28101851851851856 0.15859375 0.4842592592592593 0.025520833333333333
0 0.9203703703703704 0.14270833333333333 0.05740740740740741 0.035416666666666666
7 0.2625 0.23151041666666666 0.44722222222222224 0.0296875
7 0.26342592592592595 0.259375 0.44907407407407407 0.026041666666666668
0 0.9231481481481482 0.2453125 0.05925925925925926 0.03229166666666666
7 0.1851851851851852 0.3325520833333333 0.2925925925925926 0.0296875
0 0.9240740740740742 0.3328125 0.061111111111111116 0.034375
7 0.13472222222222222 0.40625 0.2101851851851852 0.027083333333333334
7 0.13240740740740742 0.45651041666666664 0.18703703703703706 0.0296875
7 0.4388888888888889 0.484375 0.8 0.026041666666666668
0 0.9226851851851853 0.4692708333333333 0.05648148148148149 0.03229166666666666
7 0.19074074074074074 0.5575520833333333 0.3037037037037037 0.0296875
7 0.40370370370370373 0.58515625 0.7296296296296296 0.025520833333333333
0 0.9226851851851853 0.5708333333333333 0.058333333333333334 0.03333333333333333
7 0.20740740740740743 0.6580729166666667 0.337037037037037 0.0296875
7 0.0625 0.6859375 0.04722222222222222 0.026041666666666668
7 0.3263888888888889 0.7591145833333334 0.5750000000000001 0.0296875
7 0.1537037037037037 0.78671875 0.22962962962962963 0.025520833333333333
7 0.3592592592592593 0.8596354166666667 0.6407407407407407 0.0296875
7 0.1537037037037037 0.8875 0.22962962962962963 0.026041666666666668
