2 0.040740740740740744 0.05520833333333333 0.044444444444444446 0.03958333333333333
2 0.9111111111111111 0.11614583333333334 0.06296296296296297 0.036458333333333336
7 0.09537037037037037 0.1171875 0.10185185185185186 0.026041666666666668
7 0.09722222222222222 0.184375 0.10555555555555556 0.027083333333333334
7 0.09722222222222222 0.25416666666666665 0.10185185185185186 0.027083333333333334
7 0.09907407407407408 0.3223958333333333 0.11296296296296297 0.026041666666666668
7 0.17592592592592593 0.39010416666666664 0.2555555555555556 0.021875
7 0.1 0.45729166666666665 0.10740740740740741 0.025
7 0.1787037037037037 0.525 0.26481481481481484 0.025
7 0.09722222222222222 0.5947916666666666 0.10185185185185186 0.025
7 0.11018518518518519 0.058854166666666666 0.09444444444444444 0.028125
7 0.5037037037037038 0.059375 0.15185185185185185 0.029166666666666667
