2 0.0699074074074074 0.07890625 0.06018518518518519 0.033854166666666664
7 0.5013888888888889 0.08151041666666667 0.19907407407407407 0.03697916666666667
7 0.49953703703703706 0.14166666666666666 0.15833333333333333 0.029166666666666667
7 0.3050925925925926 0.19661458333333334 0.5675925925925926 0.03697916666666667
7 0.17083333333333334 0.3424479166666667 0.28240740740740744 0.0359375
7 0.24537037037037038 0.6026041666666666 0.4444444444444445 0.03854166666666667
7 0.27037037037037037 0.7880208333333333 0.47222222222222227 0.041666666666666664
0 0.950925925925926 0.78359375 0.08333333333333334 0.04739583333333333
7 0.2175925925925926 0.875 0.3703703703703704 0.035416666666666666
0 0.9523148148148148 0.8731770833333333 0.08055555555555556 0.0515625
7 0.1837962962962963 0.5075520833333333 0.20833333333333334 0.021354166666666667
7 0.17731481481481481 0.6817708333333333 0.23055555555555557 0.020833333333333332
