7 0.4398148148148148 0.14765625 0.061111111111111116 0.022395833333333334
7 0.225 0.17552083333333332 0.312962962962963 0.03333333333333333
7 0.1685185185185185 0.3606770833333333 0.21481481481481482 0.025520833333333333
2 0.4416666666666667 0.3578125 0.05740740740740741 0.03229166666666666
7 0.9208333333333334 0.14765625 0.062037037037037036 0.022395833333333334
7 0.6564814814814816 0.19140625 0.22222222222222224 0.05260416666666667
7 0.6486111111111111 0.3611979166666667 0.20833333333333334 0.028645833333333332
2 0.9222222222222223 0.3578125 0.05925925925925926 0.03229166666666666
7 0.4398148148148148 0.41822916666666665 0.061111111111111116 0.021875
7 0.24537037037037038 0.4458333333333333 0.35370370370370374 0.03333333333333333
7 0.16898148148148148 0.6299479166666666 0.20833333333333334 0.028645833333333332
2 0.4416666666666667 0.628125 0.05740740740740741 0.03333333333333333
7 0.9208333333333334 0.41822916666666665 0.062037037037037036 0.021875
7 0.6083333333333334 0.4458333333333333 0.12037037037037038 0.03333333333333333
7 0.6467592592592593 0.6294270833333333 0.20462962962962963 0.024479166666666666
2 0.9222222222222223 0.628125 0.05925925925925926 0.03333333333333333
7 0.4398148148148148 0.68828125 0.061111111111111116 0.022395833333333334
7 0.22916666666666669 0.734375 0.3194444444444445 0.059375
7 0.16712962962962963 0.8994791666666666 0.2138888888888889 0.028125
2 0.4416666666666667 0.8984375 0.05740740740740741 0.03229166666666666
7 0.9208333333333334 0.68828125 0.062037037037037036 0.022395833333333334
7 0.6166666666666667 0.7161458333333334 0.13703703703703704 0.03333333333333333
7 0.6458333333333334 0.9015624999999999 0.2101851851851852 0.027083333333333334
2 0.9222222222222223 0.8979166666666667 0.05925925925925926 0.03229166666666666
2 0.06851851851851852 0.07083333333333333 0.05555555555555556 0.029166666666666667
7 0.31203703703703706 0.07395833333333333 0.34814814814814815 0.035416666666666666
