7 0.5027777777777778 0.057812499999999996 0.1462962962962963 0.026041666666666668
7 0.13611111111111113 0.159375 0.17962962962962964 0.025
7 0.14907407407407408 0.2708333333333333 0.20925925925925926 0.027083333333333334
7 0.10833333333333334 0.34322916666666664 0.12037037037037038 0.028125
7 0.13333333333333333 0.409375 0.17407407407407408 0.022916666666666665
7 0.11666666666666667 0.5213541666666667 0.14074074074074075 0.02395833333333333
7 0.7018518518518518 0.9208333333333333 0.12592592592592594 0.020833333333333332
7 0.500925925925926 0.9213541666666667 0.08703703703703704 0.019791666666666666
7 0.1 0.9213541666666667 0.13333333333333333 0.019791666666666666
7 0.3 0.9208333333333333 0.08148148148148149 0.01875
7 0.2212962962962963 0.7703125 0.35370370370370374 0.02395833333333333
7 0.17685185185185187 0.6567708333333333 0.26481481481481484 0.026041666666666668
7 0.1527777777777778 0.5880208333333333 0.20925925925925926 0.026041666666666668
2 0.9287037037037037 0.271875 0.05 0.04583333333333333
2 0.925 0.16041666666666665 0.05740740740740741 0.04583333333333333
7 0.9 0.921875 0.11481481481481481 0.01875
2 0.9268518518518519 0.33958333333333335 0.05740740740740741 0.041666666666666664
2 0.9268518518518519 0.40781249999999997 0.053703703703703705 0.046875
2 0.9268518518518519 0.5203125 0.053703703703703705 0.04895833333333333
2 0.9259259259259259 0.5895833333333333 0.05925925925925926 0.04791666666666666
2 0.9268518518518519 0.6567708333333333 0.05740740740740741 0.04479166666666667
6 0.8916666666666667 0.7677083333333333 0.11296296296296297 0.0375
6 0.8907407407407407 0.8369791666666666 0.11481481481481481 0.042708333333333334
2 0.058333333333333334 0.8380208333333333 0.031481481481481485 0.019791666666666666
2 0.10185185185185186 0.8947916666666667 0.07777777777777778 0.029166666666666667
2 0.29814814814814816 0.8927083333333333 0.06666666666666667 0.03125
2 0.500925925925926 0.8932291666666666 0.061111111111111116 0.02395833333333333
2 0.7037037037037037 0.8937499999999999 0.05925925925925926 0.03125
2 0.9027777777777778 0.8916666666666666 0.06851851851851852 0.027083333333333334
