7 0.18101851851851852 0.15364583333333334 0.2990740740740741 0.03125
7 0.1527777777777778 0.21770833333333334 0.23703703703703705 0.036458333333333336
6 0.9037037037037038 0.21458333333333332 0.11481481481481481 0.0375
7 0.5027777777777778 0.296875 0.8037037037037037 0.06041666666666667
7 0.1537037037037037 0.40130208333333334 0.23703703703703705 0.030729166666666665
7 0.17685185185185187 0.4627604166666667 0.27592592592592596 0.03802083333333333
7 0.7458333333333333 0.4627604166666667 0.39537037037037037 0.03802083333333333
7 0.19212962962962965 0.5278645833333333 0.30648148148148147 0.03802083333333333
7 0.8625 0.5278645833333333 0.16203703703703703 0.03802083333333333
7 0.11574074074074074 0.59296875 0.1537037037037037 0.03802083333333333
7 0.8458333333333333 0.59296875 0.1953703703703704 0.03802083333333333
7 0.11203703703703705 0.6583333333333333 0.1462962962962963 0.0375
7 0.8458333333333333 0.6583333333333333 0.1953703703703704 0.0375
7 0.500462962962963 0.7325520833333333 0.737962962962963 0.0265625
7 0.2847222222222222 0.07291666666666667 0.23425925925925928 0.035416666666666666
2 0.06759259259259259 0.071875 0.06851851851851852 0.03854166666666667
