7 0.23981481481481481 0.07317708333333334 0.19814814814814816 0.0328125
2 0.06712962962962964 0.0703125 0.05092592592592593 0.027083333333333334
7 0.12962962962962962 0.14557291666666666 0.19814814814814816 0.0265625
7 0.14212962962962963 0.19401041666666666 0.225 0.0234375
7 0.39212962962962966 0.23463541666666665 0.7157407407407408 0.0484375
7 0.1513888888888889 0.3151041666666667 0.23425925925925928 0.022916666666666665
7 0.16620370370370371 0.3671875 0.2657407407407408 0.022916666666666665
7 0.4564814814814815 0.4067708333333333 0.85 0.04791666666666666
7 0.33287037037037037 0.49166666666666664 0.3231481481481482 0.028125
7 0.30324074074074076 0.5666666666666667 0.2657407407407408 0.026041666666666668
7 0.14212962962962963 0.6395833333333333 0.2212962962962963 0.025
7 0.22731481481481483 0.6901041666666666 0.10648148148148148 0.026041666666666668
7 0.23472222222222222 0.7658854166666667 0.1287037037037037 0.0234375
2 0.08564814814814815 0.49192708333333335 0.05648148148148149 0.03697916666666667
2 0.08564814814814815 0.5651041666666666 0.04722222222222222 0.03333333333333333
2 0.08750000000000001 0.6911458333333333 0.06574074074074074 0.035416666666666666
2 0.08564814814814815 0.7638020833333333 0.06944444444444445 0.0328125
6 0.913888888888889 0.22057291666666667 0.09444444444444444 0.034895833333333334
0 0.924537037037037 0.49114583333333334 0.06574074074074074 0.03333333333333333
6 0.9166666666666667 0.6901041666666666 0.09814814814814815 0.036458333333333336
6 0.9157407407407407 0.76484375 0.10370370370370371 0.03802083333333333
