7 0.3194444444444445 0.10625 0.40555555555555556 0.036458333333333336
7 0.2972222222222222 0.17708333333333334 0.1851851851851852 0.029166666666666667
7 0.3902777777777778 0.2453125 0.3768518518518519 0.034375
7 0.3888888888888889 0.30833333333333335 0.3611111111111111 0.03333333333333333
7 0.42824074074074076 0.37473958333333335 0.45092592592592595 0.03177083333333333
7 0.3893518518518519 0.44088541666666664 0.3675925925925926 0.034895833333333334
7 0.3527777777777778 0.50625 0.28703703703703703 0.03125
7 0.40925925925925927 0.5705729166666667 0.40185185185185185 0.028645833333333332
7 0.3564814814814815 0.6361979166666667 0.2888888888888889 0.0296875
7 0.350462962962963 0.7005208333333334 0.28425925925925927 0.03125
7 0.3740740740740741 0.7684895833333333 0.3351851851851852 0.030729166666666665
7 0.2777777777777778 0.8328125 0.13518518518518519 0.029166666666666667
0 0.15972222222222224 0.17395833333333333 0.06574074074074074 0.034375
0 0.16111111111111112 0.23958333333333334 0.06296296296296297 0.034375
0 0.16018518518518518 0.30625 0.07222222222222223 0.041666666666666664
0 0.16064814814814815 0.37135416666666665 0.062037037037037036 0.036458333333333336
0 0.16064814814814815 0.43697916666666664 0.06018518518518519 0.03854166666666667
0 0.1625 0.5020833333333333 0.06574074074074074 0.04375
0 0.16111111111111112 0.5697916666666667 0.07407407407407407 0.0375
0 0.1625 0.6348958333333333 0.06574074074074074 0.03854166666666667
0 0.16203703703703703 0.6981770833333333 0.06481481481481481 0.04010416666666666
0 0.15925925925925927 0.7674479166666667 0.06481481481481481 0.04114583333333333
0 0.1587962962962963 0.8307291666666666 0.0712962962962963 0.03333333333333333
7 0.19490740740740742 0.8802083333333334 0.1638888888888889 0.022916666666666665
7 0.8217592592592593 0.8778645833333333 0.0638888888888889 0.0234375
