7 0.5 0.03203125 0.45 0.04010416666666666
3 0.12083333333333333 0.06770833333333333 0.1212962962962963 0.022916666666666665
7 0.12268518518518519 0.134375 0.1175925925925926 0.019791666666666666
2 0.12083333333333333 0.23541666666666666 0.1212962962962963 0.06875
7 0.12268518518518519 0.32421875 0.14907407407407408 0.021354166666666667
3 0.12083333333333333 0.42578125 0.1212962962962963 0.06822916666666666
7 0.12222222222222223 0.5161458333333333 0.1814814814814815 0.022916666666666665
3 0.12083333333333333 0.6158854166666666 0.1212962962962963 0.06822916666666666
7 0.12268518518518519 0.7044270833333334 0.09166666666666667 0.019270833333333334
7 0.125 0.8955729166666666 0.1 0.018229166666666668
7 0.6180555555555556 0.49895833333333334 0.3212962962962963 0.035416666666666666
