7 0.1462962962962963 0.0734375 0.22777777777777777 0.03333333333333333
2 0.9407407407407408 0.07083333333333333 0.04259259259259259 0.02395833333333333
5 0.0787037037037037 0.15182291666666667 0.053703703703703705 0.03177083333333333
5 0.0763888888888889 0.1953125 0.05648148148148149 0.03333333333333333
5 0.0787037037037037 0.24036458333333333 0.05185185185185186 0.0296875
5 0.07962962962962963 0.28359375 0.05925925925925926 0.0296875
5 0.07962962962962963 0.3268229166666667 0.05555555555555556 0.0328125
5 0.0787037037037037 0.37005208333333334 0.053703703703703705 0.03177083333333333
5 0.07777777777777778 0.41510416666666666 0.05555555555555556 0.030208333333333334
5 0.07777777777777778 0.45807291666666666 0.05555555555555556 0.0328125
5 0.07777777777777778 0.5026041666666666 0.053703703703703705 0.03125
5 0.07685185185185185 0.5466145833333333 0.05 0.027604166666666666
5 0.07777777777777778 0.5895833333333333 0.053703703703703705 0.03333333333333333
5 0.07824074074074075 0.6333333333333333 0.05462962962962963 0.03125
5 0.0763888888888889 0.6776041666666667 0.058333333333333334 0.030208333333333334
5 0.07731481481481482 0.7208333333333333 0.05277777777777778 0.03125
7 0.4810185185185185 0.8666666666666667 0.8842592592592593 0.08958333333333333
7 0.32685185185185184 0.15494791666666666 0.4314814814814815 0.0265625
7 0.14953703703703705 0.24036458333333333 0.075 0.021354166666666667
7 0.17222222222222222 0.28515625 0.11481481481481481 0.018229166666666668
7 0.17777777777777778 0.3296875 0.12962962962962962 0.027083333333333334
7 0.1726851851851852 0.371875 0.1212962962962963 0.02395833333333333
7 0.1787037037037037 0.4171875 0.13148148148148148 0.01875
7 0.1638888888888889 0.46171875 0.10185185185185186 0.0203125
7 0.1814814814814815 0.5041666666666667 0.13703703703703704 0.022916666666666665
7 0.1787037037037037 0.5919270833333333 0.1277777777777778 0.019270833333333334
7 0.17083333333333334 0.6346354166666667 0.11203703703703705 0.0203125
7 0.15555555555555556 0.6794270833333333 0.08888888888888889 0.018229166666666668
7 0.5013888888888889 0.7877604166666666 0.09907407407407408 0.0203125
