2 0.06620370370370371 0.07135416666666666 0.05092592592592593 0.027083333333333334
7 0.31851851851851853 0.07552083333333333 0.3074074074074074 0.034375
6 0.8981481481481481 0.1546875 0.09444444444444444 0.035416666666666666
6 0.900462962962963 0.24713541666666666 0.09351851851851853 0.03802083333333333
7 0.18333333333333335 0.15572916666666667 0.2833333333333333 0.025
7 0.12638888888888888 0.24713541666666666 0.1712962962962963 0.0234375
7 0.14907407407407408 0.3338541666666667 0.21666666666666667 0.027083333333333334
7 0.24675925925925926 0.3953125 0.15833333333333333 0.025
7 0.25092592592592594 0.4544270833333333 0.16481481481481483 0.025520833333333333
7 0.25833333333333336 0.5111979166666667 0.18888888888888888 0.025520833333333333
7 0.2518518518518519 0.5682291666666667 0.1685185185185185 0.025
5 0.08888888888888889 0.3950520833333333 0.06851851851851852 0.0328125
5 0.08611111111111111 0.4518229166666667 0.06851851851851852 0.034895833333333334
5 0.08888888888888889 0.5106770833333333 0.06666666666666667 0.0359375
5 0.08935185185185185 0.56796875 0.06759259259259259 0.034895833333333334
