3 0.17314814814814816 0.08177083333333333 0.29074074074074074 0.153125
3 0.4916666666666667 0.08177083333333333 0.20925925925925926 0.16145833333333334
3 0.837962962962963 0.0828125 0.2574074074074074 0.16145833333333334
3 0.1638888888888889 0.24270833333333333 0.27222222222222225 0.15
3 0.48888888888888893 0.24687499999999998 0.25925925925925924 0.14375
3 0.8333333333333334 0.24322916666666666 0.2888888888888889 0.109375
3 0.17685185185185187 0.4109375 0.20555555555555557 0.15104166666666666
3 0.1638888888888889 0.5703125 0.29444444444444445 0.15104166666666666
3 0.17037037037037037 0.7317708333333334 0.27037037037037037 0.146875
3 0.16203703703703703 0.8796875 0.29074074074074074 0.109375
3 0.4953703703703704 0.8796875 0.2833333333333333 0.10729166666666666
3 0.8351851851851853 0.8770833333333333 0.2740740740740741 0.11666666666666667
3 0.8324074074074075 0.7338541666666667 0.2388888888888889 0.16354166666666667
3 0.49259259259259264 0.734375 0.3 0.15833333333333333
3 0.49444444444444446 0.5697916666666667 0.2 0.15833333333333333
3 0.8314814814814815 0.5692708333333333 0.2851851851851852 0.08020833333333333
3 0.8296296296296297 0.40989583333333335 0.2555555555555556 0.15729166666666666
3 0.5018518518518519 0.40781249999999997 0.2814814814814815 0.12604166666666666
