5 0.913888888888889 0.18333333333333332 0.09444444444444444 0.052083333333333336
5 0.9175925925925926 0.2817708333333333 0.10185185185185186 0.05520833333333333
5 0.9175925925925926 0.3807291666666667 0.09444444444444444 0.053125
5 0.9166666666666667 0.4791666666666667 0.1 0.05
5 0.913888888888889 0.5770833333333333 0.10185185185185186 0.05416666666666667
5 0.9157407407407407 0.6765625 0.10555555555555556 0.051041666666666666
5 0.9175925925925926 0.7744791666666666 0.09444444444444444 0.053125
5 0.9157407407407407 0.8713541666666667 0.10185185185185186 0.051041666666666666
2 0.06851851851851852 0.07135416666666666 0.07777777777777778 0.03854166666666667
2 0.9305555555555556 0.0703125 0.07592592592592592 0.03854166666666667
7 0.33611111111111114 0.07135416666666666 0.3351851851851852 0.03229166666666666
7 0.23333333333333334 0.18541666666666667 0.4222222222222222 0.035416666666666666
7 0.1574074074074074 0.28489583333333335 0.2777777777777778 0.034375
7 0.1564814814814815 0.38229166666666664 0.27592592592592596 0.03333333333333333
7 0.2851851851851852 0.4822916666666667 0.5333333333333333 0.035416666666666666
7 0.22777777777777777 0.5786458333333333 0.4222222222222222 0.036458333333333336
7 0.18796296296296297 0.6776041666666667 0.3314814814814815 0.034375
7 0.1638888888888889 0.7765625 0.29444444444444445 0.034375
7 0.18888888888888888 0.8739583333333333 0.337037037037037 0.03333333333333333
