0 0.9231481481481482 0.24322916666666666 0.053703703703703705 0.03229166666666666
0 0.9240740740740742 0.5557291666666666 0.05555555555555556 0.03229166666666666
0 0.9231481481481482 0.6572916666666666 0.05740740740740741 0.03125
0 0.9231481481481482 0.9072916666666666 0.061111111111111116 0.03125
7 0.11018518518518519 0.06875 0.15 0.025
7 0.4083333333333333 0.13177083333333334 0.7462962962962963 0.053125
7 0.4083333333333333 0.24427083333333333 0.75 0.07395833333333333
7 0.28611111111111115 0.3567708333333333 0.5092592592592593 0.053125
7 0.2972222222222222 0.4588541666666667 0.5277777777777778 0.05520833333333333
7 0.4166666666666667 0.5588541666666667 0.7666666666666667 0.05520833333333333
7 0.37962962962962965 0.659375 0.6962962962962963 0.052083333333333336
7 0.4046296296296297 0.7598958333333333 0.7425925925925926 0.053125
7 0.17592592592592593 0.8453125 0.2888888888888889 0.021875
7 0.3277777777777778 0.9078125 0.6 0.04895833333333333
