7 0.30648148148148147 0.07161458333333333 0.26851851851851855 0.03177083333333333
2 0.06898148148148149 0.07005208333333333 0.049074074074074076 0.027604166666666666
7 0.08009259259259259 0.14453125 0.09166666666666667 0.0203125
7 0.19675925925925927 0.19479166666666667 0.3175925925925926 0.026041666666666668
7 0.27870370370370373 0.22317708333333333 0.4851851851851852 0.021354166666666667
6 0.913425925925926 0.20885416666666667 0.09351851851851853 0.0375
7 0.1851851851851852 0.296875 0.29814814814814816 0.026041666666666668
7 0.20416666666666666 0.34713541666666664 0.33055555555555555 0.0265625
7 0.41064814814814815 0.41901041666666666 0.7472222222222222 0.10989583333333333
6 0.9097222222222222 0.4028645833333333 0.09907407407407408 0.03697916666666667
7 0.18842592592592594 0.5354166666666667 0.3027777777777778 0.022916666666666665
7 0.41064814814814815 0.5861979166666667 0.7546296296296297 0.06822916666666666
6 0.9115740740740741 0.5703125 0.10462962962962963 0.0375
7 0.1925925925925926 0.6799479166666667 0.32222222222222224 0.024479166666666666
7 0.33564814814814814 0.7106770833333333 0.600925925925926 0.024479166666666666
6 0.9037037037037038 0.69296875 0.11481481481481481 0.03697916666666667
7 0.17500000000000002 0.7796875 0.2833333333333333 0.026041666666666668
7 0.18703703703703706 0.83046875 0.3092592592592593 0.024479166666666666
7 0.40972222222222227 0.8700520833333333 0.7546296296296297 0.043229166666666666
6 0.9101851851851852 0.8549479166666667 0.10555555555555556 0.033854166666666664
