7 0.33472222222222225 0.07369791666666667 0.4287037037037037 0.034895833333333334
2 0.06805555555555556 0.18046875 0.04537037037037037 0.0296875
7 0.45740740740740743 0.175 0.24074074074074076 0.04583333333333333
7 0.45833333333333337 0.22630208333333332 0.2351851851851852 0.025520833333333333
6 0.8898148148148148 0.18828125 0.17037037037037037 0.043229166666666666
7 0.28425925925925927 0.2739583333333333 0.4166666666666667 0.022916666666666665
2 0.06944444444444445 0.3546875 0.044444444444444446 0.03333333333333333
7 0.4601851851851852 0.34791666666666665 0.2425925925925926 0.046875
7 0.4601851851851852 0.3984375 0.2351851851851852 0.026041666666666668
6 0.8898148148148148 0.3606770833333333 0.17037037037037037 0.043229166666666666
7 0.28611111111111115 0.4473958333333333 0.42592592592592593 0.01875
7 0.061111111111111116 0.5578125 0.07222222222222223 0.02395833333333333
7 0.4462962962962963 0.53203125 0.32962962962962966 0.021354166666666667
6 0.8898148148148148 0.5299479166666666 0.17037037037037037 0.043229166666666666
2 0.061111111111111116 0.07109375 0.0462962962962963 0.03177083333333333
7 0.06805555555555556 0.21536458333333333 0.09537037037037037 0.0203125
2 0.03657407407407408 0.2739583333333333 0.036111111111111115 0.019791666666666666
2 0.038425925925925926 0.44557291666666665 0.032407407407407406 0.018229166666666668
7 0.06944444444444445 0.38828125 0.09444444444444444 0.019270833333333334
2 0.05787037037037037 0.52265625 0.05648148148148149 0.0296875
7 0.9185185185185185 0.18854166666666666 0.07222222222222223 0.020833333333333332
7 0.9180555555555556 0.3611979166666667 0.0712962962962963 0.018229166666666668
7 0.9162037037037037 0.5315104166666667 0.075 0.021354166666666667
7 0.500925925925926 0.6296875 0.12962962962962962 0.029166666666666667
