2 0.06851851851851852 0.0703125 0.05185185185185186 0.03333333333333333
7 0.3138888888888889 0.07369791666666667 0.3851851851851852 0.030729166666666665
7 0.5023148148148149 0.16067708333333333 0.8638888888888889 0.05364583333333333
7 0.09537037037037037 0.2203125 0.12407407407407407 0.027083333333333334
7 0.11435185185185186 0.2752604166666667 0.15833333333333333 0.028645833333333332
6 0.9074074074074074 0.27317708333333335 0.10185185185185186 0.04114583333333333
7 0.13240740740740742 0.35260416666666666 0.19444444444444445 0.03333333333333333
6 0.8921296296296297 0.34921875 0.09351851851851853 0.0359375
7 0.14722222222222223 0.4200520833333333 0.22777777777777777 0.0328125
6 0.9106481481481482 0.42213541666666665 0.10648148148148148 0.0328125
7 0.21944444444444444 0.49609375 0.3685185185185185 0.028645833333333332
6 0.8953703703703704 0.49583333333333335 0.09444444444444444 0.035416666666666666
7 0.14907407407407408 0.5713541666666666 0.22592592592592595 0.030208333333333334
6 0.8893518518518518 0.5684895833333333 0.09722222222222222 0.034895833333333334
7 0.12824074074074074 0.64296875 0.1787037037037037 0.0296875
6 0.9111111111111111 0.6427083333333333 0.09074074074074075 0.03854166666666667
7 0.22361111111111112 0.7174479166666666 0.375 0.028645833333333332
6 0.8916666666666667 0.7153645833333333 0.09444444444444444 0.034895833333333334
7 0.10925925925925926 0.790625 0.14814814814814814 0.028125
6 0.8944444444444445 0.78984375 0.1 0.03802083333333333
7 0.09583333333333334 0.8643229166666666 0.11018518518518519 0.027604166666666666
6 0.9097222222222222 0.8619791666666666 0.08981481481481482 0.034375
