0 0.9240740740740742 0.12708333333333333 0.07777777777777778 0.041666666666666664
0 0.9222222222222223 0.2015625 0.07037037037037037 0.03854166666666667
0 0.9212962962962963 0.2760416666666667 0.07222222222222223 0.041666666666666664
0 0.9222222222222223 0.3989583333333333 0.07037037037037037 0.041666666666666664
0 0.9203703703703704 0.4739583333333333 0.07407407407407407 0.04375
0 0.9231481481481482 0.55 0.06851851851851852 0.041666666666666664
0 0.9212962962962963 0.6229166666666667 0.07222222222222223 0.041666666666666664
7 0.1925925925925926 0.07760416666666667 0.31851851851851853 0.03229166666666666
7 0.17314814814814816 0.128125 0.2796296296296296 0.03125
7 0.17592592592592593 0.2015625 0.2925925925925926 0.028125
7 0.2101851851851852 0.2786458333333333 0.3574074074074074 0.03229166666666666
7 0.2712962962962963 0.35104166666666664 0.48703703703703705 0.027083333333333334
7 0.17037037037037037 0.4010416666666667 0.2962962962962963 0.03125
7 0.13148148148148148 0.47552083333333334 0.20740740740740743 0.030208333333333334
7 0.18703703703703706 0.5515625 0.3111111111111111 0.028125
7 0.24444444444444446 0.6255208333333333 0.42962962962962964 0.030208333333333334
7 0.14444444444444446 0.7119791666666666 0.23703703703703705 0.051041666666666666
7 0.11574074074074074 0.8130208333333333 0.1685185185185185 0.04895833333333333
7 0.16481481481481483 0.9010416666666666 0.25925925925925924 0.03333333333333333
