7 0.22916666666666669 0.07447916666666667 0.2138888888888889 0.03333333333333333
7 0.13564814814814816 0.17552083333333332 0.22314814814814815 0.025
2 0.9643518518518519 0.17447916666666666 0.02314814814814815 0.014583333333333334
7 0.21435185185185185 0.26458333333333334 0.3805555555555556 0.034375
2 0.9643518518518519 0.2638020833333333 0.02314814814814815 0.0140625
7 0.3212962962962963 0.35130208333333335 0.5944444444444444 0.0296875
2 0.9643518518518519 0.353125 0.02314814814814815 0.014583333333333334
7 0.21435185185185185 0.4419270833333333 0.3805555555555556 0.03177083333333333
2 0.9643518518518519 0.4427083333333333 0.02314814814814815 0.014583333333333334
7 0.30462962962962964 0.5330729166666667 0.5611111111111111 0.034895833333333334
2 0.9643518518518519 0.5322916666666666 0.02314814814814815 0.014583333333333334
2 0.061111111111111116 0.07135416666666666 0.04259259259259259 0.035416666666666666
