2 0.06851851851851852 0.071875 0.05185185185185186 0.029166666666666667
7 0.5074074074074074 0.07291666666666667 0.6814814814814815 0.03333333333333333
7 0.14444444444444446 0.409375 0.2111111111111111 0.041666666666666664
7 0.4759259259259259 0.409375 0.2111111111111111 0.035416666666666666
7 0.7777777777777778 0.40989583333333335 0.17407407407407408 0.040625
7 0.14351851851851852 0.7307291666666667 0.21296296296296297 0.021875
7 0.437962962962963 0.7390625 0.1388888888888889 0.040625
7 0.7842592592592593 0.7307291666666667 0.1685185185185185 0.021875
2 0.9240740740740742 0.07083333333333333 0.06296296296296297 0.03333333333333333
2 0.2898148148148148 0.409375 0.03888888888888889 0.035416666666666666
2 0.6129629629629629 0.4083333333333333 0.03333333333333333 0.03333333333333333
2 0.9407407407407408 0.4083333333333333 0.037037037037037035 0.03333333333333333
2 0.9435185185185185 0.740625 0.03888888888888889 0.03333333333333333
2 0.6166666666666667 0.7390625 0.037037037037037035 0.036458333333333336
2 0.28703703703703703 0.7411458333333333 0.02592592592592593 0.034375
3 0.17314814814814816 0.2484375 0.312962962962963 0.2635416666666667
3 0.5 0.2484375 0.3148148148148148 0.2635416666666667
3 0.825925925925926 0.24687499999999998 0.32222222222222224 0.26666666666666666
3 0.17037037037037037 0.5802083333333333 0.3148148148148148 0.2625
3 0.1712962962962963 0.8567708333333334 0.3092592592592593 0.15729166666666666
3 0.4990740740740741 0.5796875 0.32037037037037036 0.26145833333333335
3 0.8277777777777778 0.5807291666666666 0.31851851851851853 0.2635416666666667
3 0.825925925925926 0.8578125 0.31851851851851853 0.15729166666666666
3 0.49722222222222223 0.85625 0.312962962962963 0.15833333333333333
