2 0.8240740740740741 0.06614583333333333 0.061111111111111116 0.035416666666666666
7 0.37453703703703706 0.07083333333333333 0.3990740740740741 0.036458333333333336
2 0.06944444444444445 0.06953125 0.061111111111111116 0.0296875
2 0.08009259259259259 0.15442708333333333 0.13611111111111113 0.0765625
7 0.32083333333333336 0.15807291666666667 0.27314814814814814 0.028645833333333332
2 0.9481481481481482 0.15442708333333333 0.02962962962962963 0.01614583333333333
2 0.08009259259259259 0.23255208333333333 0.13611111111111113 0.0765625
7 0.2847222222222222 0.23359375 0.19907407407407407 0.027604166666666666
2 0.9481481481481482 0.23255208333333333 0.02962962962962963 0.01614583333333333
2 0.08009259259259259 0.3106770833333333 0.13611111111111113 0.0765625
7 0.26481481481481484 0.31588541666666664 0.1685185185185185 0.0328125
2 0.9481481481481482 0.3106770833333333 0.02962962962962963 0.01614583333333333
2 0.13842592592592592 0.3888020833333333 0.17500000000000002 0.0765625
7 0.437962962962963 0.3888020833333333 0.3462962962962963 0.025520833333333333
2 0.13842592592592592 0.4653645833333333 0.17500000000000002 0.0765625
7 0.47175925925925927 0.4653645833333333 0.4138888888888889 0.025520833333333333
2 0.13842592592592592 0.5419270833333333 0.17500000000000002 0.0765625
7 0.5560185185185186 0.5419270833333333 0.5824074074074075 0.025520833333333333
2 0.13842592592592592 0.6184895833333334 0.17500000000000002 0.0765625
7 0.4375 0.6184895833333334 0.3453703703703704 0.025520833333333333
2 0.13842592592592592 0.6950520833333333 0.17500000000000002 0.0765625
7 0.48750000000000004 0.6950520833333333 0.44537037037037036 0.025520833333333333
2 0.13842592592592592 0.7716145833333333 0.17500000000000002 0.0765625
7 0.6 0.7716145833333333 0.6703703703703704 0.025520833333333333
2 0.13842592592592592 0.834375 0.17500000000000002 0.04895833333333333
7 0.625925925925926 0.84140625 0.7222222222222222 0.034895833333333334
2 0.8930555555555556 0.80546875 0.13611111111111113 0.0765625
