7 0.18287037037037038 0.1171875 0.1824074074074074 0.028125
7 0.687962962962963 0.1171875 0.29814814814814816 0.028125
7 0.21574074074074076 0.14713541666666666 0.2537037037037037 0.0265625
7 0.6171296296296297 0.1484375 0.1564814814814815 0.025
7 0.21435185185185185 0.17708333333333334 0.25462962962962965 0.029166666666666667
7 0.5819444444444445 0.17786458333333333 0.09166666666666667 0.0265625
7 0.2199074074074074 0.20729166666666665 0.26944444444444443 0.027083333333333334
7 0.5972222222222222 0.20651041666666667 0.11666666666666667 0.027604166666666666
7 0.21435185185185185 0.23489583333333333 0.2638888888888889 0.026041666666666668
7 0.6680555555555556 0.2375 0.25833333333333336 0.025
2 0.07037037037037037 0.07135416666666666 0.06296296296296297 0.034375
7 0.23611111111111113 0.33619791666666665 0.41481481481481486 0.025520833333333333
7 0.750925925925926 0.33619791666666665 0.4981481481481482 0.025520833333333333
2 0.08472222222222223 0.425 0.13055555555555556 0.07395833333333333
7 0.24675925925925926 0.4270833333333333 0.13425925925925927 0.029166666666666667
2 0.08472222222222223 0.5265625 0.13055555555555556 0.07395833333333333
7 0.24537037037037038 0.5299479166666666 0.13148148148148148 0.03177083333333333
2 0.08472222222222223 0.628125 0.13055555555555556 0.07395833333333333
7 0.274537037037037 0.6161458333333333 0.18981481481481483 0.027083333333333334
7 0.2476851851851852 0.64296875 0.13611111111111113 0.0296875
2 0.08472222222222223 0.7296875 0.13055555555555556 0.07395833333333333
7 0.2537037037037037 0.73125 0.14814814814814814 0.028125
2 0.08472222222222223 0.8312499999999999 0.13055555555555556 0.07395833333333333
7 0.23287037037037037 0.8325520833333333 0.10648148148148148 0.027604166666666666
