5 0.2388888888888889 0.14817708333333332 0.06481481481481481 0.03802083333333333
5 0.23935185185185187 0.21354166666666666 0.06018518518518519 0.035416666666666666
5 0.2351851851851852 0.27838541666666666 0.06851851851851852 0.0359375
5 0.23611111111111113 0.34375 0.05925925925925926 0.03333333333333333
5 0.23750000000000002 0.4109375 0.06018518518518519 0.035416666666666666
5 0.23611111111111113 0.47682291666666665 0.061111111111111116 0.034895833333333334
5 0.23842592592592593 0.5419270833333333 0.062037037037037036 0.0328125
5 0.23796296296296296 0.60625 0.06296296296296297 0.035416666666666666
5 0.23657407407407408 0.6729166666666666 0.0638888888888889 0.03333333333333333
5 0.24074074074074076 0.7385416666666667 0.06296296296296297 0.035416666666666666
5 0.23703703703703705 0.8039062499999999 0.061111111111111116 0.034895833333333334
7 0.40324074074074073 0.09973958333333333 0.4046296296296297 0.03802083333333333
7 0.39675925925925926 0.14895833333333333 0.14722222222222223 0.025
7 0.39583333333333337 0.21744791666666666 0.14907407407407408 0.033854166666666664
7 0.40925925925925927 0.28151041666666665 0.1851851851851852 0.03177083333333333
7 0.4277777777777778 0.34661458333333334 0.22037037037037038 0.03802083333333333
7 0.40370370370370373 0.4125 0.16666666666666669 0.03333333333333333
7 0.4041666666666667 0.47630208333333335 0.1675925925925926 0.024479166666666666
7 0.4050925925925926 0.5440104166666666 0.17314814814814816 0.030729166666666665
7 0.39675925925925926 0.6075520833333333 0.1527777777777778 0.0265625
7 0.4356481481481482 0.6729166666666666 0.23055555555555557 0.026041666666666668
7 0.4467592592592593 0.7411458333333333 0.25277777777777777 0.028125
7 0.38981481481481484 0.8072916666666666 0.1388888888888889 0.03125
7 0.7134259259259259 0.875 0.1398148148148148 0.022916666666666665
