2 0.1337962962962963 0.21796875 0.24351851851851852 0.0765625
2 0.13333333333333333 0.21770833333333334 0.06481481481481481 0.036458333333333336
7 0.4462962962962963 0.19036458333333334 0.33333333333333337 0.028645833333333332
7 0.5574074074074075 0.21979166666666666 0.5555555555555556 0.025
2 0.1337962962962963 0.30755208333333334 0.24351851851851852 0.0765625
2 0.13333333333333333 0.3072916666666667 0.06481481481481481 0.036458333333333336
7 0.4935185185185185 0.28125 0.4277777777777778 0.026041666666666668
7 0.5666666666666667 0.309375 0.5740740740740741 0.025
2 0.1337962962962963 0.39765625 0.24351851851851852 0.0765625
2 0.13333333333333333 0.39739583333333334 0.06481481481481481 0.036458333333333336
7 0.4388888888888889 0.37109375 0.31851851851851853 0.0265625
7 0.5662037037037038 0.3997395833333333 0.5731481481481482 0.024479166666666666
2 0.1337962962962963 0.48723958333333334 0.24351851851851852 0.0765625
2 0.13333333333333333 0.4869791666666667 0.06481481481481481 0.036458333333333336
7 0.4462962962962963 0.4614583333333333 0.33333333333333337 0.025
7 0.5583333333333333 0.48932291666666666 0.5574074074074075 0.024479166666666666
2 0.1337962962962963 0.57734375 0.24351851851851852 0.0765625
2 0.13333333333333333 0.5770833333333333 0.06481481481481481 0.036458333333333336
7 0.4337962962962963 0.5502604166666667 0.30833333333333335 0.027604166666666666
7 0.5569444444444445 0.578125 0.5546296296296297 0.027083333333333334
2 0.1337962962962963 0.6669270833333333 0.24351851851851852 0.0765625
2 0.13333333333333333 0.6666666666666666 0.06481481481481481 0.036458333333333336
7 0.49259259259259264 0.640625 0.42592592592592593 0.026041666666666668
7 0.5671296296296297 0.6690104166666666 0.5750000000000001 0.0234375
2 0.1337962962962963 0.75703125 0.24351851851851852 0.0765625
2 0.13333333333333333 0.7567708333333333 0.06481481481481481 0.036458333333333336
7 0.45231481481481484 0.7302083333333333 0.3453703703703704 0.027083333333333334
7 0.5583333333333333 0.7596354166666667 0.5574074074074075 0.0234375
2 0.1337962962962963 0.8466145833333333 0.24351851851851852 0.0765625
2 0.13333333333333333 0.8463541666666666 0.06481481481481481 0.036458333333333336
7 0.500925925925926 0.8200520833333333 0.4425925925925926 0.0265625
7 0.5560185185185186 0.8484375 0.5527777777777778 0.025
2 0.1337962962962963 0.9127604166666666 0.24351851851851852 0.028645833333333332
7 0.4375 0.9096354166666667 0.31574074074074077 0.027604166666666666
2 0.12175925925925926 0.125 0.24166666666666667 0.04791666666666666
7 0.5717592592592593 0.125 0.15833333333333333 0.04791666666666666
2 0.9444444444444445 0.125 0.08518518518518518 0.034375
