7 0.12453703703703704 0.14192708333333334 0.11944444444444445 0.0296875
7 0.375 0.14192708333333334 0.06666666666666667 0.0296875
7 0.6240740740740741 0.14192708333333334 0.10925925925925926 0.0296875
7 0.8740740740740741 0.14192708333333334 0.11481481481481481 0.0296875
7 0.07546296296296297 0.3234375 0.08981481481481482 0.034375
2 0.23703703703703705 0.3690104166666667 0.412962962962963 0.0015625
2 0.49953703703703706 0.32421875 0.11203703703703705 0.06302083333333333
7 0.9467592592592593 0.3234375 0.04351851851851852 0.034375
7 0.1638888888888889 0.409375 0.26666666666666666 0.027083333333333334
2 0.06851851851851852 0.07109375 0.13518518518518519 0.0765625
7 0.5097222222222222 0.07083333333333333 0.1638888888888889 0.04479166666666667
2 0.9412037037037038 0.07109375 0.058333333333333334 0.0328125
5 0.04814814814814815 0.22604166666666667 0.05185185185185186 0.028125
5 0.39722222222222225 0.228125 0.05 0.027083333333333334
