7 0.3648148148148148 0.14244791666666667 0.6518518518518519 0.07760416666666667
3 0.8453703703703704 0.15729166666666666 0.23148148148148148 0.10104166666666667
7 0.07222222222222223 0.2 0.06666666666666667 0.021875
7 0.21851851851851853 0.19947916666666665 0.15925925925925927 0.017708333333333333
7 0.3648148148148148 0.28854166666666664 0.6518518518518519 0.07708333333333334
3 0.8453703703703704 0.30364583333333334 0.23148148148148148 0.10104166666666667
7 0.07222222222222223 0.3463541666666667 0.06666666666666667 0.021875
7 0.18935185185185185 0.346875 0.10092592592592593 0.019791666666666666
7 0.3092592592592593 0.43515624999999997 0.5407407407407407 0.07864583333333333
3 0.8453703703703704 0.44947916666666665 0.23148148148148148 0.10104166666666667
7 0.07222222222222223 0.4921875 0.06666666666666667 0.021875
7 0.2263888888888889 0.4940104166666667 0.17500000000000002 0.022395833333333334
7 0.3527777777777778 0.5755208333333334 0.6277777777777778 0.06666666666666667
3 0.8453703703703704 0.5958333333333333 0.23148148148148148 0.10104166666666667
7 0.07222222222222223 0.6385416666666667 0.06666666666666667 0.021875
7 0.2101851851851852 0.6395833333333333 0.1425925925925926 0.020833333333333332
7 0.3472222222222222 0.7268229166666667 0.6166666666666667 0.07760416666666667
3 0.8453703703703704 0.7416666666666667 0.23148148148148148 0.10104166666666667
7 0.07222222222222223 0.784375 0.06666666666666667 0.021875
7 0.2337962962962963 0.7869791666666667 0.18981481481481483 0.02395833333333333
7 0.3648148148148148 0.8533854166666667 0.6518518518518519 0.03802083333333333
3 0.8453703703703704 0.8549479166666667 0.23148148148148148 0.034895833333333334
2 0.951388888888889 0.05859375 0.09722222222222222 0.0515625
7 0.047685185185185185 0.058333333333333334 0.09351851851851853 0.026041666666666668
7 0.22916666666666669 0.058333333333333334 0.14907407407407408 0.026041666666666668
7 0.4513888888888889 0.058333333333333334 0.1787037037037037 0.026041666666666668
7 0.6574074074074074 0.058333333333333334 0.11296296296296297 0.026041666666666668
7 0.8319444444444445 0.058333333333333334 0.11388888888888889 0.026041666666666668
2 0.08796296296296297 0.9033854166666666 0.17407407407407408 0.06197916666666667
2 0.29305555555555557 0.9033854166666666 0.17500000000000002 0.06197916666666667
2 0.49953703703703706 0.9033854166666666 0.17500000000000002 0.06197916666666667
2 0.7060185185185186 0.9033854166666666 0.17500000000000002 0.06197916666666667
2 0.9125000000000001 0.9033854166666666 0.17500000000000002 0.06197916666666667
