2 0.06759259259259259 0.07057291666666667 0.06666666666666667 0.034895833333333334
7 0.28935185185185186 0.07083333333333333 0.287962962962963 0.036458333333333336
3 0.5097222222222222 0.3989583333333333 0.32685185185185184 0.5802083333333333
7 0.28240740740740744 0.7182291666666667 0.5407407407407407 0.03229166666666666
7 0.0837962962962963 0.7640625 0.14351851851851852 0.0375
7 0.8018518518518519 0.7791666666666667 0.22962962962962963 0.026041666666666668
7 0.05925925925925926 0.7934895833333333 0.09444444444444444 0.021354166666666667
7 0.1638888888888889 0.7934895833333333 0.09444444444444444 0.021354166666666667
7 0.06574074074074074 0.83203125 0.10740740740740741 0.0421875
2 0.16620370370370371 0.88515625 0.058333333333333334 0.0328125
7 0.16620370370370371 0.9132812499999999 0.275 0.022395833333333334
2 0.49953703703703706 0.8820312499999999 0.058333333333333334 0.0328125
7 0.49953703703703706 0.9114583333333334 0.275 0.026041666666666668
2 0.8328703703703704 0.88515625 0.058333333333333334 0.0328125
7 0.8328703703703704 0.9132812499999999 0.275 0.022395833333333334
2 0.500925925925926 0.6411458333333333 0.10925925925925926 0.02395833333333333
