7 0.4527777777777778 0.09557291666666666 0.7833333333333333 0.05677083333333333
7 0.5 0.18255208333333334 0.8777777777777778 0.07552083333333333
7 0.3814814814814815 0.26145833333333335 0.4462962962962963 0.05
7 0.39305555555555555 0.3296875 0.46944444444444444 0.05
7 0.26157407407407407 0.3984375 0.2064814814814815 0.05
7 0.2763888888888889 0.4666666666666667 0.23611111111111113 0.05
7 0.24027777777777778 0.5348958333333333 0.1638888888888889 0.05
7 0.2777777777777778 0.603125 0.2388888888888889 0.05
7 0.4476851851851852 0.671875 0.5787037037037037 0.05
7 0.2300925925925926 0.7401041666666667 0.14351851851851852 0.05
5 0.08564814814814815 0.259375 0.06574074074074074 0.0375
5 0.08750000000000001 0.33046875 0.0638888888888889 0.03802083333333333
5 0.08564814814814815 0.3989583333333333 0.058333333333333334 0.036458333333333336
5 0.08657407407407408 0.4669270833333333 0.06018518518518519 0.0328125
5 0.08842592592592594 0.5346354166666667 0.062037037037037036 0.0328125
5 0.08564814814814815 0.60234375 0.06759259259259259 0.0328125
5 0.08796296296296297 0.6713541666666667 0.061111111111111116 0.034375
5 0.08703703703703704 0.7401041666666667 0.061111111111111116 0.03854166666666667
