2 0.06296296296296297 0.43333333333333335 0.04814814814814815 0.027083333333333334
7 0.1449074074074074 0.43385416666666665 0.07685185185185185 0.026041666666666668
7 0.09583333333333334 0.50703125 0.09537037037037037 0.0328125
7 0.21157407407407408 0.50703125 0.13611111111111113 0.0328125
7 0.23842592592592593 0.5416666666666666 0.3805555555555556 0.026041666666666668
7 0.2449074074074074 0.5734375 0.39351851851851855 0.026041666666666668
3 0.500462962962963 0.7177083333333333 0.9990740740740741 0.21875
2 0.08703703703703704 0.8807291666666667 0.07777777777777778 0.04375
7 0.24444444444444446 0.8643229166666666 0.1388888888888889 0.019270833333333334
7 0.32685185185185184 0.8869791666666667 0.3037037037037037 0.026041666666666668
2 0.08703703703703704 0.9315104166666667 0.07777777777777778 0.005729166666666666
7 0.20185185185185187 0.9294270833333333 0.053703703703703705 0.009895833333333333
2 0.06851851851851852 0.07109375 0.13518518518518519 0.0765625
