2 0.06851851851851852 0.07109375 0.13518518518518519 0.0765625
7 0.2625 0.07083333333333333 0.23425925925925928 0.036458333333333336
7 0.14537037037037037 0.14322916666666666 0.25 0.0375
7 0.07592592592592592 0.2203125 0.09444444444444444 0.03229166666666666
7 0.10138888888888889 0.2903645833333333 0.13425925925925927 0.027604166666666666
7 0.12592592592592594 0.3611979166666667 0.18703703703703706 0.0265625
7 0.11064814814814815 0.434375 0.15092592592592594 0.027083333333333334
7 0.12916666666666668 0.50859375 0.19722222222222224 0.030729166666666665
7 0.08750000000000001 0.5802083333333333 0.11574074074074074 0.029166666666666667
7 0.16481481481481483 0.6518229166666667 0.28703703703703703 0.027604166666666666
7 0.11620370370370371 0.7229166666666667 0.16203703703703703 0.025
7 0.11712962962962964 0.7958333333333333 0.16203703703703703 0.022916666666666665
2 0.16620370370370371 0.8820312499999999 0.058333333333333334 0.0328125
7 0.16620370370370371 0.9114583333333334 0.275 0.026041666666666668
2 0.49953703703703706 0.88515625 0.058333333333333334 0.0328125
7 0.49953703703703706 0.9132812499999999 0.275 0.022395833333333334
2 0.8328703703703704 0.88515625 0.058333333333333334 0.0328125
7 0.8328703703703704 0.9132812499999999 0.275 0.022395833333333334
