7 0.49953703703703706 0.4875 0.7564814814814815 0.036458333333333336
7 0.49953703703703706 0.5184895833333333 0.7564814814814815 0.025520833333333333
7 0.17407407407407408 0.54453125 0.05740740740740741 0.0203125
7 0.5162037037037037 0.55546875 0.6268518518518519 0.0484375
2 0.06851851851851852 0.065625 0.07777777777777778 0.04375
2 0.10277777777777779 0.11692708333333333 0.061111111111111116 0.03177083333333333
7 0.10324074074074074 0.14375 0.0787037037037037 0.021875
2 0.3037037037037037 0.11692708333333333 0.061111111111111116 0.03177083333333333
7 0.3041666666666667 0.14375 0.0638888888888889 0.021875
2 0.5046296296296297 0.11692708333333333 0.061111111111111116 0.03177083333333333
7 0.5046296296296297 0.14375 0.07037037037037037 0.021875
2 0.7055555555555556 0.11692708333333333 0.061111111111111116 0.03177083333333333
7 0.7050925925925926 0.14375 0.10462962962962963 0.021875
2 0.9055555555555556 0.11692708333333333 0.061111111111111116 0.03177083333333333
7 0.9060185185185186 0.14375 0.10092592592592593 0.021875
