2 0.11064814814814815 0.17109375 0.125 0.0703125
7 0.5574074074074075 0.17447916666666666 0.6703703703703704 0.06875
2 0.11064814814814815 0.29453125 0.125 0.0703125
7 0.46435185185185185 0.29791666666666666 0.45833333333333337 0.0375
2 0.11064814814814815 0.4153645833333333 0.125 0.0703125
7 0.46064814814814814 0.4158854166666667 0.45092592592592595 0.0296875
2 0.11064814814814815 0.53828125 0.125 0.0703125
7 0.525 0.5434895833333333 0.6055555555555556 0.07135416666666666
2 0.11064814814814815 0.6638020833333333 0.125 0.0703125
7 0.5722222222222223 0.6692708333333334 0.7037037037037037 0.06770833333333333
2 0.11064814814814815 0.7872395833333333 0.125 0.0703125
7 0.34305555555555556 0.7885416666666667 0.22870370370370371 0.03229166666666666
2 0.11064814814814815 0.9125 0.125 0.04375
7 0.5032407407407408 0.8976562499999999 0.5509259259259259 0.034895833333333334
2 0.0712962962962963 0.07317708333333334 0.05740740740740741 0.034895833333333334
2 0.13657407407407407 0.07083333333333333 0.000925925925925926 0.042708333333333334
7 0.4759259259259259 0.07083333333333333 0.6777777777777778 0.03958333333333333
