7 0.5 0.08515625 0.9222222222222223 0.0015625
3 0.18796296296296297 0.1515625 0.29814814814814816 0.109375
3 0.49953703703703706 0.1515625 0.2990740740740741 0.109375
3 0.8111111111111111 0.1515625 0.3 0.109375
2 0.1125 0.265625 0.0638888888888889 0.035416666666666666
2 0.07037037037037037 0.265625 0.06296296296296297 0.035416666666666666
7 0.21712962962962964 0.2565104166666667 0.10648148148148148 0.018229166666666668
7 0.21666666666666667 0.275 0.10555555555555556 0.01875
7 0.36388888888888893 0.3208333333333333 0.65 0.059375
3 0.8273148148148148 0.35104166666666664 0.2675925925925926 0.109375
2 0.1125 0.46484375 0.0638888888888889 0.0359375
2 0.07037037037037037 0.46484375 0.06296296296296297 0.0359375
7 0.21712962962962964 0.45598958333333334 0.10648148148148148 0.018229166666666668
7 0.24166666666666667 0.47421874999999997 0.15555555555555556 0.018229166666666668
7 0.36388888888888893 0.5341145833333333 0.65 0.08697916666666666
3 0.8273148148148148 0.55 0.2675925925925926 0.109375
2 0.1125 0.6640625 0.0638888888888889 0.035416666666666666
2 0.07037037037037037 0.6640625 0.06296296296296297 0.035416666666666666
7 0.21712962962962964 0.6549479166666666 0.10648148148148148 0.018229166666666668
7 0.22314814814814815 0.6734375 0.11851851851851852 0.01875
7 0.36388888888888893 0.7330729166666666 0.65 0.08697916666666666
3 0.8273148148148148 0.7494791666666667 0.2675925925925926 0.109375
2 0.1125 0.8588541666666667 0.0638888888888889 0.027083333333333334
2 0.07037037037037037 0.8588541666666667 0.06296296296296297 0.027083333333333334
7 0.21712962962962964 0.8544270833333333 0.10648148148148148 0.018229166666666668
7 0.20972222222222223 0.86796875 0.09166666666666667 0.008854166666666666
2 0.951388888888889 0.05859375 0.09722222222222222 0.0515625
7 0.08703703703703704 0.058333333333333334 0.11296296296296297 0.026041666666666668
7 0.27824074074074073 0.058333333333333334 0.14907407407407408 0.026041666666666668
7 0.500462962962963 0.058333333333333334 0.1787037037037037 0.026041666666666668
7 0.7064814814814815 0.058333333333333334 0.11296296296296297 0.026041666666666668
7 0.8634259259259259 0.058333333333333334 0.0787037037037037 0.026041666666666668
2 0.08796296296296297 0.9033854166666666 0.17407407407407408 0.06197916666666667
2 0.29305555555555557 0.9033854166666666 0.17500000000000002 0.06197916666666667
2 0.49953703703703706 0.9033854166666666 0.17500000000000002 0.06197916666666667
2 0.7060185185185186 0.9033854166666666 0.17500000000000002 0.06197916666666667
2 0.9125000000000001 0.9033854166666666 0.17500000000000002 0.06197916666666667
