7 0.5 0.14739583333333334 0.4666666666666667 0.03854166666666667
2 0.12685185185185185 0.221875 0.1 0.04375
7 0.12685185185185185 0.2677083333333333 0.040740740740740744 0.034375
2 0.33611111111111114 0.221875 0.1 0.04375
7 0.3365740740740741 0.2677083333333333 0.12314814814814816 0.034375
2 0.5462962962962963 0.221875 0.1 0.04375
7 0.5458333333333334 0.2677083333333333 0.10833333333333334 0.034375
2 0.7555555555555555 0.221875 0.1 0.04375
7 0.7555555555555555 0.2677083333333333 0.10185185185185186 0.034375
2 0.9578703703703704 0.221875 0.08425925925925926 0.04375
7 0.9634259259259259 0.2677083333333333 0.07314814814814816 0.034375
7 0.49953703703703706 0.33098958333333334 0.35462962962962963 0.03802083333333333
2 0.12685185185185185 0.40520833333333334 0.1 0.04375
7 0.12685185185185185 0.4515625 0.16666666666666669 0.034375
2 0.33611111111111114 0.40520833333333334 0.1 0.04375
7 0.33611111111111114 0.4515625 0.16666666666666669 0.034375
2 0.5462962962962963 0.40520833333333334 0.1 0.04375
7 0.5458333333333334 0.4515625 0.10648148148148148 0.034375
2 0.7555555555555555 0.40520833333333334 0.1 0.04375
7 0.7555555555555555 0.4515625 0.04814814814814815 0.034375
2 0.9578703703703704 0.40520833333333334 0.08425925925925926 0.04375
7 0.9652777777777778 0.4515625 0.05277777777777778 0.034375
7 0.4990740740740741 0.5369791666666667 0.28703703703703703 0.03854166666666667
7 0.12638888888888888 0.57265625 0.10833333333333334 0.019270833333333334
2 0.12685185185185185 0.6109375 0.1 0.04375
7 0.12638888888888888 0.6572916666666666 0.08611111111111111 0.034375
2 0.33611111111111114 0.6109375 0.1 0.04375
7 0.33611111111111114 0.6572916666666666 0.040740740740740744 0.034375
2 0.5462962962962963 0.6109375 0.1 0.04375
7 0.5458333333333334 0.6572916666666666 0.07314814814814816 0.034375
2 0.7555555555555555 0.6109375 0.1 0.04375
7 0.7555555555555555 0.6572916666666666 0.061111111111111116 0.034375
2 0.9578703703703704 0.6109375 0.08425925925925926 0.04375
7 0.9555555555555556 0.6572916666666666 0.08888888888888889 0.034375
3 0.2611111111111111 0.7856770833333333 0.4740740740740741 0.1328125
3 0.7592592592592593 0.7856770833333333 0.4740740740740741 0.1328125
2 0.12453703703703704 0.8833333333333333 0.06759259259259259 0.042708333333333334
7 0.12453703703703704 0.9153645833333334 0.075 0.021354166666666667
2 0.37453703703703706 0.8833333333333333 0.06759259259259259 0.042708333333333334
7 0.3740740740740741 0.9153645833333334 0.053703703703703705 0.021354166666666667
2 0.6245370370370371 0.8833333333333333 0.06759259259259259 0.042708333333333334
7 0.6240740740740741 0.9153645833333334 0.07962962962962963 0.021354166666666667
2 0.8745370370370371 0.8799479166666666 0.06759259259259259 0.0359375
7 0.8740740740740741 0.9153645833333334 0.15925925925925927 0.021354166666666667
2 0.06851851851851852 0.07109375 0.13518518518518519 0.0765625
2 0.23333333333333334 0.07109375 0.19444444444444445 0.0546875
2 0.9412037037037038 0.07109375 0.058333333333333334 0.0328125
