7 0.12453703703703704 0.17994791666666665 0.15092592592592594 0.022395833333333334
7 0.37453703703703706 0.17994791666666665 0.14722222222222223 0.022395833333333334
7 0.6245370370370371 0.17994791666666665 0.09351851851851853 0.022395833333333334
7 0.8745370370370371 0.17994791666666665 0.14537037037037037 0.022395833333333334
7 0.49953703703703706 0.5401041666666666 0.24351851851851852 0.1625
7 0.21944444444444444 0.07083333333333333 0.14814814814814814 0.036458333333333336
2 0.06851851851851852 0.07109375 0.13518518518518519 0.0765625
2 0.08796296296296297 0.9033854166666666 0.17407407407407408 0.06197916666666667
2 0.29305555555555557 0.9033854166666666 0.17500000000000002 0.06197916666666667
2 0.49953703703703706 0.9033854166666666 0.17500000000000002 0.06197916666666667
2 0.7060185185185186 0.9033854166666666 0.17500000000000002 0.06197916666666667
2 0.9125000000000001 0.9033854166666666 0.17500000000000002 0.06197916666666667
