7 0.49953703703703706 0.14947916666666666 0.937962962962963 0.08020833333333333
7 0.09166666666666667 0.2640625 0.12222222222222223 0.029166666666666667
7 0.31157407407407406 0.2638020833333333 0.3175925925925926 0.028645833333333332
7 0.8564814814814815 0.2643229166666667 0.19814814814814816 0.0296875
7 0.16203703703703703 0.3567708333333333 0.26296296296296295 0.03125
7 0.16990740740740742 0.45546875 0.23055555555555557 0.028645833333333332
2 0.937962962962963 0.5494791666666666 0.061111111111111116 0.03229166666666666
7 0.1685185185185185 0.5526041666666667 0.27592592592592596 0.035416666666666666
2 0.06851851851851852 0.07109375 0.13518518518518519 0.0765625
2 0.13657407407407407 0.07083333333333333 0.000925925925925926 0.042708333333333334
7 0.3421296296296296 0.07083333333333333 0.4101851851851852 0.03958333333333333
7 0.9037037037037038 0.07057291666666667 0.12407407407407407 0.03802083333333333
5 0.050462962962962966 0.6255208333333333 0.04722222222222222 0.028125
5 0.21666666666666667 0.6260416666666666 0.04259259259259259 0.029166666666666667
