7 0.4990740740740741 0.190625 0.337037037037037 0.03333333333333333
7 0.49953703703703706 0.2638020833333333 0.28240740740740744 0.058854166666666666
7 0.7740740740740741 0.3716145833333333 0.11481481481481481 0.024479166666666666
7 0.7486111111111111 0.4145833333333333 0.15833333333333333 0.022916666666666665
7 0.7597222222222223 0.4578125 0.13425925925925927 0.02395833333333333
7 0.7601851851851852 0.5026041666666666 0.12962962962962962 0.026041666666666668
7 0.7796296296296297 0.5466145833333333 0.0962962962962963 0.0265625
2 0.17916666666666667 0.63359375 0.058333333333333334 0.0328125
7 0.7722222222222223 0.6359375 0.09814814814814815 0.030208333333333334
2 0.17916666666666667 0.67734375 0.058333333333333334 0.0328125
7 0.7393518518518519 0.6794270833333333 0.1712962962962963 0.0359375
2 0.17916666666666667 0.72109375 0.058333333333333334 0.0328125
7 0.7657407407407407 0.7221354166666667 0.12407407407407407 0.033854166666666664
7 0.7842592592592593 0.7752604166666667 0.06481481481481481 0.030729166666666665
7 0.35879629629629634 0.3703125 0.21203703703703705 0.027083333333333334
7 0.31157407407407406 0.41354166666666664 0.12314814814814816 0.022916666666666665
7 0.34444444444444444 0.45729166666666665 0.19444444444444445 0.027083333333333334
7 0.30648148148148147 0.5028645833333333 0.11481481481481481 0.0234375
7 0.37592592592592594 0.54765625 0.2518518518518519 0.024479166666666666
7 0.3287037037037037 0.6354166666666666 0.2 0.026041666666666668
7 0.3509259259259259 0.6783854166666666 0.2388888888888889 0.0265625
7 0.325 0.7231770833333333 0.18888888888888888 0.024479166666666666
