7 0.28098958333333335 0.13518518518518519 0.08802083333333333 0.05740740740740741
7 0.28125 0.1875 0.3125 0.04722222222222222
7 0.28098958333333335 0.13518518518518519 0.08177083333333333 0.05740740740740741
7 0.28098958333333335 0.1875 0.3151041666666667 0.04722222222222222
2 0.05260416666666667 1.4319444444444445 0.029166666666666667 0.049074074074074076
2 0.21041666666666667 1.3675925925925927 0.1 0.17777777777777778
2 0.3515625 1.3675925925925927 0.1 0.17777777777777778
7 0.35130208333333335 1.2208333333333334 0.0484375 0.06759259259259259
2 0.5096354166666667 1.4319444444444445 0.028645833333333332 0.049074074074074076
2 0.08020833333333333 1.5925925925925926 0.04375 0.07777777777777778
2 0.2140625 1.5925925925925926 0.04375 0.07777777777777778
2 0.34739583333333335 1.5925925925925926 0.04375 0.07777777777777778
2 0.48125 1.5925925925925926 0.04375 0.07777777777777778
2 0.03828125 0.12638888888888888 0.0765625 0.13611111111111113
