2 0.9125000000000001 0.7466145833333333 0.09722222222222222 0.0546875
2 0.9125000000000001 0.8231770833333333 0.09722222222222222 0.0546875
2 0.0787037037037037 0.07109375 0.10925925925925926 0.0765625
2 0.18842592592592594 0.07109375 0.11018518518518519 0.0765625
7 0.3175925925925926 0.07395833333333333 0.12592592592592594 0.027083333333333334
7 0.6319444444444444 0.07161458333333333 0.058333333333333334 0.0296875
2 0.7310185185185185 0.07109375 0.11018518518518519 0.0765625
2 0.8486111111111111 0.07109375 0.09722222222222222 0.0546875
2 0.9458333333333334 0.07109375 0.09722222222222222 0.0546875
2 0.08796296296296297 0.9033854166666666 0.17407407407407408 0.06197916666666667
2 0.29305555555555557 0.9033854166666666 0.17500000000000002 0.06197916666666667
2 0.49953703703703706 0.9033854166666666 0.17500000000000002 0.06197916666666667
2 0.7060185185185186 0.9033854166666666 0.17500000000000002 0.06197916666666667
2 0.9125000000000001 0.9033854166666666 0.17500000000000002 0.06197916666666667
