7 0.26481481481481484 0.07083333333333333 0.17962962962962964 0.036458333333333336
2 0.06620370370370371 0.07083333333333333 0.05462962962962963 0.03229166666666666
7 0.22777777777777777 0.14609375 0.37777777777777777 0.0296875
7 0.12407407407407407 0.22109375 0.17037037037037037 0.0296875
7 0.29305555555555557 0.2598958333333333 0.5083333333333333 0.04791666666666666
7 0.1902777777777778 0.34401041666666665 0.3027777777777778 0.0296875
7 0.1486111111111111 0.3716145833333333 0.21944444444444444 0.025520833333333333
7 0.3458333333333333 0.44453125 0.6138888888888889 0.0296875
7 0.09583333333333334 0.47239583333333335 0.11388888888888889 0.026041666666666668
7 0.18611111111111112 0.5455729166666666 0.29444444444444445 0.0296875
7 0.13657407407407407 0.5731770833333333 0.1953703703703704 0.025520833333333333
0 0.9222222222222223 0.5583333333333333 0.07777777777777778 0.04375
7 0.17222222222222222 0.64609375 0.26666666666666666 0.0296875
7 0.37592592592592594 0.6739583333333333 0.674074074074074 0.026041666666666668
0 0.9222222222222223 0.659375 0.07777777777777778 0.04375
