7 0.20092592592592592 0.17760416666666667 0.34074074074074073 0.03229166666666666
7 0.8597222222222223 0.2703125 0.09907407407407408 0.028125
7 0.20972222222222223 0.27265625 0.35833333333333334 0.0265625
7 0.7462962962962963 0.3265625 0.33333333333333337 0.030208333333333334
7 0.513425925925926 0.39088541666666665 0.9027777777777778 0.06302083333333333
2 0.337037037037037 0.47031249999999997 0.08148148148148149 0.034375
7 0.5398148148148149 0.47421874999999997 0.32407407407407407 0.0421875
7 0.4990740740740741 0.5854166666666667 0.10740740740740741 0.03333333333333333
2 0.06851851851851852 0.07109375 0.13518518518518519 0.0765625
2 0.13657407407407407 0.07083333333333333 0.000925925925925926 0.042708333333333334
7 0.31574074074074077 0.07083333333333333 0.3574074074074074 0.03958333333333333
7 0.8796296296296297 0.07057291666666667 0.17222222222222222 0.03802083333333333
