2 0.12962962962962962 0.14427083333333332 0.22962962962962963 0.02395833333333333
2 0.05324074074074074 0.06640625 0.058333333333333334 0.0328125
7 0.15324074074074073 0.19973958333333333 0.30462962962962964 0.034895833333333334
7 0.050462962962962966 0.23567708333333334 0.09907407407407408 0.025520833333333333
7 0.1476851851851852 0.2934895833333333 0.2935185185185185 0.034895833333333334
7 0.028240740740740743 0.3294270833333333 0.05462962962962963 0.025520833333333333
7 0.13611111111111113 0.3872395833333333 0.27037037037037037 0.034895833333333334
7 0.049074074074074076 0.4231770833333333 0.0962962962962963 0.025520833333333333
7 0.21712962962962964 0.50390625 0.4324074074074074 0.0265625
7 0.1574074074074074 0.5486979166666667 0.312962962962963 0.034895833333333334
7 0.040740740740740744 0.5846354166666666 0.07962962962962963 0.025520833333333333
7 0.24351851851851852 0.6424479166666667 0.4851851851851852 0.034895833333333334
7 0.3421296296296296 0.6783854166666666 0.6824074074074075 0.025520833333333333
6 0.9240740740740742 0.6591145833333333 0.10370370370370371 0.04114583333333333
7 0.15231481481481482 0.7361979166666667 0.3027777777777778 0.034895833333333334
7 0.36574074074074076 0.7721354166666666 0.7296296296296296 0.025520833333333333
6 0.9226851851851853 0.7528645833333333 0.11018518518518519 0.0390625
7 0.22916666666666669 0.8299479166666667 0.4564814814814815 0.034895833333333334
7 0.4273148148148148 0.88671875 0.8527777777777779 0.0671875
6 0.9231481481481482 0.8674479166666667 0.10185185185185186 0.0390625
