7 0.12453703703703704 0.14192708333333334 0.11944444444444445 0.0296875
7 0.375 0.14192708333333334 0.06666666666666667 0.0296875
7 0.6240740740740741 0.14192708333333334 0.10925925925925926 0.0296875
7 0.8740740740740741 0.14192708333333334 0.11481481481481481 0.0296875
7 0.0912037037037037 0.21588541666666666 0.08981481481481482 0.0296875
7 0.14675925925925926 0.2583333333333333 0.20092592592592592 0.03333333333333333
2 0.4990740740740741 0.25234375 0.053703703703703705 0.0296875
7 0.9314814814814815 0.21588541666666666 0.04259259259259259 0.0296875
7 0.8907407407407407 0.2583333333333333 0.12407407407407407 0.03333333333333333
7 0.15555555555555556 0.3690104166666667 0.21851851851851853 0.025520833333333333
7 0.18842592592592594 0.40963541666666664 0.28425925925925927 0.033854166666666664
3 0.49953703703703706 0.7265625 0.9064814814814816 0.2989583333333333
2 0.06851851851851852 0.07109375 0.13518518518518519 0.0765625
2 0.13657407407407407 0.07083333333333333 0.000925925925925926 0.042708333333333334
7 0.5097222222222222 0.07083333333333333 0.1638888888888889 0.04479166666666667
2 0.9412037037037038 0.07109375 0.058333333333333334 0.0328125
