7 0.24027777777777778 0.14791666666666667 0.42129629629629634 0.03229166666666666
7 0.8662037037037037 0.1453125 0.18981481481481483 0.028125
7 0.11574074074074074 0.2859375 0.13333333333333333 0.027083333333333334
0 0.07777777777777778 0.3515625 0.07777777777777778 0.04375
7 0.34444444444444444 0.35182291666666665 0.45555555555555555 0.0296875
0 0.07777777777777778 0.4401041666666667 0.07777777777777778 0.04375
7 0.2587962962962963 0.43984375 0.28425925925925927 0.0296875
0 0.07777777777777778 0.528125 0.07777777777777778 0.04375
7 0.5388888888888889 0.5408854166666667 0.8444444444444444 0.05572916666666666
0 0.07777777777777778 0.6421875 0.07777777777777778 0.04375
7 0.4902777777777778 0.6419270833333334 0.7472222222222222 0.0296875
0 0.07777777777777778 0.7302083333333333 0.07777777777777778 0.04375
7 0.5388888888888889 0.7427083333333333 0.8444444444444444 0.05520833333333333
7 0.10046296296296296 0.8221354166666667 0.19907407407407407 0.025520833333333333
0 0.07777777777777778 0.8885416666666667 0.07777777777777778 0.04375
7 0.20833333333333334 0.88828125 0.18333333333333335 0.0296875
7 0.24027777777777778 0.07083333333333333 0.18981481481481483 0.036458333333333336
2 0.0699074074074074 0.07239583333333333 0.06574074074074074 0.030208333333333334
