2 0.06851851851851852 0.07109375 0.13518518518518519 0.0765625
7 0.28935185185185186 0.07083333333333333 0.287962962962963 0.036458333333333336
2 0.11898148148148148 0.13359375 0.2138888888888889 0.04635416666666667
7 0.3189814814814815 0.13671875 0.13796296296296298 0.0546875
7 0.6856481481481482 0.13645833333333332 0.36944444444444446 0.026041666666666668
7 0.49953703703703706 0.18776041666666665 0.9898148148148148 0.04739583333333333
3 0.2518518518518519 0.41875 0.4851851851851852 0.409375
7 0.11157407407407408 0.6364583333333333 0.20462962962962963 0.026041666666666668
7 0.17962962962962964 0.66171875 0.34074074074074073 0.024479166666666666
7 0.0699074074074074 0.6869791666666667 0.09537037037037037 0.026041666666666668
7 0.17777777777777778 0.6877604166666667 0.09444444444444444 0.021354166666666667
3 0.7472222222222222 0.41875 0.4851851851851852 0.409375
7 0.6069444444444445 0.6364583333333333 0.20462962962962963 0.026041666666666668
7 0.6824074074074075 0.66171875 0.35555555555555557 0.024479166666666666
7 0.5648148148148149 0.6869791666666667 0.0962962962962963 0.026041666666666668
7 0.6722222222222223 0.6877604166666667 0.09444444444444444 0.021354166666666667
3 0.2518518518518519 0.7919270833333333 0.4851851851851852 0.13177083333333334
3 0.7472222222222222 0.7919270833333333 0.4851851851851852 0.13177083333333334
2 0.16620370370370371 0.88515625 0.058333333333333334 0.0328125
7 0.16620370370370371 0.9132812499999999 0.275 0.022395833333333334
2 0.49953703703703706 0.8820312499999999 0.058333333333333334 0.0328125
7 0.49953703703703706 0.9114583333333334 0.275 0.026041666666666668
2 0.8328703703703704 0.88515625 0.058333333333333334 0.0328125
7 0.8328703703703704 0.9132812499999999 0.275 0.022395833333333334
