2 0.1125 0.33229166666666665 0.0638888888888889 0.035416666666666666
2 0.07037037037037037 0.33229166666666665 0.06296296296296297 0.035416666666666666
7 0.21712962962962964 0.3234375 0.10648148148148148 0.01875
7 0.21805555555555556 0.3419270833333333 0.10833333333333334 0.018229166666666668
7 0.36388888888888893 0.4015625 0.65 0.0875
3 0.8273148148148148 0.41770833333333335 0.2675925925925926 0.109375
7 0.899537037037037 0.5338541666666666 0.07314814814814816 0.020833333333333332
2 0.9486111111111112 0.53359375 0.025 0.0140625
7 0.11944444444444445 0.5328125 0.16111111111111112 0.03333333333333333
3 0.3388888888888889 0.6544270833333333 0.6 0.17760416666666667
7 0.3388888888888889 0.7838541666666666 0.5425925925925926 0.04895833333333333
7 0.13796296296296298 0.840625 0.14074074074074075 0.01875
3 0.8342592592592593 0.6544270833333333 0.3314814814814815 0.17760416666666667
7 0.8486111111111111 0.7838541666666666 0.3027777777777778 0.04895833333333333
7 0.7907407407407407 0.840625 0.18703703703703706 0.01875
2 0.4990740740740741 0.11067708333333333 0.2962962962962963 0.0546875
2 0.9458333333333334 0.07109375 0.09722222222222222 0.0546875
2 0.951388888888889 0.27447916666666666 0.09722222222222222 0.052083333333333336
7 0.08703703703703704 0.27447916666666666 0.11296296296296297 0.026041666666666668
7 0.27824074074074073 0.27447916666666666 0.14907407407407408 0.026041666666666668
7 0.500462962962963 0.27447916666666666 0.1787037037037037 0.026041666666666668
7 0.7064814814814815 0.27447916666666666 0.11296296296296297 0.026041666666666668
7 0.8634259259259259 0.27447916666666666 0.0787037037037037 0.026041666666666668
2 0.08796296296296297 0.9033854166666666 0.17407407407407408 0.06197916666666667
2 0.29305555555555557 0.9033854166666666 0.17500000000000002 0.06197916666666667
2 0.49953703703703706 0.9033854166666666 0.17500000000000002 0.06197916666666667
2 0.7060185185185186 0.9033854166666666 0.17500000000000002 0.06197916666666667
2 0.9125000000000001 0.9033854166666666 0.17500000000000002 0.06197916666666667
4 0.49722222222222223 0.20130208333333333 0.9333333333333333 0.07760416666666667
7 0.24212962962962964 0.20130208333333333 0.3731481481481482 0.022395833333333334
