2 0.04609375 0.13611111111111113 0.06822916666666666 0.12222222222222223
7 0.21015625 0.11620370370370371 0.2359375 0.05648148148148149
7 0.21015625 0.16435185185185186 0.2359375 0.03981481481481482
2 0.37057291666666664 0.13611111111111113 0.07864583333333333 0.15555555555555556
2 0.20494791666666667 0.27037037037037037 0.40989583333333335 0.11296296296296297
2 0.20494791666666667 0.38287037037037036 0.40989583333333335 0.11203703703703705
2 0.20494791666666667 0.4953703703703704 0.40989583333333335 0.11296296296296297
2 0.20494791666666667 0.6078703703703704 0.40989583333333335 0.11203703703703705
2 0.20494791666666667 0.7203703703703704 0.40989583333333335 0.11296296296296297
2 0.20494791666666667 0.8328703703703704 0.40989583333333335 0.11203703703703705
2 0.20494791666666667 0.9453703703703704 0.40989583333333335 0.11296296296296297
7 0.37005208333333334 0.9476851851851852 0.05260416666666667 0.06759259259259259
2 0.20494791666666667 1.0578703703703705 0.40989583333333335 0.11203703703703705
2 0.20494791666666667 1.1703703703703705 0.40989583333333335 0.11296296296296297
2 0.20494791666666667 1.2828703703703703 0.40989583333333335 0.11203703703703705
2 0.20494791666666667 1.3953703703703704 0.40989583333333335 0.11296296296296297
2 0.20494791666666667 1.5125 0.40989583333333335 0.09722222222222222
2 0.44947916666666665 0.11574074074074074 0.065625 0.0925925925925926
7 0.47421874999999997 0.11574074074074074 0.0109375 0.0925925925925926
7 0.53828125 0.11666666666666667 0.0484375 0.11666666666666667
2 0.48593749999999997 0.22962962962962963 0.14375 0.09444444444444444
2 0.56015625 0.22962962962962963 0.0046875 0.09444444444444444
2 0.4848958333333333 0.4185185185185185 0.13645833333333332 0.2425925925925926
2 0.4848958333333333 0.4185185185185185 0.13645833333333332 0.2425925925925926
2 0.4848958333333333 0.7412037037037037 0.13645833333333332 0.24351851851851852
2 0.4848958333333333 0.7412037037037037 0.13645833333333332 0.24351851851851852
2 0.4848958333333333 1.064351851851852 0.13645833333333332 0.24351851851851852
2 0.4848958333333333 1.064351851851852 0.13645833333333332 0.24351851851851852
2 0.4848958333333333 1.387037037037037 0.13645833333333332 0.2425925925925926
2 0.4848958333333333 1.387037037037037 0.13645833333333332 0.2425925925925926
2 0.4848958333333333 1.625 0.13645833333333332 0.07222222222222223
2 0.4848958333333333 1.625 0.13645833333333332 0.07222222222222223
