7 0.17453703703703705 0.13177083333333334 0.30092592592592593 0.03958333333333333
2 0.36574074074074076 0.8247395833333333 0.2425925925925926 0.13697916666666665
2 0.6328703703703704 0.8247395833333333 0.24351851851851852 0.13697916666666665
2 0.08472222222222223 0.8861979166666667 0.1212962962962963 0.06822916666666666
7 0.4990740740740741 0.24921875 0.6814814814814815 0.0359375
2 0.49953703703703706 0.3658854166666667 0.2916666666666667 0.1640625
7 0.49953703703703706 0.49166666666666664 0.950925925925926 0.05520833333333333
7 0.49953703703703706 0.55703125 0.9027777777777778 0.0484375
7 0.5032407407407408 0.6299479166666666 0.33425925925925926 0.027604166666666666
7 0.5018518518518519 0.70625 0.20555555555555557 0.026041666666666668
