7 0.41481481481481486 0.25286458333333334 0.7666666666666667 0.06302083333333333
7 0.4949074074074074 0.8916666666666666 0.287962962962963 0.026041666666666668
2 0.06296296296296297 0.14479166666666665 0.08703703703703704 0.04895833333333333
7 0.20370370370370372 0.13854166666666667 0.15555555555555556 0.019791666666666666
7 0.16481481481481483 0.15572916666666667 0.07777777777777778 0.014583333333333334
7 0.49953703703703706 0.1453125 0.08981481481481482 0.028125
7 0.7777777777777778 0.13697916666666665 0.19074074074074074 0.021875
7 0.8324074074074075 0.15625 0.08148148148148149 0.015625
2 0.9365740740740741 0.14479166666666665 0.08796296296296297 0.04895833333333333
2 0.06620370370370371 0.07057291666666667 0.058333333333333334 0.0328125
7 0.25462962962962965 0.07083333333333333 0.21851851851851853 0.036458333333333336
5 0.11064814814814815 0.45234375 0.05648148148148149 0.033854166666666664
5 0.11111111111111112 0.5229166666666667 0.05740740740740741 0.034375
5 0.1125 0.5966145833333333 0.06018518518518519 0.0328125
5 0.11064814814814815 0.6692708333333334 0.062037037037037036 0.03229166666666666
7 0.2087962962962963 0.45260416666666664 0.08055555555555556 0.020833333333333332
7 0.21805555555555556 0.5244791666666666 0.09537037037037037 0.026041666666666668
7 0.18611111111111112 0.5981770833333333 0.03333333333333333 0.024479166666666666
7 0.2162037037037037 0.6716145833333333 0.09351851851851853 0.0203125
