2 0.10555555555555556 0.16171875 0.18333333333333335 0.10260416666666666
7 0.28240740740740744 0.11770833333333333 0.1425925925925926 0.022916666666666665
7 0.3509259259259259 0.16354166666666667 0.07777777777777778 0.026041666666666668
7 0.350462962962963 0.1875 0.14351851851851852 0.021875
7 0.5972222222222222 0.16354166666666667 0.03888888888888889 0.026041666666666668
7 0.5972222222222222 0.1875 0.08333333333333334 0.021875
7 0.8449074074074074 0.16354166666666667 0.019444444444444445 0.026041666666666668
7 0.8444444444444444 0.1875 0.18333333333333335 0.021875
7 0.08750000000000001 0.26171875 0.09722222222222222 0.0296875
7 0.5 0.4119791666666667 0.9222222222222223 0.2708333333333333
7 0.07685185185185185 0.56953125 0.0462962962962963 0.0296875
7 0.07731481481481482 0.5953125 0.07685185185185185 0.021875
7 0.18333333333333335 0.56953125 0.08888888888888889 0.0296875
7 0.18333333333333335 0.5953125 0.10555555555555556 0.021875
7 0.287962962962963 0.56953125 0.022222222222222223 0.0296875
7 0.28750000000000003 0.5953125 0.075 0.021875
7 0.7111111111111111 0.58046875 0.044444444444444446 0.0296875
2 0.7773148148148148 0.5802083333333333 0.08796296296296297 0.04895833333333333
7 0.850925925925926 0.58046875 0.044444444444444446 0.0296875
2 0.9171296296296296 0.5802083333333333 0.08796296296296297 0.04895833333333333
7 0.12407407407407407 0.675 0.20925925925925926 0.065625
7 0.3740740740740741 0.675 0.20925925925925926 0.065625
7 0.6245370370370371 0.675 0.2101851851851852 0.065625
7 0.875 0.675 0.2111111111111111 0.065625
2 0.07268518518518519 0.74921875 0.1212962962962963 0.06822916666666666
7 0.23935185185185187 0.7278645833333334 0.13425925925925927 0.025520833333333333
7 0.437962962962963 0.7606770833333333 0.5314814814814816 0.022395833333333334
7 0.250462962962963 0.78984375 0.1564814814814815 0.022395833333333334
2 0.07268518518518519 0.84921875 0.1212962962962963 0.06822916666666666
7 0.28055555555555556 0.8278645833333333 0.21666666666666667 0.025520833333333333
7 0.5796296296296296 0.8919270833333334 0.8148148148148149 0.08489583333333334
2 0.01990740740740741 0.065625 0.03796296296296296 0.021875
2 0.046759259259259264 0.06536458333333334 0.03425925925925926 0.019270833333333334
2 0.9310185185185186 0.06510416666666667 0.06574074074074074 0.03854166666666667
