2 0.059722222222222225 0.06901041666666667 0.0712962962962963 0.04010416666666666
7 0.4990740740740741 0.06927083333333334 0.39814814814814814 0.03958333333333333
2 0.9393518518518519 0.06901041666666667 0.0712962962962963 0.04010416666666666
2 0.08009259259259259 0.13854166666666667 0.11574074074074074 0.065625
2 0.2152777777777778 0.13854166666666667 0.15462962962962964 0.065625
7 0.9115740740740741 0.18854166666666666 0.13055555555555556 0.034375
3 0.17314814814814816 0.30104166666666665 0.31851851851851853 0.17916666666666667
2 0.17314814814814816 0.30104166666666665 0.10555555555555556 0.059375
7 0.17314814814814816 0.37109375 0.31851851851851853 0.0390625
3 0.4990740740740741 0.30104166666666665 0.31851851851851853 0.17916666666666667
2 0.4990740740740741 0.30104166666666665 0.10555555555555556 0.059375
7 0.4990740740740741 0.37109375 0.31851851851851853 0.0390625
3 0.825925925925926 0.30104166666666665 0.31851851851851853 0.17916666666666667
2 0.8250000000000001 0.30104166666666665 0.10555555555555556 0.059375
7 0.825925925925926 0.37109375 0.31851851851851853 0.0390625
3 0.17314814814814816 0.484375 0.31851851851851853 0.17916666666666667
2 0.17314814814814816 0.484375 0.10555555555555556 0.059375
7 0.17314814814814816 0.5544270833333333 0.31851851851851853 0.0390625
3 0.4990740740740741 0.484375 0.31851851851851853 0.17916666666666667
2 0.4990740740740741 0.484375 0.10555555555555556 0.059375
7 0.4990740740740741 0.5544270833333333 0.31851851851851853 0.0390625
3 0.825925925925926 0.484375 0.31851851851851853 0.17916666666666667
7 0.825925925925926 0.5544270833333333 0.31851851851851853 0.0390625
2 0.17314814814814816 0.6677083333333333 0.31851851851851853 0.17916666666666667
7 0.17314814814814816 0.7377604166666667 0.31851851851851853 0.0390625
