7 0.24953703703703706 0.12890625 0.3824074074074074 0.0328125
7 0.09675925925925927 0.15833333333333333 0.07685185185185185 0.026041666666666668
7 0.24953703703703706 0.2171875 0.3824074074074074 0.03333333333333333
7 0.2587962962962963 0.24661458333333333 0.40092592592592596 0.025520833333333333
7 0.27824074074074073 0.30546875 0.4398148148148148 0.0328125
7 0.29444444444444445 0.33489583333333334 0.47222222222222227 0.026041666666666668
0 0.8777777777777778 0.31875 0.07777777777777778 0.04375
7 0.1537037037037037 0.39375 0.19074074074074074 0.03333333333333333
7 0.24675925925925926 0.4231770833333333 0.3768518518518519 0.025520833333333333
7 0.2162037037037037 0.4947916666666667 0.31574074074074077 0.03333333333333333
7 0.2425925925925926 0.5833333333333334 0.3685185185185185 0.03333333333333333
7 0.26481481481481484 0.6713541666666667 0.412962962962963 0.03333333333333333
7 0.1875 0.7598958333333333 0.25833333333333336 0.03333333333333333
7 0.24444444444444446 0.8479166666666667 0.37222222222222223 0.03333333333333333
7 0.13148148148148148 0.9205729166666666 0.1462962962962963 0.027604166666666666
2 0.01990740740740741 0.065625 0.03796296296296296 0.021875
2 0.06851851851851852 0.065625 0.07777777777777778 0.04375
7 0.1962962962962963 0.06510416666666667 0.15925925925925927 0.03333333333333333
