2 0.10555555555555556 0.16171875 0.18333333333333335 0.10260416666666666
7 0.2884259259259259 0.11927083333333333 0.15462962962962964 0.026041666666666668
7 0.3509259259259259 0.16354166666666667 0.07777777777777778 0.026041666666666668
7 0.350462962962963 0.1875 0.14351851851851852 0.021875
7 0.5972222222222222 0.16354166666666667 0.03888888888888889 0.026041666666666668
7 0.5972222222222222 0.1875 0.08333333333333334 0.021875
7 0.8449074074074074 0.16354166666666667 0.019444444444444445 0.026041666666666668
7 0.8444444444444444 0.1875 0.18333333333333335 0.021875
7 0.08750000000000001 0.26171875 0.09722222222222222 0.0296875
7 0.5 0.4119791666666667 0.9222222222222223 0.2708333333333333
7 0.07685185185185185 0.56953125 0.0462962962962963 0.0296875
7 0.07731481481481482 0.5953125 0.07685185185185185 0.021875
7 0.18333333333333335 0.56953125 0.08888888888888889 0.0296875
7 0.18333333333333335 0.5953125 0.10555555555555556 0.021875
7 0.287962962962963 0.56953125 0.022222222222222223 0.0296875
7 0.28750000000000003 0.5953125 0.075 0.021875
7 0.7111111111111111 0.58046875 0.044444444444444446 0.0296875
2 0.7773148148148148 0.5802083333333333 0.08796296296296297 0.04895833333333333
7 0.850925925925926 0.58046875 0.044444444444444446 0.0296875
2 0.9171296296296296 0.5802083333333333 0.08796296296296297 0.04895833333333333
7 0.12407407407407407 0.675 0.20925925925925926 0.065625
7 0.3740740740740741 0.675 0.20925925925925926 0.065625
7 0.6245370370370371 0.675 0.2101851851851852 0.065625
7 0.875 0.675 0.2111111111111111 0.065625
2 0.06527777777777778 0.7411458333333333 0.09166666666666667 0.04479166666666667
7 0.2513888888888889 0.7416666666666667 0.25092592592592594 0.027083333333333334
7 0.9597222222222223 0.7411458333333333 0.04166666666666667 0.034375
2 0.06527777777777778 0.8075520833333333 0.09166666666666667 0.044270833333333336
7 0.29212962962962963 0.8088541666666667 0.33240740740740743 0.028125
7 0.962962962962963 0.8078124999999999 0.03518518518518519 0.034375
2 0.06527777777777778 0.8739583333333333 0.09166666666666667 0.04479166666666667
7 0.4361111111111111 0.8744791666666667 0.6203703703703703 0.027083333333333334
7 0.9527777777777778 0.8752604166666667 0.05555555555555556 0.03697916666666667
2 0.01990740740740741 0.065625 0.03796296296296296 0.021875
2 0.046759259259259264 0.06536458333333334 0.03425925925925926 0.019270833333333334
