7 0.49953703703703706 0.06796875 0.25462962962962965 0.0296875
2 0.9291666666666667 0.07083333333333333 0.04722222222222222 0.03333333333333333
2 0.07268518518518519 0.47604166666666664 0.08240740740740742 0.04583333333333333
2 0.2425925925925926 0.47604166666666664 0.08148148148148149 0.04583333333333333
2 0.412962962962963 0.47604166666666664 0.08148148148148149 0.04583333333333333
2 0.5828703703703704 0.47604166666666664 0.08240740740740742 0.04583333333333333
2 0.7532407407407408 0.47604166666666664 0.08240740740740742 0.04583333333333333
2 0.9231481481481482 0.47604166666666664 0.08148148148148149 0.04583333333333333
2 0.07268518518518519 0.5356770833333333 0.08240740740740742 0.04635416666666667
2 0.2425925925925926 0.5356770833333333 0.08148148148148149 0.04635416666666667
2 0.412962962962963 0.5356770833333333 0.08148148148148149 0.04635416666666667
2 0.5828703703703704 0.5356770833333333 0.08240740740740742 0.04635416666666667
2 0.7532407407407408 0.5356770833333333 0.08240740740740742 0.04635416666666667
2 0.9231481481481482 0.5356770833333333 0.08148148148148149 0.04635416666666667
2 0.07268518518518519 0.5955729166666667 0.08240740740740742 0.04635416666666667
2 0.2425925925925926 0.5955729166666667 0.08148148148148149 0.04635416666666667
2 0.412962962962963 0.5955729166666667 0.08148148148148149 0.04635416666666667
2 0.5828703703703704 0.5955729166666667 0.08240740740740742 0.04635416666666667
2 0.7532407407407408 0.5955729166666667 0.08240740740740742 0.04635416666666667
2 0.9231481481481482 0.5955729166666667 0.08148148148148149 0.04635416666666667
2 0.07268518518518519 0.6552083333333333 0.08240740740740742 0.04583333333333333
2 0.2425925925925926 0.6552083333333333 0.08148148148148149 0.04583333333333333
2 0.412962962962963 0.6552083333333333 0.08148148148148149 0.04583333333333333
2 0.5828703703703704 0.6552083333333333 0.08240740740740742 0.04583333333333333
2 0.7532407407407408 0.6552083333333333 0.08240740740740742 0.04583333333333333
2 0.9231481481481482 0.6552083333333333 0.08148148148148149 0.04583333333333333
