7 0.16064814814814815 0.11666666666666667 0.27314814814814814 0.022916666666666665
7 0.16203703703703703 0.16302083333333334 0.27592592592592596 0.026041666666666668
7 0.16342592592592592 0.18411458333333333 0.27870370370370373 0.01614583333333333
7 0.16203703703703703 0.23359375 0.27592592592592596 0.0265625
7 0.21203703703703705 0.25494791666666666 0.37592592592592594 0.01614583333333333
7 0.15694444444444444 0.30416666666666664 0.2657407407407408 0.026041666666666668
7 0.26851851851851855 0.3255208333333333 0.48888888888888893 0.016666666666666666
7 0.31712962962962965 0.36666666666666664 0.5861111111111111 0.022916666666666665
7 0.16203703703703703 0.41302083333333334 0.27592592592592596 0.026041666666666668
7 0.26435185185185184 0.4588541666666667 0.48055555555555557 0.022916666666666665
7 0.16203703703703703 0.5052083333333334 0.27592592592592596 0.026041666666666668
7 0.16342592592592592 0.5263020833333333 0.27870370370370373 0.01614583333333333
7 0.15694444444444444 0.57578125 0.2657407407407408 0.0265625
7 0.26851851851851855 0.5971354166666667 0.48888888888888893 0.01614583333333333
7 0.16203703703703703 0.6463541666666667 0.27592592592592596 0.026041666666666668
7 0.1787037037037037 0.6677083333333333 0.3092592592592593 0.016666666666666666
7 0.2189814814814815 0.7088541666666667 0.38981481481481484 0.022916666666666665
7 0.16203703703703703 0.7552083333333334 0.27592592592592596 0.026041666666666668
7 0.07407407407407407 0.8010416666666667 0.1 0.022916666666666665
7 0.31851851851851853 0.8473958333333333 0.5888888888888889 0.026041666666666668
7 0.3856481481481482 0.8932291666666666 0.7231481481481482 0.022916666666666665
2 0.01990740740740741 0.065625 0.03796296296296296 0.021875
2 0.06342592592592593 0.065625 0.06759259259259259 0.04375
7 0.2189814814814815 0.06510416666666667 0.22314814814814815 0.029166666666666667
