7 0.2712962962962963 0.04088541666666667 0.2111111111111111 0.0328125
2 0.06759259259259259 0.0390625 0.05555555555555556 0.029166666666666667
7 0.06342592592592593 0.10390624999999999 0.125 0.0546875
7 0.19398148148148148 0.10390624999999999 0.13611111111111113 0.0546875
7 0.3300925925925926 0.10390624999999999 0.13611111111111113 0.0546875
7 0.46620370370370373 0.10390624999999999 0.13611111111111113 0.0546875
7 0.6023148148148149 0.10390624999999999 0.13611111111111113 0.0546875
7 0.7384259259259259 0.10390624999999999 0.13611111111111113 0.0546875
7 0.8745370370370371 0.10390624999999999 0.13611111111111113 0.0546875
7 0.9712962962962963 0.10390624999999999 0.05740740740740741 0.0546875
7 0.5115740740740741 0.19140625 0.9768518518518519 0.0671875
7 0.08240740740740742 0.2916666666666667 0.11851851851851852 0.06666666666666667
7 0.31666666666666665 0.28463541666666664 0.3277777777777778 0.030729166666666665
7 0.08240740740740742 0.37135416666666665 0.11851851851851852 0.06666666666666667
7 0.21666666666666667 0.36432291666666666 0.1277777777777778 0.030729166666666665
7 0.08240740740740742 0.4510416666666667 0.11851851851851852 0.06666666666666667
7 0.20046296296296298 0.4440104166666667 0.09537037037037037 0.030729166666666665
7 0.08240740740740742 0.5307291666666667 0.11851851851851852 0.06666666666666667
7 0.22916666666666669 0.5236979166666667 0.1527777777777778 0.030729166666666665
2 0.712962962962963 0.037760416666666664 0.05740740740740741 0.04739583333333333
2 0.8273148148148148 0.039322916666666666 0.08425925925925926 0.04114583333333333
2 0.9462962962962963 0.03958333333333333 0.061111111111111116 0.04583333333333333
