7 0.13055555555555556 0.14427083333333332 0.21296296296296297 0.03854166666666667
7 0.09490740740740741 0.7721354166666666 0.14166666666666666 0.0234375
2 0.05324074074074074 0.8083333333333333 0.058333333333333334 0.035416666666666666
7 0.05324074074074074 0.8388020833333333 0.06759259259259259 0.025520833333333333
2 0.32916666666666666 0.8174479166666666 0.16944444444444445 0.06822916666666666
2 0.4990740740740741 0.8174479166666666 0.17037037037037037 0.06822916666666666
2 0.6694444444444445 0.8174479166666666 0.17037037037037037 0.06822916666666666
2 0.9458333333333334 0.8083333333333333 0.058333333333333334 0.035416666666666666
7 0.9462962962962963 0.8388020833333333 0.06851851851851852 0.025520833333333333
2 0.01990740740740741 0.065625 0.03796296296296296 0.021875
2 0.06851851851851852 0.065625 0.07777777777777778 0.04375
7 0.25925925925925924 0.06640625 0.2537037037037037 0.0296875
2 0.7967592592592593 0.06848958333333333 0.08425925925925926 0.0453125
2 0.9282407407407408 0.06614583333333333 0.03796296296296296 0.035416666666666666
