7 0.9268518518518519 0.065625 0.11666666666666667 0.030208333333333334
4 0.46342592592592596 0.37734375 0.8657407407407408 0.04635416666666667
2 0.07453703703703704 0.06536458333333334 0.08981481481481482 0.044270833333333336
2 0.20833333333333334 0.06458333333333333 0.07962962962962963 0.042708333333333334
2 0.32453703703703707 0.06536458333333334 0.075 0.044270833333333336
7 0.1375 0.18671875 0.22314814814814815 0.03802083333333333
7 0.45416666666666666 0.1859375 0.3212962962962963 0.034375
7 0.10277777777777779 0.2799479166666667 0.14074074074074075 0.0359375
7 0.2138888888888889 0.3385416666666667 0.3666666666666667 0.02395833333333333
7 0.11296296296296297 0.4354166666666667 0.16296296296296298 0.021875
7 0.11666666666666667 0.5421875 0.09814814814814815 0.02395833333333333
7 0.22314814814814815 0.6075520833333333 0.2925925925925926 0.025520833333333333
7 0.24120370370370373 0.6455729166666666 0.41944444444444445 0.0265625
7 0.20925925925925926 0.6963541666666666 0.3611111111111111 0.02395833333333333
7 0.4949074074074074 0.8046875 0.9342592592592593 0.029166666666666667
4 0.46111111111111114 0.4744791666666667 0.8611111111111112 0.04791666666666666
0 0.050462962962962966 0.60703125 0.03981481481481482 0.025520833333333333
