3 0.500462962962963 0.2973958333333333 0.9990740740740741 0.26666666666666666
3 0.49953703703703706 0.24713541666666666 0.15092592592592594 0.08489583333333334
7 0.4990740740740741 0.31536458333333334 0.19814814814814816 0.0296875
2 0.31851851851851853 0.39479166666666665 0.3055555555555556 0.04895833333333333
2 0.6597222222222222 0.39479166666666665 0.3472222222222222 0.04895833333333333
7 0.5 0.48723958333333334 0.9611111111111111 0.022395833333333334
2 0.07962962962962963 0.5416666666666666 0.053703703703703705 0.030208333333333334
7 0.1787037037037037 0.5419270833333333 0.10555555555555556 0.0296875
2 0.7685185185185186 0.5421875 0.11666666666666667 0.065625
0 0.8967592592592593 0.53984375 0.09537037037037037 0.050520833333333334
2 0.07962962962962963 0.6088541666666667 0.053703703703703705 0.030208333333333334
7 0.19861111111111113 0.6091145833333333 0.14537037037037037 0.0296875
2 0.7685185185185186 0.609375 0.11666666666666667 0.065625
0 0.8986111111111111 0.6096354166666667 0.08055555555555556 0.0453125
2 0.07962962962962963 0.6760416666666667 0.053703703703703705 0.030208333333333334
7 0.1875 0.6763020833333333 0.12314814814814816 0.0296875
2 0.7685185185185186 0.6765625 0.11666666666666667 0.065625
0 0.8949074074074075 0.6763020833333333 0.08981481481481482 0.04739583333333333
2 0.07962962962962963 0.7432291666666666 0.053703703703703705 0.030208333333333334
7 0.1851851851851852 0.7434895833333334 0.11851851851851852 0.0296875
2 0.7685185185185186 0.74375 0.11666666666666667 0.065625
0 0.8981481481481481 0.7427083333333333 0.0962962962962963 0.046875
2 0.07962962962962963 0.8104166666666667 0.053703703703703705 0.030208333333333334
7 0.20092592592592592 0.8106770833333333 0.15 0.0296875
2 0.7685185185185186 0.8109375 0.11666666666666667 0.065625
0 0.8967592592592593 0.8109375 0.075 0.042708333333333334
7 0.49953703703703706 0.8713541666666667 0.9750000000000001 0.041666666666666664
7 0.5 0.94140625 0.9611111111111111 0.022395833333333334
7 0.1685185185185185 0.990625 0.22037037037037038 0.01875
0 0.9125000000000001 0.9817708333333334 0.09722222222222222 0.036458333333333336
2 0.12546296296296297 0.13125 0.2490740740740741 0.065625
2 0.375 0.13125 0.25 0.065625
2 0.625 0.13125 0.25 0.065625
2 0.875 0.13125 0.25 0.065625
7 0.11111111111111112 0.06510416666666667 0.15925925925925927 0.03333333333333333
