7 0.49953703703703706 0.06328125 0.13240740740740742 0.03177083333333333
7 0.1875 0.12317708333333333 0.25277777777777777 0.024479166666666666
7 0.2064814814814815 0.2526041666666667 0.29074074074074074 0.026041666666666668
7 0.8268518518518518 0.2518229166666667 0.1462962962962963 0.0296875
7 0.1527777777777778 0.3346354166666667 0.18333333333333335 0.025520833333333333
7 0.22870370370370371 0.4166666666666667 0.3351851851851852 0.026041666666666668
7 0.2587962962962963 0.4986979166666667 0.3824074074074074 0.025520833333333333
7 0.4481481481481482 0.5752604166666666 0.7740740740740741 0.0546875
7 0.4532407407407408 0.62734375 0.7842592592592593 0.027604166666666666
7 0.8444444444444444 0.33515625 0.0925925925925926 0.024479166666666666
7 0.8439814814814816 0.13880208333333333 0.09722222222222222 0.022395833333333334
7 0.8398148148148148 0.41875 0.0925925925925926 0.028125
7 0.8407407407407408 0.5002604166666667 0.0962962962962963 0.024479166666666666
