3 0.250462962962963 0.25729166666666664 0.4935185185185185 0.27708333333333335
7 0.2523148148148148 0.3846354166666667 0.49722222222222223 0.022395833333333334
3 0.7449074074074075 0.25729166666666664 0.4935185185185185 0.27708333333333335
7 0.7467592592592592 0.3846354166666667 0.49722222222222223 0.022395833333333334
3 0.250462962962963 0.5372395833333333 0.4935185185185185 0.27760416666666665
7 0.2523148148148148 0.66484375 0.49722222222222223 0.022395833333333334
3 0.7449074074074075 0.5372395833333333 0.4935185185185185 0.27760416666666665
7 0.7467592592592592 0.66484375 0.49722222222222223 0.022395833333333334
3 0.250462962962963 0.8065104166666667 0.4935185185185185 0.2557291666666667
3 0.7449074074074075 0.8065104166666667 0.4935185185185185 0.2557291666666667
7 0.4967592592592593 0.9268229166666666 0.2898148148148148 0.0234375
7 0.22546296296296298 0.07473958333333333 0.17685185185185187 0.03697916666666667
2 0.06712962962962964 0.07161458333333333 0.05462962962962963 0.0296875
