7 0.18194444444444446 0.15390625 0.3138888888888889 0.0359375
7 0.1513888888888889 0.21432291666666667 0.225 0.03802083333333333
6 0.9032407407407408 0.21432291666666667 0.11574074074074074 0.03697916666666667
7 0.5013888888888889 0.296875 0.8027777777777778 0.06354166666666666
7 0.15324074074074073 0.40234375 0.24351851851851852 0.030729166666666665
7 0.1763888888888889 0.46249999999999997 0.275 0.0375
7 0.7458333333333333 0.46249999999999997 0.39537037037037037 0.0375
7 0.19166666666666668 0.5278645833333333 0.3055555555555556 0.03802083333333333
7 0.862037037037037 0.5278645833333333 0.16296296296296298 0.03802083333333333
7 0.11574074074074074 0.59296875 0.1537037037037037 0.03802083333333333
7 0.8453703703703704 0.59296875 0.1962962962962963 0.03802083333333333
7 0.11157407407407408 0.6580729166666667 0.14537037037037037 0.03802083333333333
7 0.8453703703703704 0.6580729166666667 0.1962962962962963 0.03802083333333333
7 0.4962962962962963 0.7325520833333333 0.7481481481481482 0.030729166666666665
7 0.28611111111111115 0.07083333333333333 0.22222222222222224 0.036458333333333336
2 0.07037037037037037 0.07239583333333333 0.07037037037037037 0.034375
