7 0.4990740740740741 0.061718749999999996 0.3962962962962963 0.0265625
2 0.13101851851851853 0.9020833333333333 0.10092592592592593 0.026041666666666668
7 0.5319444444444444 0.12369791666666667 0.30648148148148147 0.034895833333333334
7 0.4990740740740741 0.2140625 0.8462962962962963 0.059375
7 0.4902777777777778 0.3619791666666667 0.8268518518518518 0.09895833333333333
7 0.22361111111111112 0.4822916666666667 0.2935185185185185 0.026041666666666668
7 0.20694444444444446 0.52890625 0.19166666666666668 0.022395833333333334
7 0.24722222222222223 0.62421875 0.3351851851851852 0.0234375
7 0.2675925925925926 0.67265625 0.34444444444444444 0.0234375
7 0.500462962962963 0.7856770833333333 0.15462962962962964 0.022395833333333334
4 0.5013888888888889 0.5294270833333333 0.8490740740740741 0.0546875
4 0.5032407407407408 0.6729166666666666 0.8472222222222222 0.058333333333333334
