7 0.5722222222222223 0.06328125 0.26481481481481484 0.027604166666666666
2 0.19398148148148148 0.12161458333333333 0.09722222222222222 0.0546875
2 0.19398148148148148 0.17734375 0.09722222222222222 0.0546875
2 0.19398148148148148 0.23255208333333333 0.09722222222222222 0.0546875
2 0.19398148148148148 0.28828125 0.09722222222222222 0.0546875
2 0.19398148148148148 0.34348958333333335 0.09722222222222222 0.0546875
2 0.19398148148148148 0.39921875 0.09722222222222222 0.0546875
2 0.19398148148148148 0.4544270833333333 0.09722222222222222 0.0546875
2 0.19398148148148148 0.51015625 0.09722222222222222 0.0546875
2 0.19398148148148148 0.5653645833333333 0.09722222222222222 0.0546875
2 0.19398148148148148 0.62109375 0.09722222222222222 0.0546875
2 0.19398148148148148 0.6763020833333333 0.09722222222222222 0.0546875
2 0.19398148148148148 0.73203125 0.09722222222222222 0.0546875
2 0.19398148148148148 0.7872395833333333 0.09722222222222222 0.0546875
2 0.19398148148148148 0.8429687499999999 0.09722222222222222 0.0546875
2 0.19398148148148148 0.8981770833333333 0.09722222222222222 0.0546875
2 0.10277777777777779 0.12916666666666665 0.061111111111111116 0.034375
3 0.07268518518518519 0.30078125 0.14351851851851852 0.2796875
3 0.07268518518518519 0.58203125 0.14351851851851852 0.2796875
7 0.3194444444444445 0.12447916666666667 0.12037037037037038 0.029166666666666667
7 0.32037037037037036 0.18072916666666666 0.11666666666666667 0.028125
7 0.3189814814814815 0.23541666666666666 0.11388888888888889 0.026041666666666668
7 0.3199074074074074 0.290625 0.1175925925925926 0.027083333333333334
7 0.3180555555555556 0.3450520833333333 0.11574074074074074 0.0265625
7 0.3194444444444445 0.40260416666666665 0.11666666666666667 0.027083333333333334
7 0.3199074074074074 0.45677083333333335 0.11574074074074074 0.027083333333333334
7 0.3189814814814815 0.5135416666666667 0.11574074074074074 0.026041666666666668
7 0.31666666666666665 0.5666666666666667 0.11481481481481481 0.025
7 0.33194444444444443 0.6216145833333333 0.13240740740740742 0.0296875
7 0.32916666666666666 0.6786458333333333 0.13240740740740742 0.026041666666666668
7 0.32962962962962966 0.7338541666666667 0.13703703703703704 0.026041666666666668
7 0.3300925925925926 0.790625 0.13425925925925927 0.028125
7 0.32962962962962966 0.84609375 0.13703703703703704 0.025520833333333333
7 0.3277777777777778 0.9005208333333333 0.1388888888888889 0.02395833333333333
