2 0.49953703703703706 0.5859375 0.14537037037037037 0.075
2 0.2925925925925926 0.5859375 0.1462962962962963 0.075
2 0.7064814814814815 0.5859375 0.1462962962962963 0.075
7 0.4990740740740741 0.6833333333333333 0.26666666666666666 0.036458333333333336
2 0.6865740740740741 0.7559895833333333 0.08796296296296297 0.049479166666666664
2 0.6736111111111112 0.6809895833333334 0.058333333333333334 0.03177083333333333
2 0.31203703703703706 0.7559895833333333 0.08703703703703704 0.049479166666666664
2 0.31203703703703706 0.7559895833333333 0.08703703703703704 0.049479166666666664
2 0.4990740740740741 0.75625 0.10185185185185186 0.057291666666666664
2 0.05324074074074074 0.020833333333333332 0.06759259259259259 0.036458333333333336
