000002
000003
000004
000005
000006
000007
000008
000009
000010
000011
000012
000014
000015
000016
000017
000018
000020
000021
000022
000023
000024
000025
000026
000027
000029
000030
000032
000033
000034
000035
000036
000037
000038
000039
000040
000041
000042
000043
000044
000045
000047
000049
000052
000053
000054
000055
000056
000057
000058
000059
000060
000061
000062
000063
000064
000065
000066
000068
000069
000070
000071
000072
000073
000074
000075
000076
000077
000078
000080
000082
000083
000084
000086
000087
000088
000089
000090
000091
000092
000093
000095
000096
000097
000098
000100
000101
000102
000103
000104
000105
000106
000107
000109
000110
000112
000113
000114
000115
000116
000117
000118
000119
000120
000121
000122
000123
000125
000126
000127
000129
000130
000131
000132
000133
000134
000135
000136
000137
000138
000140
000141
000143
000144
000145
000146
000147
000148
000149
000150
000151
000152
000153
000154
000155
000156
000157
000158
000160
000163
000164
000166
000167
000168
000169
000170
000171
000172
000173
000174
000175
000176
000177
000178
000180
000181
000182
000183
000184
000185
000189
000190
000191
000192
000193
000195
000196
000197
000198
000199
000200
000201
000202
000203
000206
000207
000208
000211
000213
000215
000216
000217
000218
000219
000220
000221
000222
000223
000224
000225
000226
000227
000230
000231
000232
000233
000234
000236
000237
000238
000239
000240
000241
000242
000243
000244
000245
000246
000247
000249
000250
000251
000252
000253
000256
000257
000258
000259
000260
000261
000263
000264
000266
000267
000268
000269
000270
000271
000273
000274
000275
000276
000277
000278
000279
000280
000281
000283
000286
000287
000288
000289
000290
000291
000292
000293
000294
000295
000296
000297
000298
000299
000300
000301
000302
000303
000304
000305
000307
000309
000310
000311
000312
000313
000314
000316
000318
000319
000321
000322
000323
000324
000325
000326
000327
000328
000329
000330
000332
000333
000334
000335
000337
000338
000339
000340
000341
000343
000345
000346
000347
000348
000349
000350
000351
000352
000355
000356
000357
000358
000359
000360
000361
000362
000363
000364
000365
000366
000367
000368
000369
000372
000373
000374
000375
000378
000381
000382
000383
000384
000386
000387
000389
000392
000393
000394
000395
000397
000400
000402
000403
000404
000405
000406
000407
000408
000409
000410
000411
000412
000414
000416
000418
000419
000420
000421
000423
000424
000425
000426
000427
000428
000429
000431
000432
000434
000435
000436
000438
000439
000441
000443
000445
000446
000447
000448
000449
000450
000452
000453
000454
000455
000456
000457
000459
000460
000461
000462
000465
000466
000468
000469
000470
000471
000472
000473
000476
000478
000479
000480
000481
000482
000483
000484
000485
000486
000487
000488
000490
000491
000492
000494
000496
000497
000498
000499
000500
000501
000502
000503
000504
000505
000506
000507
000508
000509
000510
000511
000512
000513
000514
000515
000516
000518
000519
000520
000521
000522
000523
000524
000525
000526
000527
000528
000529
000531
000532
000533
000534
000536
000537
000539
000541
000542
000543
000546
000548
000549
000550
000551
000552
000553
000554
000555
000556
000557
000558
000559
000560
000561
000562
000563
000564
000565
000566
000567
000568
000569
000571
000572
000573
000574
000575
000576
000577
000578
000580
000581
000582
000583
000584
000585
000586
000587
000588
000589
000590
000591
000592
000593
000594
000595
000596
000597
000598
000599
000600
000601
000602
000604
000605
000607
000608
000609
000610
000611
000613
000615
000616
000618
000619
000620
000621
000622
000623
000624
000626
000627
000628
000629
000630
000631
000632
000635
000636
000638
000639
000640
000641
000642
000643
000644
000647
000648
000649
000651
000652
000653
000656
000657
000658
000660
000663
000665
000666
000668
000669
000671
000673
000674
000675
000676
000677
000678
000681
000682
000685
000686
000688
000691
000692
000693
000694
000696
000697
000698
000699
000700
000704
000705
000707
000708
000711
000712
000713
000714
000715
000716
000717
000718
000719
000721
000722
000723
000724
000727
000728
000729
000730
000731
000733
000734
000735
000736
000737
000738
000740
000741
000744
000745
000746
000747
000748
000749
000750
000751
000753
000754
000755
000757
000759
000761
000762
000763
000764
000765
000766
000767
000768
000769
000770
000772
000774
000775
000776
000777
000778
000780
000781
000782
000783
000784
000785
000786
000787
000788
000789
000790
000792
000793
000794
000795
000796
000797
000799
000800
000801
000802
000803
000804
000806
000807
000808
000809
000810
000811
000812
000813
000814
000815
000816
000817
000818
000819
000820
000822
000823
000824
000825
000826
000827
000828
000829
000830
000831
000832
000833
000834
000835
000836
000837
000838
000839
000840
000845
000846
000847
000848
000849
000850
000851
000853
000854
000855
000857
000859
000860
000863
000864
000865
000866
000867
000868
000869
000870
000871
000872
000874
000875
000876
000877
000878
000879
000880
000881
000882
000883
000885
000886
000887
000888
000889
000890
000892
000894
000895
000897
000898
000899
000900
000901
000903
000904
000906
000908
000909
000910
000911
000912
000913
000914
000917
000918
000919
000920
000922
000923
000924
000925
000926
000928
000929
000930
000932
000933
000934
000935
000936
000937
000938
000939
000941
000942
000944
000945
000946
000947
000950
000951
000952
000953
000954
000955
000956
000957
000958
000960
000962
000964
000965
000966
000967
000968
000971
000972
000973
000974
000975
000976
000977
000978
000979
000980
000981
000983
000984
000985
000988
000990
000991
000992
000994
000995
000996
000998
001000
001002
001003
001004
001005
001006
001007
001008
001009
001010
001011
001012
001013
001015
001016
001017
001018
001019
001020
001021
001023
001025
001026
001027
001028
001029
001030
001033
001034
001035
001036
001037
001038
001040
001042
001045
001046
001047
001048
001049
001050
001053
001054
001055
001056
001058
001059
001060
001062
001063
001067
001068
001069
001070
001071
001072
001073
001074
001075
001076
001077
001078
001079
001080
001081
001082
001084
001086
001089
001090
001091
001094
001095
001096
001097
001098
001099
001100
001101
001102
001103
001104
001105
001107
001108
001109
001110
001111
001113
001114
001116
001117
001118
001119
001122
001123
001124
001125
001126
001127
001128
001129
001131
001132
001133
001135
001136
001137
001139
001140
001141
001143
001145
001146
001147
001148
001149
001150
001151
001152
001153
001154
001156
001157
001158
001159
001160
001161
001162
001163
001164
001166
001167
001168
001169
001171
001172
001174
001175
001178
001179
001181
001182
001183
001184
001185
001186
001188
001189
001190
001191
001192
001193
001194
001196
001197
001199
001200
001201
001202
001203
001204
001205
001206
001207
001208
001209
001210
001211
001214
001215
001216
001217
001218
001219
001220
001221
001222
001223
001225
001226
001227
001228
001229
001230
001231
001232
001233
001234
001235
001236
001237
001238
001239
001240
001242
001243
001244
001246
001248
001251
001252
001253
001255
001257
001258
001262
001263
001264
001265
001266
001267
