7 0.5092592592592593 0.07083333333333333 0.21481481481481482 0.025
2 0.06574074074074074 0.07135416666666666 0.04259259259259259 0.03854166666666667
2 0.937037037037037 0.0703125 0.07407407407407407 0.042708333333333334
7 0.4537037037037037 0.165625 0.8222222222222222 0.0625
7 0.22592592592592592 0.2390625 0.34814814814814815 0.028125
7 0.21203703703703702 0.28489583333333335 0.26481481481481484 0.028125
7 0.49537037037037035 0.3380208333333333 0.20185185185185187 0.030208333333333334
7 0.22962962962962963 0.3770833333333333 0.34444444444444444 0.029166666666666667
7 0.2740740740740741 0.42552083333333335 0.3925925925925926 0.026041666666666668
4 0.4981481481481482 0.2864583333333333 0.8851851851851852 0.0625
4 0.4981481481481482 0.42604166666666665 0.8888888888888888 0.06041666666666667
7 0.7185185185185186 0.5020833333333333 0.2814814814814815 0.027083333333333334
8 0.7195925925925926 0.5022291666666666 0.4160740740740741 0.0699375