0 0.9212962962962963 0.1109375 0.06481481481481481 0.036458333333333336
0 0.9231481481481482 0.23385416666666667 0.06851851851851852 0.03854166666666667
0 0.924074074074074 0.3802083333333333 0.07037037037037037 0.0375
0 0.9203703703703704 0.5234375 0.06296296296296296 0.03854166666666667
0 0.9203703703703704 0.646875 0.06296296296296296 0.035416666666666666
2 0.06666666666666667 0.0296875 0.04814814814814815 0.026041666666666668
2 0.8240740740740741 0.028645833333333332 0.07037037037037037 0.034375
2 0.9425925925925925 0.028645833333333332 0.06666666666666667 0.03229166666666667
7 0.12314814814814815 0.0984375 0.18703703703703703 0.023958333333333335
7 0.20462962962962963 0.20104166666666667 0.35 0.027083333333333334
7 0.175 0.34479166666666666 0.2833333333333333 0.025
7 0.19537037037037036 0.49166666666666664 0.32407407407407407 0.027083333333333334
7 0.1361111111111111 0.634375 0.20925925925925926 0.025
7 0.19722222222222222 0.7375 0.3351851851851852 0.027083333333333334
7 0.2657407407407407 0.0328125 0.19074074074074074 0.030208333333333334
7 0.23055555555555557 0.12604166666666666 0.39814814814814814 0.01875
7 0.4046296296296296 0.25 0.7425925925925926 0.06666666666666667
7 0.40925925925925927 0.3958333333333333 0.7555555555555555 0.06875
7 0.42777777777777776 0.5427083333333333 0.7888888888888889 0.06875
7 0.4027777777777778 0.6635416666666667 0.7388888888888889 0.022916666666666665
7 0.35462962962962963 0.765625 0.6425925925925926 0.022916666666666665