7 0.26342592592592595 0.12135416666666667 0.4305555555555556 0.027083333333333334
7 0.1787037037037037 0.17552083333333332 0.24814814814814815 0.03229166666666667
7 0.17175925925925925 0.20625 0.23425925925925925 0.026041666666666668
7 0.2518518518518518 0.253125 0.3962962962962963 0.023958333333333335
7 0.25 0.30703125 0.3888888888888889 0.025520833333333333
7 0.3476851851851852 0.3375 0.5842592592592593 0.022916666666666665
0 0.8805555555555555 0.31927083333333334 0.05925925925925926 0.03333333333333333
7 0.24537037037037038 0.39765625 0.387037037037037 0.030729166666666665
7 0.3263888888888889 0.42630208333333336 0.5416666666666666 0.025520833333333333
0 0.8796296296296297 0.4075520833333333 0.053703703703703705 0.0296875
7 0.24953703703703703 0.4830729166666667 0.39537037037037037 0.0265625
7 0.4064814814814815 0.5140625 0.7037037037037037 0.023958333333333335
7 0.1685185185185185 0.5638020833333334 0.22777777777777777 0.0234375
7 0.14583333333333334 0.6161458333333333 0.18425925925925926 0.028125
7 0.09907407407407408 0.6481770833333333 0.09259259259259259 0.024479166666666666
7 0.22777777777777777 0.7059895833333333 0.35 0.030729166666666665
7 0.09444444444444444 0.7356770833333334 0.08333333333333333 0.025520833333333333
7 0.1287037037037037 0.784375 0.15185185185185185 0.023958333333333335
7 0.17453703703703705 0.8338541666666667 0.2361111111111111 0.029166666666666667
7 0.46111111111111114 0.8739583333333333 0.812962962962963 0.046875
2 0.06759259259259259 0.06510416666666667 0.07777777777777778 0.04375
7 0.4361111111111111 0.06822916666666666 0.6444444444444445 0.03333333333333333