7 0.31157407407407406 0.053385416666666664 0.12129629629629629 0.033854166666666664
7 0.5842592592592593 0.09557291666666666 0.6759259259259259 0.0453125
7 0.5282407407407408 0.19557291666666668 0.5564814814814815 0.0359375
7 0.6023148148148149 0.23671875 0.7046296296296296 0.0453125
7 0.5101851851851852 0.33567708333333335 0.5185185185185185 0.03697916666666667
7 0.5782407407407407 0.37838541666666664 0.6583333333333333 0.0265625
7 0.31574074074074077 0.4786458333333333 0.14444444444444443 0.034375
7 0.562037037037037 0.52109375 0.6296296296296297 0.025520833333333333
7 0.3314814814814815 0.6182291666666667 0.17222222222222222 0.030208333333333334
7 0.5833333333333334 0.6627604166666666 0.6722222222222223 0.04739583333333333
7 0.2912037037037037 0.7606770833333333 0.08055555555555556 0.0296875
7 0.5115740740740741 0.8057291666666667 0.5324074074074074 0.04791666666666667
2 0.49907407407407406 0.8947916666666667 0.1037037037037037 0.057291666666666664
2 0.125 0.07239583333333334 0.15185185185185185 0.08541666666666667
2 0.1259259259259259 0.215625 0.15 0.08541666666666667
2 0.12453703703703704 0.3572916666666667 0.15462962962962962 0.08645833333333333
2 0.125 0.49895833333333334 0.15 0.08541666666666667
2 0.12638888888888888 0.6411458333333333 0.14907407407407408 0.08229166666666667
2 0.12638888888888888 0.78359375 0.15092592592592594 0.08489583333333334