2 0.06388888888888888 0.06302083333333333 0.08703703703703704 0.046875
7 0.2740740740740741 0.06770833333333333 0.32222222222222224 0.03333333333333333
7 0.1935185185185185 0.12083333333333333 0.29074074074074074 0.027083333333333334
7 0.19074074074074074 0.16927083333333334 0.2777777777777778 0.030208333333333334
7 0.2953703703703704 0.27395833333333336 0.49074074074074076 0.03125
7 0.20462962962962963 0.3614583333333333 0.30925925925925923 0.029166666666666667
7 0.2611111111111111 0.45 0.4148148148148148 0.03125
7 0.25925925925925924 0.5390625 0.3814814814814815 0.030208333333333334
7 0.32685185185185184 0.6395833333333333 0.512962962962963 0.05625
7 0.2537037037037037 0.7026041666666667 0.4 0.021875
7 0.24814814814814815 0.7510416666666667 0.40370370370370373 0.027083333333333334
7 0.29814814814814816 0.8552083333333333 0.45185185185185184 0.027083333333333334
0 0.8814814814814815 0.19010416666666666 0.06296296296296296 0.034375
0 0.8814814814814815 0.4578125 0.06666666666666667 0.034375
0 0.8805555555555555 0.7744791666666667 0.06851851851851852 0.03854166666666667
0 0.8824074074074074 0.8666666666666667 0.05740740740740741 0.0375
7 0.3490740740740741 0.209375 0.5907407407407408 0.04583333333333333
7 0.4074074074074074 0.7927083333333333 0.7111111111111111 0.04583333333333333
7 0.3768518518518518 0.8848958333333333 0.6092592592592593 0.021875
7 0.31851851851851853 0.5682291666666667 0.4925925925925926 0.023958333333333335
7 0.37407407407407406 0.4791666666666667 0.6481481481481481 0.022916666666666665
7 0.175 0.39166666666666666 0.2388888888888889 0.025
7 0.09722222222222222 0.3 0.08703703703703704 0.020833333333333332