7 0.11018518518518519 0.07213541666666666 0.15185185185185185 0.0265625
2 0.9462962962962963 0.07083333333333333 0.024074074074074074 0.03333333333333333
7 0.023148148148148147 0.14166666666666666 0.046296296296296294 0.026041666666666668
7 0.17962962962962964 0.14036458333333332 0.1574074074074074 0.024479166666666666
7 0.40694444444444444 0.14166666666666666 0.19537037037037036 0.019791666666666666
7 0.6564814814814814 0.1421875 0.2037037037037037 0.021875
7 0.8921296296296296 0.14322916666666666 0.1675925925925926 0.021875
7 0.10185185185185185 0.20963541666666666 0.17222222222222222 0.0328125
7 0.05416666666666667 0.3302083333333333 0.10833333333333334 0.036458333333333336
7 0.27546296296296297 0.334375 0.28425925925925927 0.03958333333333333
0 0.9578703703703704 0.3294270833333333 0.06018518518518518 0.030729166666666665
7 0.05416666666666667 0.37864583333333335 0.10833333333333334 0.036458333333333336
7 0.23425925925925925 0.3846354166666667 0.20925925925925926 0.04114583333333333
0 0.9592592592592593 0.3776041666666667 0.05555555555555555 0.03125
7 0.05416666666666667 0.4270833333333333 0.10833333333333334 0.036458333333333336
7 0.2638888888888889 0.4283854166666667 0.27037037037037037 0.0359375
0 0.9592592592592593 0.4270833333333333 0.05925925925925926 0.03229166666666667
7 0.05416666666666667 0.47552083333333334 0.10833333333333334 0.036458333333333336
7 0.34953703703703703 0.48098958333333336 0.44351851851851853 0.04114583333333333
0 0.9587962962962963 0.47552083333333334 0.05648148148148148 0.03125
7 0.05416666666666667 0.5239583333333333 0.10833333333333334 0.036458333333333336
7 0.30694444444444446 0.5263020833333333 0.3509259259259259 0.03697916666666667
0 0.9592592592592593 0.52421875 0.05740740740740741 0.03177083333333333
7 0.05416666666666667 0.5723958333333333 0.10833333333333334 0.036458333333333336
7 0.30092592592592593 0.5747395833333333 0.35185185185185186 0.0390625
0 0.9587962962962963 0.5729166666666666 0.05648148148148148 0.03229166666666667
7 0.05416666666666667 0.6208333333333333 0.10833333333333334 0.036458333333333336
7 0.2722222222222222 0.6229166666666667 0.28888888888888886 0.034375
0 0.9569444444444445 0.6200520833333333 0.05648148148148148 0.0328125
7 0.05416666666666667 0.6692708333333334 0.10833333333333334 0.036458333333333336
7 0.38101851851851853 0.6752604166666667 0.49722222222222223 0.0421875
0 0.9578703703703704 0.6692708333333334 0.06018518518518518 0.03125
7 0.05416666666666667 0.7177083333333333 0.10833333333333334 0.036458333333333336
7 0.3800925925925926 0.7223958333333333 0.49166666666666664 0.041666666666666664
0 0.9597222222222223 0.7182291666666667 0.05648148148148148 0.03229166666666667
7 0.05416666666666667 0.7661458333333333 0.10833333333333334 0.036458333333333336
7 0.2439814814814815 0.7690104166666667 0.2212962962962963 0.0421875
0 0.9569444444444445 0.7661458333333333 0.05648148148148148 0.030208333333333334
7 0.05416666666666667 0.8145833333333333 0.10833333333333334 0.036458333333333336
7 0.2625 0.8171875 0.2712962962962963 0.03333333333333333
0 0.9592592592592593 0.8151041666666666 0.05740740740740741 0.03125
7 0.05416666666666667 0.8630208333333333 0.10833333333333334 0.036458333333333336
7 0.25972222222222224 0.8653645833333333 0.25462962962962965 0.03697916666666667
0 0.9587962962962963 0.8635416666666667 0.058333333333333334 0.03125
7 0.05416666666666667 0.9114583333333334 0.10833333333333334 0.036458333333333336
7 0.3476851851851852 0.9161458333333333 0.4287037037037037 0.03958333333333333
0 0.9587962962962963 0.9109375 0.058333333333333334 0.03125