7 0.4949074074074074 0.14895833333333333 0.4638888888888889 0.029166666666666667
2 0.1259259259259259 0.22135416666666666 0.1 0.04375
7 0.1259259259259259 0.26145833333333335 0.05 0.017708333333333333
2 0.33611111111111114 0.22135416666666666 0.1 0.04375
7 0.3347222222222222 0.2609375 0.13055555555555556 0.017708333333333333
2 0.5449074074074074 0.22161458333333334 0.075 0.04635416666666667
7 0.5462962962962963 0.26015625 0.11481481481481481 0.016145833333333335
2 0.7555555555555555 0.22135416666666666 0.1 0.04375
7 0.7574074074074074 0.26927083333333335 0.10185185185185185 0.034375
2 0.9638888888888889 0.22239583333333332 0.07037037037037037 0.04583333333333333
7 0.9597222222222223 0.26067708333333334 0.0787037037037037 0.0203125
7 0.4976851851851852 0.33229166666666665 0.3453703703703704 0.030208333333333334
2 0.12361111111111112 0.40390625 0.06018518518518518 0.05260416666666667
7 0.12546296296296297 0.45286458333333335 0.08981481481481482 0.034895833333333334
2 0.3398148148148148 0.4049479166666667 0.07407407407407407 0.049479166666666664
7 0.33564814814814814 0.453125 0.10092592592592593 0.034375
2 0.5449074074074074 0.40546875 0.06388888888888888 0.049479166666666664
7 0.5458333333333333 0.4453125 0.11388888888888889 0.01875
2 0.7546296296296297 0.4049479166666667 0.08703703703703704 0.0515625
7 0.7546296296296297 0.44296875 0.053703703703703705 0.016145833333333335
2 0.9634259259259259 0.4044270833333333 0.0712962962962963 0.04635416666666667
7 0.9652777777777778 0.44453125 0.06018518518518518 0.0171875
7 0.5032407407407408 0.5390625 0.2657407407407407 0.030208333333333334
2 0.1259259259259259 0.61015625 0.08518518518518518 0.050520833333333334
7 0.12407407407407407 0.6497395833333334 0.08518518518518518 0.018229166666666668
2 0.3365740740740741 0.6106770833333334 0.0787037037037037 0.04739583333333333
7 0.33611111111111114 0.6497395833333334 0.05 0.0171875
2 0.5444444444444444 0.6125 0.10925925925925926 0.03958333333333333
7 0.5453703703703704 0.6494791666666667 0.07407407407407407 0.019791666666666666
2 0.7550925925925925 0.6104166666666667 0.0712962962962963 0.04895833333333333
7 0.7537037037037037 0.6494791666666667 0.06111111111111111 0.01875
2 0.9587962962962963 0.6119791666666666 0.08055555555555556 0.036458333333333336
7 0.9527777777777777 0.6494791666666667 0.09259259259259259 0.019791666666666666
3 0.2601851851851852 0.7854166666666667 0.4740740740740741 0.13229166666666667
3 0.7583333333333333 0.7854166666666667 0.4740740740740741 0.13229166666666667
2 0.12407407407407407 0.8830729166666667 0.06851851851851852 0.043229166666666666
7 0.125 0.9161458333333333 0.08333333333333333 0.017708333333333333
2 0.37407407407407406 0.8830729166666667 0.06851851851851852 0.043229166666666666
7 0.37453703703703706 0.9161458333333333 0.058333333333333334 0.015625
2 0.6231481481481481 0.8796875 0.06666666666666667 0.036458333333333336
7 0.6240740740740741 0.9153645833333334 0.08888888888888889 0.018229166666666668
2 0.8740740740740741 0.8794270833333333 0.06851851851851852 0.0359375
7 0.8740740740740741 0.9158854166666667 0.1648148148148148 0.018229166666666668
2 0.06898148148148148 0.07083333333333333 0.06388888888888888 0.028125
2 0.825925925925926 0.07161458333333333 0.06296296296296296 0.034895833333333334
2 0.9407407407407408 0.07057291666666667 0.05740740740740741 0.0328125