7 0.28564814814814815 0.12109375 0.462037037037037 0.0234375
7 0.38935185185185184 0.1671875 0.6638888888888889 0.03333333333333333
7 0.39166666666666666 0.21119791666666668 0.674074074074074 0.0484375
0 0.8805555555555555 0.19140625 0.05740740740740741 0.030729166666666665
7 0.27175925925925926 0.28489583333333335 0.4305555555555556 0.027083333333333334
0 0.8796296296296297 0.2838541666666667 0.05740740740740741 0.030208333333333334
7 0.27685185185185185 0.375 0.45185185185185184 0.03125
0 0.8782407407407408 0.37395833333333334 0.05277777777777778 0.028125
7 0.12453703703703704 0.44088541666666664 0.14166666666666666 0.025520833333333333
7 0.23842592592592593 0.4895833333333333 0.3731481481481482 0.030208333333333334
7 0.4583333333333333 0.5294270833333333 0.8111111111111111 0.0453125
2 0.06620370370370371 0.06510416666666667 0.058333333333333334 0.035416666666666666
7 0.26296296296296295 0.06692708333333333 0.1388888888888889 0.0265625