7 0.2037037037037037 0.17890625 0.29444444444444445 0.027604166666666666
7 0.8587962962962963 0.27005208333333336 0.10648148148148148 0.0234375
7 0.2162037037037037 0.2721354166666667 0.3212962962962963 0.030729166666666665
7 0.7425925925925926 0.32864583333333336 0.3351851851851852 0.027083333333333334
7 0.524537037037037 0.3885416666666667 0.8731481481481481 0.053125
7 0.49907407407407406 0.58671875 0.07222222222222222 0.027604166666666666
2 0.06342592592592593 0.07135416666666666 0.04722222222222222 0.030208333333333334
7 0.3162037037037037 0.07447916666666667 0.3638888888888889 0.034375
7 0.8787037037037037 0.07395833333333333 0.1814814814814815 0.03229166666666667
7 0.537962962962963 0.4765625 0.3333333333333333 0.03854166666666667
7 0.5949074074074074 0.7026041666666667 0.39351851851851855 0.030208333333333334
7 0.5921296296296297 0.83359375 0.3675925925925926 0.0296875
2 0.3212962962962963 0.46979166666666666 0.07777777777777778 0.04479166666666667
8 0.5000092592592592 0.47363541666666664 0.8409074074074073 0.08528645833333333
8 0.4988518518518518 0.7024739583333334 0.8432222222222222 0.09505208333333333
8 0.4988518518518518 0.8333333333333334 0.8478518518518519 0.09375