7 0.11574074074074074 0.12213541666666666 0.16296296296296298 0.0234375
7 0.15648148148148147 0.20677083333333332 0.23703703703703705 0.026041666666666668
5 0.9212962962962963 0.20598958333333334 0.06111111111111111 0.034895833333333334
7 0.1597222222222222 0.2947916666666667 0.24351851851851852 0.026041666666666668
5 0.9208333333333333 0.2950520833333333 0.058333333333333334 0.03177083333333333
7 0.16018518518518518 0.3846354166666667 0.2537037037037037 0.028645833333333332
5 0.9222222222222223 0.38177083333333334 0.05925925925925926 0.03229166666666667
7 0.19722222222222222 0.4703125 0.31851851851851853 0.026041666666666668
5 0.9217592592592593 0.4708333333333333 0.06018518518518518 0.03229166666666667
7 0.12731481481481483 0.56328125 0.18981481481481483 0.024479166666666666
7 0.15601851851851853 0.6372395833333333 0.24537037037037038 0.024479166666666666
7 0.17962962962962964 0.7263020833333333 0.29074074074074074 0.024479166666666666
5 0.9226851851851852 0.7244791666666667 0.06018518518518518 0.030208333333333334
7 0.24166666666666667 0.81484375 0.412962962962963 0.024479166666666666
5 0.9203703703703704 0.8125 0.05555555555555555 0.03229166666666667
7 0.19166666666666668 0.9013020833333333 0.31296296296296294 0.022395833333333334
2 0.06944444444444445 0.07109375 0.04814814814814815 0.0265625
2 0.4986111111111111 0.07083333333333333 0.06018518518518518 0.035416666666666666
2 0.9407407407407408 0.071875 0.024074074074074074 0.029166666666666667