7 0.3175925925925926 0.07447916666666667 0.3648148148148148 0.034375
2 0.06805555555555555 0.07161458333333333 0.0787037037037037 0.03177083333333333
7 0.35648148148148145 0.17005208333333333 0.6462962962962963 0.028645833333333332
6 0.899537037037037 0.16953125 0.13240740740740742 0.044270833333333336
7 0.24953703703703703 0.24817708333333333 0.4287037037037037 0.028645833333333332
6 0.8949074074074074 0.24635416666666668 0.13425925925925927 0.042708333333333334
7 0.20694444444444443 0.3263020833333333 0.3490740740740741 0.027604166666666666
6 0.8976851851851851 0.32369791666666664 0.13425925925925927 0.044270833333333336
7 0.29583333333333334 0.4046875 0.525 0.027083333333333334
6 0.8967592592592593 0.40286458333333336 0.13425925925925927 0.044270833333333336
7 0.1439814814814815 0.48046875 0.21944444444444444 0.0234375
7 0.14629629629629629 0.5424479166666667 0.2222222222222222 0.0265625
7 0.41712962962962963 0.5869791666666667 0.7638888888888888 0.057291666666666664
6 0.8949074074074074 0.5697916666666667 0.13425925925925927 0.042708333333333334
7 0.19583333333333333 0.6526041666666667 0.32685185185185184 0.027083333333333334
7 0.40925925925925927 0.67890625 0.7462962962962963 0.021354166666666667
6 0.8972222222222223 0.6611979166666667 0.13518518518518519 0.0453125
7 0.3111111111111111 0.7419270833333333 0.5537037037037037 0.028645833333333332
7 0.20555555555555555 0.8208333333333333 0.337037037037037 0.027083333333333334
7 0.25925925925925924 0.8979166666666667 0.45 0.027083333333333334