7 0.2833333333333333 0.06901041666666667 0.49074074074074076 0.0296875
7 0.07824074074074074 0.14557291666666666 0.08611111111111111 0.025520833333333333
7 0.2587962962962963 0.17161458333333332 0.44722222222222224 0.0234375
0 0.9226851851851852 0.15833333333333333 0.06388888888888888 0.03229166666666667
7 0.12361111111111112 0.24661458333333333 0.17685185185185184 0.027604166666666666
7 0.2587962962962963 0.27395833333333336 0.4564814814814815 0.029166666666666667
7 0.1925925925925926 0.34661458333333334 0.31666666666666665 0.0328125
7 0.3365740740740741 0.37473958333333335 0.6101851851851852 0.0296875
0 0.9217592592592593 0.35963541666666665 0.06018518518518518 0.0359375
7 0.2449074074074074 0.4471354166666667 0.42685185185185187 0.03177083333333333
7 0.4041666666666667 0.475 0.7453703703703703 0.029166666666666667
0 0.9217592592592593 0.4591145833333333 0.06388888888888888 0.0359375
7 0.2574074074074074 0.5471354166666667 0.4388888888888889 0.0296875
7 0.43333333333333335 0.575 0.7907407407407407 0.026041666666666668
7 0.08981481481481482 0.6479166666666667 0.1037037037037037 0.030208333333333334
7 0.3333333333333333 0.67578125 0.5907407407407408 0.025520833333333333
0 0.9217592592592593 0.66171875 0.05648148148148148 0.0328125
7 0.24027777777777778 0.7486979166666666 0.4046296296296296 0.0296875
7 0.3236111111111111 0.8244791666666667 0.5824074074074074 0.029166666666666667
7 0.40046296296296297 0.85546875 0.7305555555555555 0.028645833333333332
0 0.9222222222222223 0.8375 0.05740740740740741 0.034375