3 0.2851851851851852 0.20442708333333334 0.22407407407407406 0.12552083333333333
7 0.28425925925925927 0.28802083333333334 0.09444444444444444 0.025
3 0.7129629629629629 0.20442708333333334 0.22407407407407406 0.12552083333333333
7 0.7125 0.28802083333333334 0.14351851851851852 0.026041666666666668
7 0.09027777777777778 0.37395833333333334 0.1175925925925926 0.026041666666666668
2 0.08333333333333333 0.44088541666666664 0.06851851851851852 0.033854166666666664
7 0.28425925925925927 0.4276041666666667 0.25 0.029166666666666667
7 0.3416666666666667 0.46328125 0.362962962962963 0.03177083333333333
2 0.08148148148148149 0.5440104166666667 0.08333333333333333 0.030729166666666665
7 0.30972222222222223 0.5346354166666667 0.30092592592592593 0.033854166666666664
7 0.475 0.56875 0.6222222222222222 0.028125
2 0.850925925925926 0.5481770833333334 0.05185185185185185 0.0265625
2 0.9402777777777778 0.5466145833333333 0.06574074074074074 0.033854166666666664
2 0.08194444444444444 0.65234375 0.06944444444444445 0.03802083333333333
7 0.3375 0.6395833333333333 0.35833333333333334 0.03333333333333333
7 0.4027777777777778 0.67421875 0.48148148148148145 0.0296875
2 0.9393518518518519 0.6515625 0.06388888888888888 0.03125
2 0.08148148148148149 0.75859375 0.07592592592592592 0.043229166666666666
7 0.2972222222222222 0.7434895833333334 0.2796296296296296 0.028645833333333332
7 0.4722222222222222 0.7770833333333333 0.6166666666666667 0.03125
2 0.9398148148148148 0.7609375 0.06111111111111111 0.0375
2 0.0824074074074074 0.8638020833333333 0.07037037037037037 0.043229166666666666
7 0.23842592592592593 0.8481770833333333 0.14907407407407408 0.0390625
7 0.475 0.884375 0.6222222222222222 0.030208333333333334
2 0.9398148148148148 0.8638020833333333 0.06111111111111111 0.033854166666666664
7 0.2810185185185185 0.07239583333333334 0.2175925925925926 0.027083333333333334
2 0.06851851851851852 0.07213541666666666 0.06481481481481481 0.03697916666666667