7 0.08981481481481482 0.06822916666666666 0.11296296296296296 0.023958333333333335
7 0.20185185185185187 0.1171875 0.337037037037037 0.023958333333333335
0 0.9212962962962963 0.13072916666666667 0.06111111111111111 0.030208333333333334
0 0.9194444444444444 0.3416666666666667 0.05 0.029166666666666667
0 0.9212962962962963 0.46510416666666665 0.053703703703703705 0.030208333333333334
0 0.9203703703703704 0.6270833333333333 0.05555555555555555 0.03125
7 0.13333333333333333 0.21875 0.1925925925925926 0.025
7 0.4398148148148148 0.14635416666666667 0.812962962962963 0.023958333333333335
7 0.46111111111111114 0.246875 0.8555555555555555 0.022916666666666665
7 0.24722222222222223 0.31979166666666664 0.4388888888888889 0.025
7 0.39537037037037037 0.35833333333333334 0.7351851851851852 0.04583333333333333
7 0.2916666666666667 0.44114583333333335 0.5166666666666667 0.026041666666666668
7 0.43333333333333335 0.4817708333333333 0.8 0.042708333333333334
7 0.13425925925925927 0.5645833333333333 0.20555555555555555 0.025
7 0.1574074074074074 0.6166666666666667 0.24814814814814815 0.025
7 0.2935185185185185 0.6442708333333333 0.524074074074074 0.023958333333333335
7 0.225 0.715625 0.38333333333333336 0.025
7 0.412962962962963 0.7447916666666666 0.7592592592592593 0.027083333333333334
7 0.175 0.8177083333333334 0.28703703703703703 0.027083333333333334
7 0.1814814814814815 0.8661458333333333 0.13703703703703704 0.026041666666666668
7 0.09351851851851851 0.9161458333333333 0.12037037037037036 0.026041666666666668