7 0.32546296296296295 0.07291666666666667 0.3675925925925926 0.03229166666666667
2 0.06851851851851852 0.07057291666666667 0.05555555555555555 0.0265625
3 0.2490740740740741 0.23203125 0.29259259259259257 0.1640625
7 0.2513888888888889 0.34088541666666666 0.06574074074074074 0.030729166666666665
3 0.7490740740740741 0.23203125 0.29259259259259257 0.1640625
7 0.7537037037037037 0.34140625 0.06666666666666667 0.03177083333333333
3 0.2490740740740741 0.5044270833333333 0.29259259259259257 0.1640625
7 0.24814814814814815 0.6151041666666667 0.09814814814814815 0.035416666666666666
3 0.7490740740740741 0.5044270833333333 0.29259259259259257 0.1640625
7 0.7513888888888889 0.6153645833333333 0.08425925925925926 0.0296875
3 0.2490740740740741 0.77734375 0.29259259259259257 0.1640625
7 0.25 0.8875 0.07962962962962963 0.030208333333333334
3 0.7490740740740741 0.77734375 0.29259259259259257 0.1640625
7 0.7527777777777778 0.8872395833333333 0.11481481481481481 0.0296875