7 0.5185185185185185 0.5317708333333333 0.5277777777777778 0.04791666666666667
7 0.5194444444444445 0.5682291666666667 0.6259259259259259 0.021875
2 0.06759259259259259 0.06510416666666667 0.07777777777777778 0.04375
2 0.6847222222222222 0.06484375 0.08611111111111111 0.0453125
2 0.8101851851851852 0.06380208333333333 0.07592592592592592 0.030729166666666665
2 0.9361111111111111 0.06432291666666666 0.06111111111111111 0.0359375
2 0.10277777777777777 0.11640625 0.06111111111111111 0.03177083333333333
7 0.10277777777777777 0.14348958333333334 0.07777777777777778 0.022395833333333334
2 0.3037037037037037 0.11640625 0.06111111111111111 0.03177083333333333
7 0.3037037037037037 0.14348958333333334 0.06481481481481481 0.022395833333333334
2 0.5037037037037037 0.11640625 0.06111111111111111 0.03177083333333333
7 0.5041666666666667 0.14348958333333334 0.0712962962962963 0.022395833333333334
2 0.7046296296296296 0.11744791666666667 0.06666666666666667 0.034895833333333334
7 0.7046296296296296 0.14348958333333334 0.1037037037037037 0.022395833333333334
2 0.9064814814814814 0.11796875 0.06296296296296296 0.034895833333333334
7 0.9055555555555556 0.14348958333333334 0.10185185185185185 0.022395833333333334
7 0.49444444444444446 0.4895833333333333 0.3962962962962963 0.03125
7 0.17314814814814813 0.5442708333333334 0.05185185185185185 0.013541666666666667