7 0.25601851851851853 0.09739583333333333 0.4101851851851852 0.0375
2 0.8925925925925926 0.0953125 0.053703703703703705 0.03229166666666667
7 0.4759259259259259 0.23385416666666667 0.8444444444444444 0.16458333333333333
7 0.28425925925925927 0.3625 0.45555555555555555 0.03333333333333333
7 0.19953703703703704 0.42083333333333334 0.28425925925925927 0.03125
7 0.2152777777777778 0.4830729166666667 0.3175925925925926 0.03177083333333333
7 0.12731481481481483 0.5427083333333333 0.1398148148148148 0.03125
7 0.25092592592592594 0.6036458333333333 0.3851851851851852 0.036458333333333336
7 0.48935185185185187 0.87734375 0.5935185185185186 0.030729166666666665
7 0.5 0.7830729166666667 0.2851851851851852 0.034895833333333334
8 0.5028981481481481 0.7828802083333334 0.8744722222222222 0.091796875