7 0.35185185185185186 0.07395833333333333 0.37592592592592594 0.0375
2 0.06574074074074074 0.07161458333333333 0.05185185185185185 0.027604166666666666
7 0.1310185185185185 0.14713541666666666 0.19722222222222222 0.0296875
7 0.18333333333333332 0.17578125 0.3 0.024479166666666666
0 0.9217592592592593 0.15807291666666667 0.058333333333333334 0.03177083333333333
7 0.18564814814814815 0.24791666666666667 0.2972222222222222 0.023958333333333335
7 0.23333333333333334 0.2752604166666667 0.3962962962962963 0.022395833333333334
0 0.9226851851851852 0.2598958333333333 0.06018518518518518 0.03125
7 0.24583333333333332 0.3497395833333333 0.41944444444444445 0.0265625
7 0.47129629629629627 0.3893229166666667 0.8814814814814815 0.049479166666666664
7 0.2689814814814815 0.47109375 0.47129629629629627 0.030729166666666665
7 0.4236111111111111 0.5109375 0.7861111111111111 0.04895833333333333
0 0.9217592592592593 0.4940104166666667 0.05462962962962963 0.0296875
7 0.19907407407407407 0.5947916666666667 0.32592592592592595 0.027083333333333334
7 0.42962962962962964 0.6453125 0.7888888888888889 0.06979166666666667
0 0.9212962962962963 0.6294270833333333 0.05740740740740741 0.03177083333333333