7 0.4935185185185185 0.2765625 0.5648148148148148 0.03229166666666667
7 0.3731481481481482 0.3416666666666667 0.2574074074074074 0.027083333333333334
7 0.5148148148148148 0.38177083333333334 0.5407407407407407 0.042708333333333334
7 0.4222222222222222 0.44375 0.35185185185185186 0.027083333333333334
7 0.5638888888888889 0.48489583333333336 0.6462962962962963 0.04479166666666667
7 0.4305555555555556 0.5494791666666666 0.38333333333333336 0.030208333333333334
7 0.5638888888888889 0.5880208333333333 0.6425925925925926 0.04479166666666667
7 0.4962962962962963 0.8963541666666667 0.8629629629629629 0.042708333333333334
2 0.875 0.2546875 0.053703703703703705 0.030208333333333334
7 0.49907407407407406 0.6666666666666666 0.32407407407407407 0.027083333333333334
8 0.5006851851851852 0.6651770833333334 0.8036481481481482 0.06547916666666667