7 0.4703703703703704 0.16197916666666667 0.8981481481481481 0.059375
7 0.2657407407407407 0.26510416666666664 0.4111111111111111 0.030208333333333334
7 0.8523148148148149 0.26588541666666665 0.20277777777777778 0.0296875
7 0.1712962962962963 0.35651041666666666 0.22592592592592592 0.025520833333333333
7 0.17222222222222222 0.45598958333333334 0.22777777777777777 0.0265625
2 0.9351851851851852 0.5518229166666667 0.05185185185185185 0.0328125
7 0.1814814814814815 0.5541666666666667 0.24259259259259258 0.030208333333333334
5 0.05185185185185185 0.62578125 0.04259259259259259 0.03177083333333333
5 0.21851851851851853 0.625 0.044444444444444446 0.030208333333333334
2 0.06759259259259259 0.07057291666666667 0.044444444444444446 0.027604166666666666
7 0.3425925925925926 0.07421875 0.4148148148148148 0.03697916666666667
7 0.9046296296296297 0.07395833333333333 0.13333333333333333 0.03125
7 0.1259259259259259 0.6268229166666667 0.10555555555555556 0.027604166666666666
7 0.3162037037037037 0.6263020833333334 0.1527777777777778 0.0265625
7 0.49953703703703706 0.703125 0.175 0.028125
8 0.5023148148148148 0.7057291666666666 0.9381203703703703 0.06510416666666667