7 0.27037037037037037 0.09869791666666666 0.37407407407407406 0.033854166666666664
7 0.30185185185185187 0.15885416666666666 0.20185185185185187 0.029166666666666667
7 0.35462962962962963 0.22578125 0.2962962962962963 0.0296875
7 0.4375 0.29192708333333334 0.47129629629629627 0.0328125
7 0.33796296296296297 0.3567708333333333 0.25925925925925924 0.03125
7 0.3592592592592593 0.42135416666666664 0.30925925925925923 0.029166666666666667
7 0.34305555555555556 0.48828125 0.2657407407407407 0.033854166666666664
7 0.32175925925925924 0.5546875 0.23055555555555557 0.030208333333333334
7 0.33287037037037037 0.6192708333333333 0.2490740740740741 0.026041666666666668
7 0.35509259259259257 0.68515625 0.2953703703703704 0.030729166666666665
7 0.3236111111111111 0.7513020833333334 0.2324074074074074 0.0296875
7 0.2828703703703704 0.8158854166666667 0.1527777777777778 0.030729166666666665
7 0.6819444444444445 0.8747395833333333 0.14166666666666666 0.0234375
7 0.8537037037037037 0.875 0.07777777777777778 0.020833333333333332
0 0.12361111111111112 0.15911458333333334 0.05648148148148148 0.0296875
0 0.1259259259259259 0.22473958333333333 0.05185185185185185 0.0296875
0 0.12546296296296297 0.290625 0.05462962962962963 0.03125
0 0.12638888888888888 0.3567708333333333 0.05462962962962963 0.030208333333333334
0 0.12546296296296297 0.421875 0.05462962962962963 0.03229166666666667
0 0.12546296296296297 0.4864583333333333 0.05092592592592592 0.030208333333333334
0 0.1259259259259259 0.553125 0.053703703703703705 0.030208333333333334
0 0.12546296296296297 0.6184895833333334 0.05277777777777778 0.030729166666666665
0 0.12546296296296297 0.68515625 0.05462962962962963 0.03177083333333333
0 0.125 0.7497395833333333 0.053703703703703705 0.03177083333333333
0 0.1259259259259259 0.8158854166666667 0.053703703703703705 0.03177083333333333