7 0.25462962962962965 0.09765625 0.40555555555555556 0.03802083333333333
2 0.8916666666666667 0.09375 0.05740740740740741 0.034375
7 0.40370370370370373 0.1828125 0.6925925925925925 0.06145833333333333
5 0.08425925925925926 0.2609375 0.05555555555555555 0.03125
7 0.3837962962962963 0.265625 0.462037037037037 0.042708333333333334
5 0.08564814814814815 0.3294270833333333 0.05648148148148148 0.03177083333333333
7 0.3921296296296296 0.3328125 0.4787037037037037 0.03958333333333333
5 0.08425925925925926 0.3963541666666667 0.05740740740740741 0.03229166666666667
7 0.2611111111111111 0.4005208333333333 0.2111111111111111 0.034375
5 0.08333333333333333 0.4661458333333333 0.05555555555555555 0.03125
7 0.27685185185185185 0.46796875 0.24074074074074073 0.033854166666666664
5 0.08425925925925926 0.5333333333333333 0.053703703703703705 0.030208333333333334
7 0.23935185185185184 0.5354166666666667 0.1712962962962963 0.03333333333333333
5 0.08333333333333333 0.6026041666666667 0.05740740740740741 0.03229166666666667
7 0.2777777777777778 0.6049479166666667 0.24444444444444444 0.033854166666666664
5 0.08287037037037037 0.67109375 0.05648148148148148 0.0296875
7 0.44814814814814813 0.6763020833333333 0.5851851851851851 0.04010416666666667
5 0.08518518518518518 0.7395833333333334 0.053703703703703705 0.03229166666666667
7 0.2300925925925926 0.7408854166666666 0.15092592592592594 0.0328125
7 0.5013888888888889 0.85546875 0.287962962962963 0.0359375
8 0.5034814814814814 0.85775 0.8756296296296295 0.087890625