2 0.03796296296296296 0.06640625 0.04814814814814815 0.0328125
7 0.49907407407407406 0.19270833333333334 0.4111111111111111 0.059375
7 0.3435185185185185 0.3265625 0.4425925925925926 0.035416666666666666
7 0.23333333333333334 0.4010416666666667 0.2037037037037037 0.035416666666666666
2 0.8634259259259259 0.32265625 0.04722222222222222 0.030729166666666665
7 0.49953703703703706 0.5640625 0.30833333333333335 0.021875
7 0.4976851851851852 0.6541666666666667 0.08611111111111111 0.020833333333333332
2 0.5861111111111111 0.7145833333333333 0.10185185185185185 0.057291666666666664
2 0.4111111111111111 0.7145833333333333 0.10185185185185185 0.057291666666666664
4 0.5009259259259259 0.3234375 0.8407407407407408 0.08229166666666667
4 0.4981481481481482 0.39947916666666666 0.8351851851851851 0.08229166666666667
7 0.5 0.4942708333333333 0.14814814814814814 0.025
8 0.5023240740740741 0.49446875 0.8270185185185185 0.07486979166666667