7 0.1111111111111111 0.22265625 0.18518518518518517 0.0234375
7 0.2828703703703704 0.26666666666666666 0.49166666666666664 0.030208333333333334
7 0.10925925925925926 0.33177083333333335 0.1814814814814815 0.025
0 0.062037037037037036 0.5502604166666667 0.05 0.025520833333333333
7 0.49722222222222223 0.8372395833333334 0.6314814814814815 0.0265625
7 0.26342592592592595 0.5528645833333333 0.33055555555555555 0.0265625
4 0.49907407407407406 0.26484375 0.9555555555555556 0.0515625
4 0.5009259259259259 0.3736979166666667 0.9592592592592593 0.05364583333333333
7 0.4962962962962963 0.12734375 0.3814814814814815 0.05572916666666667
7 0.8837962962962963 0.43411458333333336 0.13055555555555556 0.027604166666666666
7 0.4962962962962963 0.8893229166666666 0.46296296296296297 0.0296875
8 0.8871574074074075 0.431640625 0.17538888888888887 0.04296875