2 0.075 0.06458333333333334 0.06851851851851852 0.0375
7 0.19675925925925927 0.06640625 0.14351851851851852 0.027604166666666666
7 0.22592592592592592 0.12994791666666666 0.38333333333333336 0.03177083333333333
7 0.825462962962963 0.12786458333333334 0.05092592592592592 0.022395833333333334
0 0.9157407407407407 0.12838541666666667 0.08333333333333333 0.0484375
3 0.1111111111111111 0.20885416666666667 0.15555555555555556 0.065625
7 0.35 0.2125 0.25925925925925924 0.030208333333333334
0 0.9143518518518519 0.20963541666666666 0.08425925925925926 0.0515625
3 0.1111111111111111 0.28958333333333336 0.15555555555555556 0.065625
7 0.31203703703703706 0.29244791666666664 0.17962962962962964 0.027604166666666666
0 0.913425925925926 0.290625 0.09166666666666666 0.04791666666666667
3 0.1111111111111111 0.3697916666666667 0.15555555555555556 0.065625
7 0.3578703703703704 0.37083333333333335 0.28055555555555556 0.026041666666666668
0 0.9152777777777777 0.3697916666666667 0.08796296296296297 0.04895833333333333
3 0.1111111111111111 0.45 0.15555555555555556 0.065625
7 0.3486111111111111 0.45078125 0.25833333333333336 0.024479166666666666
0 0.9138888888888889 0.4505208333333333 0.08518518518518518 0.04895833333333333
3 0.1111111111111111 0.5307291666666667 0.15555555555555556 0.065625
7 0.3472222222222222 0.5333333333333333 0.26296296296296295 0.027083333333333334
0 0.9143518518518519 0.5317708333333333 0.08425925925925926 0.04895833333333333
3 0.1111111111111111 0.6114583333333333 0.15555555555555556 0.065625
7 0.35462962962962963 0.6119791666666666 0.26666666666666666 0.025
0 0.9138888888888889 0.61171875 0.08703703703703704 0.049479166666666664
3 0.1111111111111111 0.6916666666666667 0.15555555555555556 0.065625
7 0.32685185185185184 0.6942708333333333 0.2111111111111111 0.029166666666666667
0 0.913425925925926 0.6927083333333334 0.08796296296296297 0.04895833333333333
3 0.1111111111111111 0.771875 0.15555555555555556 0.065625
7 0.41759259259259257 0.775 0.39444444444444443 0.03125
0 0.9148148148148149 0.7734375 0.08518518518518518 0.052083333333333336
2 0.0125 0.06614583333333333 0.025 0.040625