7 0.26435185185185184 0.07239583333333334 0.19166666666666668 0.042708333333333334
2 0.06712962962962964 0.07057291666666667 0.0712962962962963 0.03177083333333333
2 0.9486111111111111 0.06953125 0.04537037037037037 0.0421875
7 0.14629629629629629 0.14505208333333333 0.2351851851851852 0.03177083333333333
7 0.14074074074074075 0.19713541666666667 0.22407407407407406 0.0328125
7 0.09814814814814815 0.26979166666666665 0.12037037037037036 0.030208333333333334
7 0.3819444444444444 0.34661458333333334 0.6990740740740741 0.033854166666666664
7 0.09583333333333334 0.4200520833333333 0.125 0.0296875
7 0.25925925925925924 0.44817708333333334 0.45 0.0234375
0 0.9212962962962963 0.4328125 0.07777777777777778 0.04375
7 0.2851851851851852 0.521875 0.5074074074074074 0.029166666666666667
7 0.3648148148148148 0.5494791666666666 0.6592592592592592 0.025
7 0.14537037037037037 0.62109375 0.22777777777777777 0.027604166666666666
7 0.10092592592592593 0.6723958333333333 0.13703703703703704 0.029166666666666667
7 0.42268518518518516 0.7005208333333334 0.775 0.027083333333333334
7 0.08055555555555556 0.7729166666666667 0.08888888888888889 0.025
7 0.25092592592592594 0.8013020833333333 0.43703703703703706 0.0265625
7 0.14953703703703702 0.87421875 0.23055555555555557 0.028645833333333332