2 0.05 0.0625 0.06296296296296296 0.03333333333333333
7 0.49722222222222223 0.06458333333333334 0.6611111111111111 0.029166666666666667
7 0.34444444444444444 0.12083333333333333 0.6518518518518519 0.025
7 0.275 0.17239583333333333 0.5203703703703704 0.023958333333333335
7 0.2722222222222222 0.22395833333333334 0.5111111111111111 0.025
7 0.27314814814814814 0.27395833333333336 0.512962962962963 0.027083333333333334
7 0.24444444444444444 0.325 0.45555555555555555 0.025
7 0.3074074074074074 0.37604166666666666 0.5851851851851851 0.027083333333333334
7 0.24351851851851852 0.425 0.4537037037037037 0.025
7 0.30462962962962964 0.47760416666666666 0.5796296296296296 0.021875
7 0.2 0.5286458333333334 0.36666666666666664 0.023958333333333335
7 0.24259259259259258 0.578125 0.4444444444444444 0.022916666666666665
7 0.28888888888888886 0.6296875 0.5444444444444444 0.023958333333333335
7 0.30092592592592593 0.6807291666666667 0.5722222222222222 0.023958333333333335
7 0.26666666666666666 0.7307291666666667 0.4962962962962963 0.023958333333333335
7 0.0962962962962963 0.921875 0.1 0.01875
7 0.2972222222222222 0.921875 0.15 0.014583333333333334
7 0.4962962962962963 0.921875 0.06666666666666667 0.016666666666666666
7 0.6972222222222222 0.9223958333333333 0.08333333333333333 0.017708333333333333
7 0.8972222222222223 0.9213541666666667 0.06481481481481481 0.017708333333333333
2 0.0962962962962963 0.8947916666666667 0.05555555555555555 0.027083333333333334
2 0.29814814814814816 0.8947916666666667 0.05555555555555555 0.027083333333333334
2 0.4962962962962963 0.8953125 0.05185185185185185 0.030208333333333334
2 0.6981481481481482 0.8953125 0.05185185185185185 0.028125
2 0.899074074074074 0.8958333333333334 0.05740740740740741 0.0125