7 0.22407407407407406 0.10052083333333334 0.21851851851851853 0.034375
7 0.42314814814814816 0.14895833333333333 0.37962962962962965 0.03125
7 0.31666666666666665 0.21458333333333332 0.17037037037037037 0.03333333333333333
7 0.4046296296296296 0.2791666666666667 0.3388888888888889 0.035416666666666666
7 0.42777777777777776 0.3458333333333333 0.3925925925925926 0.03125
7 0.4675925925925926 0.4109375 0.4722222222222222 0.03229166666666667
7 0.47962962962962963 0.47708333333333336 0.4888888888888889 0.03125
7 0.4398148148148148 0.5427083333333333 0.4166666666666667 0.035416666666666666
7 0.40555555555555556 0.6098958333333333 0.34444444444444444 0.03229166666666667
7 0.38796296296296295 0.6734375 0.31296296296296294 0.034375
7 0.4361111111111111 0.7390625 0.40925925925925927 0.028125
7 0.4444444444444444 0.8057291666666667 0.42962962962962964 0.026041666666666668
7 0.825 0.8723958333333334 0.13148148148148148 0.023958333333333335
5 0.14907407407407408 0.14635416666666667 0.06851851851851852 0.036458333333333336
5 0.14814814814814814 0.21197916666666666 0.06296296296296296 0.036458333333333336
5 0.14907407407407408 0.2760416666666667 0.06111111111111111 0.03333333333333333
5 0.15092592592592594 0.34270833333333334 0.07222222222222222 0.03333333333333333
5 0.14907407407407408 0.409375 0.06851851851851852 0.03333333333333333
5 0.15092592592592594 0.4734375 0.06111111111111111 0.036458333333333336
5 0.15185185185185185 0.5390625 0.06296296296296296 0.036458333333333336
5 0.15092592592592594 0.60625 0.06481481481481481 0.0375
5 0.1527777777777778 0.6708333333333333 0.06481481481481481 0.0375
5 0.15092592592592594 0.7359375 0.06851851851851852 0.036458333333333336
5 0.14907407407407408 0.8026041666666667 0.06481481481481481 0.036458333333333336