7 0.12407407407407407 0.14166666666666666 0.12037037037037036 0.030208333333333334
7 0.37407407407407406 0.14348958333333334 0.07037037037037037 0.025520833333333333
7 0.6222222222222222 0.14192708333333334 0.12037037037037036 0.0265625
7 0.8763888888888889 0.14166666666666666 0.1287037037037037 0.027083333333333334
7 0.0912037037037037 0.21640625 0.09537037037037037 0.0234375
7 0.14722222222222223 0.26119791666666664 0.20925925925925926 0.0296875
2 0.4981481481481482 0.2520833333333333 0.06296296296296296 0.034375
7 0.9305555555555556 0.21692708333333333 0.04814814814814815 0.025520833333333333
7 0.8916666666666667 0.26119791666666664 0.13518518518518519 0.03177083333333333
7 0.15555555555555556 0.37135416666666665 0.22592592592592592 0.023958333333333335
7 0.1875 0.4119791666666667 0.2916666666666667 0.028125
3 0.49907407407407406 0.7260416666666667 0.9074074074074074 0.2989583333333333
2 0.06620370370370371 0.07109375 0.049074074074074076 0.030729166666666665
7 0.5092592592592593 0.07057291666666667 0.1814814814814815 0.0328125
2 0.9416666666666667 0.0703125 0.06296296296296296 0.036458333333333336
7 0.49907407407407406 0.5114583333333333 0.31851851851851853 0.029166666666666667
7 0.49907407407407406 0.6216145833333333 0.5796296296296296 0.028645833333333332
7 0.500462962962963 0.6518229166666667 0.4675925925925926 0.024479166666666666
7 0.49953703703703706 0.6901041666666666 0.38796296296296295 0.05
8 0.5011574074074074 0.5094427083333334 0.9080277777777778 0.07877604166666667