3 0.08287037037037037 0.06067708333333333 0.16574074074074074 0.12135416666666667
3 0.2490740740740741 0.06067708333333333 0.16666666666666666 0.12135416666666667
3 0.41574074074074074 0.06067708333333333 0.16666666666666666 0.12135416666666667
3 0.5824074074074074 0.06067708333333333 0.16666666666666666 0.12135416666666667
3 0.7490740740740741 0.06067708333333333 0.16666666666666666 0.12135416666666667
3 0.9157407407407407 0.06067708333333333 0.16666666666666666 0.12135416666666667
3 0.09953703703703703 0.17760416666666667 0.19907407407407407 0.1125
3 0.29907407407407405 0.17760416666666667 0.2 0.1125
3 0.49907407407407406 0.17760416666666667 0.2 0.1125
3 0.6990740740740741 0.17760416666666667 0.2 0.1125
3 0.899074074074074 0.17760416666666667 0.2 0.1125
3 0.09953703703703703 0.29010416666666666 0.19907407407407407 0.1125
3 0.29907407407407405 0.29010416666666666 0.2 0.1125
3 0.49907407407407406 0.29010416666666666 0.2 0.1125
3 0.6990740740740741 0.29010416666666666 0.2 0.1125
3 0.899074074074074 0.29010416666666666 0.2 0.1125
3 0.09953703703703703 0.40260416666666665 0.19907407407407407 0.1125
3 0.29907407407407405 0.40260416666666665 0.2 0.1125
3 0.49907407407407406 0.40260416666666665 0.2 0.1125
3 0.6990740740740741 0.40260416666666665 0.2 0.1125
3 0.899074074074074 0.40260416666666665 0.2 0.1125
3 0.09953703703703703 0.5151041666666667 0.19907407407407407 0.1125
3 0.29907407407407405 0.5151041666666667 0.2 0.1125
3 0.49907407407407406 0.5151041666666667 0.2 0.1125
3 0.6990740740740741 0.5151041666666667 0.2 0.1125
3 0.899074074074074 0.5151041666666667 0.2 0.1125
3 0.09953703703703703 0.6276041666666666 0.19907407407407407 0.1125
3 0.29907407407407405 0.6276041666666666 0.2 0.1125
3 0.49907407407407406 0.6276041666666666 0.2 0.1125
3 0.6990740740740741 0.6276041666666666 0.2 0.1125
3 0.899074074074074 0.6276041666666666 0.2 0.1125
3 0.09953703703703703 0.7401041666666667 0.19907407407407407 0.1125
3 0.29907407407407405 0.7401041666666667 0.2 0.1125
3 0.49907407407407406 0.7401041666666667 0.2 0.1125
3 0.6990740740740741 0.7401041666666667 0.2 0.1125
3 0.899074074074074 0.7401041666666667 0.2 0.1125
3 0.09953703703703703 0.8526041666666667 0.19907407407407407 0.1125
3 0.29907407407407405 0.8526041666666667 0.2 0.1125
3 0.49907407407407406 0.8526041666666667 0.2 0.1125
3 0.6990740740740741 0.8526041666666667 0.2 0.1125
3 0.899074074074074 0.8526041666666667 0.2 0.1125