2 0.11018518518518519 0.17057291666666666 0.1259259259259259 0.0703125
7 0.5560185185185185 0.17317708333333334 0.6435185185185185 0.058854166666666666
2 0.11018518518518519 0.29401041666666666 0.1259259259259259 0.0703125
7 0.46111111111111114 0.29583333333333334 0.44814814814814813 0.028125
2 0.11018518518518519 0.41510416666666666 0.1259259259259259 0.07083333333333333
7 0.4532407407407407 0.4166666666666667 0.43796296296296294 0.027083333333333334
2 0.11018518518518519 0.53828125 0.1259259259259259 0.0703125
7 0.5277777777777778 0.54140625 0.5888888888888889 0.06197916666666667
2 0.11018518518518519 0.6635416666666667 0.1259259259259259 0.06979166666666667
7 0.5796296296296296 0.66796875 0.6888888888888889 0.06302083333333333
2 0.11018518518518519 0.7869791666666667 0.1259259259259259 0.07083333333333333
7 0.3421296296296296 0.7875 0.2101851851851852 0.030208333333333334
2 0.11018518518518519 0.9122395833333333 0.1259259259259259 0.043229166666666666
2 0.06805555555555555 0.06979166666666667 0.05092592592592592 0.029166666666666667
7 0.47685185185185186 0.0734375 0.6796296296296296 0.034375