7 0.48518518518518516 0.09270833333333334 0.5481481481481482 0.029166666666666667
7 0.18796296296296297 0.38385416666666666 0.1425925925925926 0.026041666666666668
7 0.1962962962962963 0.4484375 0.15555555555555556 0.028125
7 0.825 0.38385416666666666 0.09814814814814815 0.019791666666666666
7 0.2 0.5130208333333334 0.16666666666666666 0.028125
7 0.1935185185185185 0.5776041666666667 0.15 0.030208333333333334
7 0.2916666666666667 0.6401041666666667 0.35 0.030208333333333334
7 0.22962962962962963 0.703125 0.22592592592592592 0.020833333333333332
7 0.41574074074074074 0.7604166666666666 0.6055555555555555 0.020833333333333332
0 0.8351851851851851 0.759375 0.040740740740740744 0.025
2 0.1648148148148148 0.8484375 0.07037037037037037 0.036458333333333336
2 0.4981481481481482 0.846875 0.05555555555555555 0.041666666666666664
2 0.8333333333333334 0.8479166666666667 0.04814814814814815 0.03333333333333333
2 0.0824074074074074 0.9046875 0.07592592592592592 0.030208333333333334
2 0.2490740740740741 0.9052083333333333 0.07592592592592592 0.035416666666666666
2 0.4212962962962963 0.9052083333333333 0.07592592592592592 0.0375
2 0.5814814814814815 0.9078125 0.07777777777777778 0.03229166666666667
2 0.7527777777777778 0.9041666666666667 0.07222222222222222 0.035416666666666666
2 0.9175925925925926 0.9057291666666667 0.07592592592592592 0.036458333333333336
0 0.837037037037037 0.6385416666666667 0.044444444444444446 0.022916666666666665
7 0.8157407407407408 0.5755208333333334 0.12407407407407407 0.019791666666666666
7 0.8398148148148148 0.5109375 0.06481481481481481 0.019791666666666666
0 0.8388888888888889 0.4453125 0.05185185185185185 0.026041666666666668
7 0.850925925925926 0.34010416666666665 0.08703703703703704 0.019791666666666666
2 0.7842592592592592 0.33958333333333335 0.03518518518518519 0.022916666666666665
7 0.2851851851851852 0.15364583333333334 0.0962962962962963 0.026041666666666668
2 0.8444444444444444 0.153125 0.05185185185185185 0.022916666666666665
2 0.9481481481481482 0.09010416666666667 0.044444444444444446 0.028125
4 0.49537037037037035 0.384375 0.8055555555555556 0.058333333333333334
4 0.49537037037037035 0.4479166666666667 0.8055555555555556 0.05625
4 0.4925925925925926 0.5114583333333333 0.8074074074074075 0.05416666666666667
4 0.49537037037037035 0.575 0.8055555555555556 0.05416666666666667
4 0.4935185185185185 0.6390625 0.8018518518518518 0.05520833333333333
4 0.49444444444444446 0.7614583333333333 0.8074074074074075 0.05625
4 0.5583333333333333 0.15364583333333334 0.6759259259259259 0.05520833333333333
7 0.8361111111111111 0.7015625 0.08333333333333333 0.019791666666666666