2 0.06666666666666667 0.06979166666666667 0.046296296296296294 0.027083333333333334
2 0.9314814814814815 0.0703125 0.05925925925925926 0.034375
7 0.26435185185185184 0.0703125 0.24537037037037038 0.03229166666666667
7 0.1310185185185185 0.14557291666666666 0.19166666666666668 0.0296875
7 0.075 0.21927083333333333 0.08703703703703704 0.025
7 0.1 0.2911458333333333 0.12962962962962962 0.025
7 0.12407407407407407 0.3614583333333333 0.17777777777777778 0.025
7 0.1087962962962963 0.43411458333333336 0.14722222222222223 0.022395833333333334
7 0.12638888888888888 0.5059895833333333 0.18796296296296297 0.024479166666666666
7 0.08796296296296297 0.5799479166666667 0.1037037037037037 0.022395833333333334
7 0.16527777777777777 0.6518229166666667 0.25833333333333336 0.0203125
7 0.11203703703703703 0.7223958333333333 0.14814814814814814 0.021875
7 0.11435185185185186 0.7950520833333333 0.15462962962962962 0.0234375
2 0.16527777777777777 0.88203125 0.06574074074074074 0.03697916666666667
7 0.16620370370370371 0.9125 0.08611111111111111 0.022916666666666665
2 0.49907407407407406 0.8848958333333333 0.06666666666666667 0.035416666666666666
7 0.49907407407407406 0.9122395833333333 0.15185185185185185 0.0171875
2 0.8310185185185185 0.8838541666666667 0.06759259259259259 0.035416666666666666
7 0.8337962962962963 0.9143229166666667 0.06574074074074074 0.0171875