7 0.2861111111111111 0.13177083333333334 0.5537037037037037 0.026041666666666668
7 0.43703703703703706 0.07135416666666666 0.5925925925925926 0.028125
7 0.1675925925925926 0.178125 0.24259259259259258 0.029166666666666667
7 0.12222222222222222 0.22864583333333333 0.23333333333333334 0.021875
7 0.29444444444444445 0.2760416666666667 0.4962962962962963 0.029166666666666667
7 0.2972222222222222 0.33541666666666664 0.42407407407407405 0.025
7 0.33796296296296297 0.37916666666666665 0.5092592592592593 0.025
7 0.42592592592592593 0.4322916666666667 0.6814814814814815 0.027083333333333334
7 0.4888888888888889 0.5005208333333333 0.9629629629629629 0.04895833333333333
7 0.48518518518518516 0.5661458333333333 0.9592592592592593 0.046875
7 0.11388888888888889 0.8921875 0.10925925925925926 0.023958333333333335
7 0.8870370370370371 0.8911458333333333 0.1037037037037037 0.026041666666666668
0 0.05092592592592592 0.334375 0.05740740740740741 0.03125
0 0.05185185185185185 0.3776041666666667 0.05925925925925926 0.034375
0 0.05277777777777778 0.43072916666666666 0.06481481481481481 0.036458333333333336
2 0.05555555555555555 0.0703125 0.06296296296296296 0.034375