3 0.5 0.26927083333333335 0.937037037037037 0.18854166666666666
7 0.32083333333333336 0.39453125 0.5361111111111111 0.027604166666666666
7 0.14305555555555555 0.4283854166666667 0.18055555555555555 0.0234375
3 0.5 0.5822916666666667 0.937037037037037 0.18854166666666666
7 0.49675925925925923 0.7184895833333333 0.8935185185185185 0.050520833333333334
7 0.15416666666666667 0.7677083333333333 0.20092592592592592 0.025
3 0.5 0.88046875 0.937037037037037 0.10677083333333333
2 0.014814814814814815 0.0671875 0.02962962962962963 0.026041666666666668
7 0.18564814814814815 0.13072916666666667 0.058333333333333334 0.019791666666666666
7 0.5532407407407407 0.13046875 0.09351851851851851 0.021354166666666667
7 0.9217592592592593 0.13125 0.1361111111111111 0.019791666666666666