7 0.5055555555555555 0.0734375 0.11851851851851852 0.030208333333333334
2 0.06574074074074074 0.0703125 0.06481481481481481 0.030208333333333334
2 0.9407407407407408 0.07083333333333333 0.06666666666666667 0.04375
7 0.47962962962962963 0.36354166666666665 0.9 0.0875
7 0.1 0.4317708333333333 0.1111111111111111 0.028125
7 0.14444444444444443 0.48020833333333335 0.2 0.027083333333333334
7 0.15462962962962962 0.5963541666666666 0.2462962962962963 0.021875
7 0.49722222222222223 0.6307291666666667 0.7685185185185185 0.028125
7 0.8379629629629629 0.5979166666666667 0.2537037037037037 0.020833333333333332
7 0.4981481481481482 0.5380208333333333 0.1259259259259259 0.026041666666666668
7 0.2324074074074074 0.690625 0.38333333333333336 0.025
8 0.5033148148148149 0.5375729166666667 0.9253333333333333 0.060270833333333336
8 0.23685185185185187 0.6886145833333334 0.39238888888888884 0.061760416666666665
4 0.5006666666666667 0.4345208333333333 0.920037037037037 0.032739583333333336
4 0.5006666666666667 0.4836354166666667 0.9147407407407407 0.03571875