3 0.09953703703703703 0.055989583333333336 0.13055555555555556 0.0734375
3 0.49907407407407406 0.18125 0.2851851851851852 0.140625
3 0.17453703703703705 0.41953125 0.31574074074074077 0.17760416666666667
3 0.4986111111111111 0.41953125 0.31574074074074077 0.17760416666666667
3 0.8226851851851852 0.41953125 0.31574074074074077 0.17760416666666667
3 0.17453703703703705 0.6020833333333333 0.31574074074074077 0.178125
3 0.4986111111111111 0.6020833333333333 0.31574074074074077 0.178125
3 0.8226851851851852 0.6020833333333333 0.31574074074074077 0.178125
3 0.17453703703703705 0.784375 0.31574074074074077 0.178125
3 0.4986111111111111 0.784375 0.31574074074074077 0.178125
3 0.8226851851851852 0.784375 0.31574074074074077 0.178125