2 0.06620370370370371 0.07109375 0.058333333333333334 0.03802083333333333
7 0.22314814814814815 0.07369791666666667 0.16296296296296298 0.03177083333333333
7 0.10694444444444444 0.13958333333333334 0.06574074074074074 0.020833333333333332
7 0.18287037037037038 0.21223958333333334 0.2212962962962963 0.025520833333333333
7 0.1111111111111111 0.24010416666666667 0.06851851851851852 0.021875
7 0.18796296296296297 0.31197916666666664 0.22962962962962963 0.023958333333333335
7 0.25833333333333336 0.36223958333333334 0.37037037037037035 0.0234375
7 0.20694444444444443 0.38984375 0.2675925925925926 0.022395833333333334
7 0.1310185185185185 0.4625 0.11944444444444445 0.026041666666666668
7 0.18287037037037038 0.5140625 0.22314814814814815 0.027083333333333334
7 0.11296296296296296 0.53984375 0.07592592592592592 0.021354166666666667
7 0.2537037037037037 0.6151041666666667 0.362962962962963 0.028125
7 0.36898148148148147 0.64296875 0.5916666666666667 0.0234375
7 0.8652777777777778 0.6942708333333333 0.0712962962962963 0.019791666666666666
7 0.14212962962962963 0.7755208333333333 0.14351851851851852 0.023958333333333335
7 0.3013888888888889 0.8294270833333334 0.4527777777777778 0.028645833333333332
7 0.43703703703703706 0.87734375 0.7314814814814815 0.07135416666666666
0 0.8837962962962963 0.8622395833333333 0.05462962962962963 0.030729166666666665