7 0.20416666666666666 0.12864583333333332 0.21944444444444444 0.036458333333333336
7 0.25092592592592594 0.18984375 0.08888888888888889 0.028645833333333332
7 0.26851851851851855 0.2518229166666667 0.13333333333333333 0.027604166666666666
7 0.2675925925925926 0.31927083333333334 0.12777777777777777 0.03333333333333333
7 0.3175925925925926 0.38359375 0.22777777777777777 0.0265625
7 0.2537037037037037 0.44921875 0.1 0.0265625
7 0.274537037037037 0.5169270833333334 0.1398148148148148 0.0265625
7 0.30972222222222223 0.5791666666666667 0.21203703703703702 0.027083333333333334
7 0.2773148148148148 0.6489583333333333 0.13425925925925927 0.03229166666666667
7 0.24861111111111112 0.7127604166666667 0.0824074074074074 0.0296875
7 0.27685185185185185 0.7778645833333333 0.14444444444444443 0.030729166666666665
7 0.27314814814814814 0.8447916666666667 0.12962962962962962 0.03125
5 0.12685185185185185 0.18463541666666666 0.07222222222222222 0.034895833333333334
5 0.12546296296296297 0.25052083333333336 0.062037037037037036 0.035416666666666666
5 0.125 0.31640625 0.06851851851851852 0.0359375
5 0.12962962962962962 0.3815104166666667 0.06851851851851852 0.03697916666666667
5 0.12824074074074074 0.4473958333333333 0.06944444444444445 0.03958333333333333
5 0.12731481481481483 0.5140625 0.07685185185185185 0.035416666666666666
5 0.12546296296296297 0.5794270833333334 0.06388888888888888 0.0359375
5 0.1300925925925926 0.6447916666666667 0.0712962962962963 0.036458333333333336
5 0.125 0.7111979166666667 0.06111111111111111 0.0359375
5 0.12685185185185185 0.7768229166666667 0.07222222222222222 0.0359375
5 0.12685185185185185 0.8411458333333334 0.07222222222222222 0.035416666666666666