7 0.10277777777777777 0.07057291666666667 0.13703703703703704 0.028645833333333332
2 0.8435185185185186 0.07161458333333333 0.05925925925925926 0.0390625
2 0.9430555555555555 0.07057291666666667 0.05277777777777778 0.04114583333333333
7 0.2902777777777778 0.14479166666666668 0.5101851851851852 0.03125
7 0.21296296296296297 0.178125 0.3537037037037037 0.028125
6 0.9115740740740741 0.15963541666666667 0.09537037037037037 0.0359375
7 0.49953703703703706 0.459375 0.6731481481481482 0.071875
7 0.49953703703703706 0.5255208333333333 0.3175925925925926 0.03333333333333333
2 0.09907407407407408 0.8807291666666667 0.05925925925925926 0.03333333333333333
7 0.09768518518518518 0.91328125 0.11018518518518519 0.024479166666666666
2 0.29907407407407405 0.8955729166666667 0.05925925925925926 0.0328125
2 0.49907407407407406 0.8955729166666667 0.05925925925925926 0.0328125
2 0.6990740740740741 0.8955729166666667 0.05925925925925926 0.0328125
2 0.899074074074074 0.8955729166666667 0.05925925925925926 0.0328125