7 0.16805555555555557 0.14557291666666666 0.2212962962962963 0.0296875
7 0.5282407407407408 0.2734375 0.30092592592592593 0.029166666666666667
7 0.49907407407407406 0.40572916666666664 0.8351851851851851 0.03333333333333333
2 0.2777777777777778 0.4979166666666667 0.19444444444444445 0.109375
7 0.2773148148148148 0.5872395833333334 0.225 0.0265625
2 0.7203703703703703 0.4979166666666667 0.19444444444444445 0.109375
7 0.7189814814814814 0.5908854166666667 0.33425925925925926 0.0296875
2 0.2777777777777778 0.6809895833333334 0.1925925925925926 0.09010416666666667
7 0.2773148148148148 0.7638020833333333 0.3435185185185185 0.0296875
2 0.7199074074074074 0.6809895833333334 0.1935185185185185 0.09010416666666667
7 0.7185185185185186 0.7630208333333334 0.2851851851851852 0.029166666666666667
2 0.06759259259259259 0.06510416666666667 0.07777777777777778 0.04375
7 0.1814814814814815 0.06822916666666666 0.13703703703703704 0.030208333333333334
7 0.16018518518518518 0.19401041666666666 0.2111111111111111 0.028645833333333332
7 0.837037037037037 0.27057291666666666 0.1425925925925926 0.0234375
7 0.49953703703703706 0.84765625 0.3490740740740741 0.021354166666666667
8 0.5017592592592592 0.84765625 0.5620092592592593 0.0546875