7 0.49675925925925923 0.07161458333333333 0.2324074074074074 0.04114583333333333
2 0.09074074074074075 0.14348958333333334 0.09444444444444444 0.050520833333333334
7 0.425462962962963 0.14817708333333332 0.5064814814814815 0.03177083333333333
2 0.08703703703703704 0.22473958333333333 0.0962962962962963 0.05260416666666667
7 0.4787037037037037 0.22942708333333334 0.6203703703703703 0.03697916666666667
2 0.0875 0.3059895833333333 0.09537037037037037 0.0546875
7 0.30972222222222223 0.3109375 0.27314814814814814 0.040625
2 0.08472222222222223 0.3859375 0.09166666666666666 0.053125
7 0.22407407407407406 0.3893229166666667 0.10555555555555556 0.0390625
2 0.09212962962962963 0.46770833333333334 0.08981481481481482 0.051041666666666666
7 0.39166666666666666 0.46953125 0.4537037037037037 0.03697916666666667
2 0.08703703703703704 0.54765625 0.1 0.0546875
7 0.4166666666666667 0.55078125 0.49074074074074076 0.0421875