3 0.4981481481481482 0.24401041666666667 0.7518518518518519 0.2526041666666667
7 0.49907407407407406 0.49583333333333335 0.19814814814814816 0.022916666666666665
7 0.4981481481481482 0.5755208333333334 0.24814814814814815 0.021875
7 0.5009259259259259 0.6546875 0.32407407407407407 0.021875
7 0.49907407407407406 0.7302083333333333 0.3 0.021875
7 0.5 0.81328125 0.09444444444444444 0.0203125
8 0.5000277777777777 0.4957708333333333 0.4798425925925926 0.064453125
8 0.4994537037037037 0.576171875 0.4833148148148148 0.06640625
8 0.4994537037037037 0.654296875 0.4786851851851852 0.061197916666666664
8 0.5023425925925926 0.7334010416666668 0.4798425925925926 0.068359375
8 0.5012037037037037 0.812828125 0.2182962962962963 0.06575520833333333