7 0.4981481481481482 0.14192708333333334 0.5537037037037037 0.03177083333333333
3 0.10138888888888889 0.190625 0.16574074074074074 0.036458333333333336
7 0.30462962962962964 0.18203125 0.2037037037037037 0.019270833333333334
3 0.10138888888888889 0.2872395833333333 0.16574074074074074 0.0984375
7 0.3347222222222222 0.28489583333333335 0.2638888888888889 0.036458333333333336
3 0.10138888888888889 0.3971354166666667 0.16574074074074074 0.0984375
7 0.4152777777777778 0.39609375 0.425 0.0328125
3 0.10138888888888889 0.50703125 0.16574074074074074 0.0984375
7 0.30462962962962964 0.5065104166666666 0.2037037037037037 0.0328125
3 0.10138888888888889 0.6166666666666667 0.16574074074074074 0.09895833333333333
7 0.3578703703703704 0.6174479166666667 0.3101851851851852 0.0390625
3 0.10138888888888889 0.7263020833333333 0.16574074074074074 0.0984375
7 0.30694444444444446 0.7260416666666667 0.20833333333333334 0.03229166666666667
3 0.10138888888888889 0.809375 0.16574074074074074 0.04479166666666667
2 0.9402777777777778 0.0703125 0.09166666666666666 0.051041666666666666
7 0.5634259259259259 0.8861979166666667 0.6268518518518519 0.0265625
2 0.17824074074074073 0.8854166666666666 0.11203703703703703 0.06041666666666667