7 0.2351851851851852 0.07369791666666667 0.18518518518518517 0.03177083333333333
2 0.06712962962962964 0.07135416666666666 0.05092592592592592 0.029166666666666667
7 0.22777777777777777 0.14661458333333333 0.3907407407407407 0.024479166666666666
7 0.18796296296296297 0.2234375 0.30925925925925923 0.027083333333333334
7 0.22824074074074074 0.2981770833333333 0.38796296296296295 0.027604166666666666
7 0.12916666666666668 0.371875 0.1935185185185185 0.025
7 0.10462962962962963 0.44609375 0.14444444444444443 0.022395833333333334
7 0.15416666666666667 0.52265625 0.24351851851851852 0.028645833333333332
7 0.1550925925925926 0.5973958333333333 0.23981481481481481 0.023958333333333335
7 0.17685185185185184 0.6736979166666667 0.29074074074074074 0.028645833333333332
6 0.8944444444444445 0.6703125 0.09259259259259259 0.034375
7 0.10648148148148148 0.7489583333333333 0.14074074074074075 0.027083333333333334