7 0.2689814814814815 0.07395833333333333 0.25277777777777777 0.034375
2 0.06759259259259259 0.07109375 0.06666666666666667 0.030729166666666665
7 0.24953703703703703 0.1421875 0.11574074074074074 0.027083333333333334
7 0.7486111111111111 0.14088541666666668 0.1675925925925926 0.024479166666666666
6 0.9046296296296297 0.20963541666666666 0.0962962962962963 0.034895833333333334
7 0.1962962962962963 0.20989583333333334 0.3425925925925926 0.022916666666666665
2 0.49907407407407406 0.4622395833333333 0.25925925925925924 0.14739583333333334
7 0.49444444444444446 0.6106770833333334 0.812962962962963 0.07864583333333333
7 0.49907407407407406 0.6770833333333334 0.9277777777777778 0.025
7 0.4986111111111111 0.7544270833333333 0.27870370370370373 0.0203125
8 0.49942592592592594 0.7552083333333334 0.9184444444444444 0.06770833333333333