7 0.26990740740740743 0.07395833333333333 0.2490740740740741 0.034375
2 0.0699074074074074 0.06979166666666667 0.06388888888888888 0.03125
2 0.1935185185185185 0.22916666666666666 0.3111111111111111 0.175
7 0.1935185185185185 0.34817708333333336 0.17962962962962964 0.025520833333333333
2 0.524074074074074 0.22916666666666666 0.3111111111111111 0.175
7 0.524537037037037 0.34817708333333336 0.12685185185185185 0.0234375
2 0.8490740740740741 0.22916666666666666 0.3 0.175
7 0.8546296296296296 0.34609375 0.17962962962962964 0.022395833333333334
7 0.13842592592592592 0.44296875 0.20277777777777778 0.027604166666666666
2 0.08888888888888889 0.528125 0.10185185185185185 0.057291666666666664
7 0.29444444444444445 0.5299479166666666 0.2037037037037037 0.0296875
2 0.08888888888888889 0.6302083333333334 0.10185185185185185 0.057291666666666664
7 0.26666666666666666 0.6322916666666667 0.14814814814814814 0.028125
2 0.08888888888888889 0.7322916666666667 0.10185185185185185 0.057291666666666664
7 0.300462962962963 0.73125 0.21388888888888888 0.028125
2 0.08888888888888889 0.8341145833333333 0.10185185185185185 0.0578125
7 0.37592592592592594 0.8338541666666667 0.35555555555555557 0.029166666666666667