7 0.12037037037037036 0.043229166666666666 0.2037037037037037 0.03333333333333333
0 0.9175925925925926 0.04401041666666667 0.05740740740740741 0.03177083333333333
7 0.22453703703703703 0.1125 0.41203703703703703 0.03333333333333333
7 0.4601851851851852 0.15494791666666666 0.8962962962962963 0.04739583333333333
7 0.11342592592592593 0.21927083333333333 0.1935185185185185 0.030208333333333334
7 0.3037037037037037 0.24947916666666667 0.5722222222222222 0.025
7 0.26851851851851855 0.30703125 0.5074074074074074 0.027604166666666666
7 0.21666666666666667 0.33567708333333335 0.4 0.0203125
7 0.1375 0.39557291666666666 0.23981481481481481 0.0265625
7 0.2064814814814815 0.42526041666666664 0.37962962962962965 0.0234375
7 0.25416666666666665 0.48541666666666666 0.47129629629629627 0.030208333333333334
7 0.4287037037037037 0.5143229166666666 0.8240740740740741 0.0265625
7 0.1712962962962963 0.5729166666666666 0.3111111111111111 0.03125
7 0.1337962962962963 0.6026041666666667 0.2361111111111111 0.023958333333333335
7 0.22361111111111112 0.66015625 0.41203703703703703 0.027604166666666666
7 0.2337962962962963 0.690625 0.44166666666666665 0.026041666666666668
7 0.17083333333333334 0.746875 0.3101851851851852 0.029166666666666667
7 0.1375 0.7770833333333333 0.24537037037037038 0.021875