2 0.06666666666666667 0.07083333333333333 0.05925925925925926 0.035416666666666666
2 0.8175925925925925 0.07135416666666666 0.08703703703703704 0.04479166666666667
2 0.9407407407407408 0.06927083333333334 0.07407407407407407 0.036458333333333336
2 0.125 0.140625 0.08703703703703704 0.04583333333333333
2 0.48055555555555557 0.14114583333333333 0.05740740740740741 0.051041666666666666
2 0.7694444444444445 0.14114583333333333 0.08703703703703704 0.046875
7 0.25092592592592594 0.14270833333333333 0.1648148148148148 0.022916666666666665
7 0.5712962962962963 0.14114583333333333 0.10555555555555556 0.023958333333333335
7 0.8925925925925926 0.14114583333333333 0.15555555555555556 0.023958333333333335
7 0.3055555555555556 0.36041666666666666 0.25925925925925924 0.03333333333333333
7 0.6944444444444444 0.3578125 0.1 0.026041666666666668
7 0.6953703703703704 0.5729166666666666 0.21666666666666667 0.029166666666666667
7 0.30462962962962964 0.571875 0.09814814814814815 0.029166666666666667
7 0.30277777777777776 0.7880208333333333 0.12407407407407407 0.028125
7 0.6944444444444444 0.7880208333333333 0.16296296296296298 0.028125
3 0.30462962962962964 0.26979166666666665 0.26851851851851855 0.14791666666666667
3 0.6962962962962963 0.26979166666666665 0.25925925925925924 0.14791666666666667
3 0.6916666666666667 0.48333333333333334 0.2611111111111111 0.14583333333333334
3 0.3055555555555556 0.4817708333333333 0.26666666666666666 0.14479166666666668
3 0.6925925925925925 0.6963541666666667 0.26296296296296295 0.146875
3 0.3037037037037037 0.6953125 0.26296296296296295 0.14479166666666668