7 0.22870370370370371 0.14088541666666668 0.3537037037037037 0.0359375
7 0.2222222222222222 0.20703125 0.3388888888888889 0.0328125
6 0.8736111111111111 0.20598958333333334 0.09722222222222222 0.03697916666666667
7 0.23842592592592593 0.28359375 0.36944444444444446 0.033854166666666664
7 0.26064814814814813 0.34921875 0.4212962962962963 0.0296875
7 0.20277777777777778 0.43828125 0.2962962962962963 0.0296875
7 0.2037037037037037 0.52734375 0.2962962962962963 0.033854166666666664
7 0.16712962962962963 0.5994791666666667 0.21944444444444444 0.029166666666666667
7 0.39166666666666666 0.6385416666666667 0.6722222222222223 0.05
6 0.875462962962963 0.621875 0.10092592592592593 0.03854166666666667
7 0.14351851851851852 0.7036458333333333 0.18518518518518517 0.028125
7 0.4046296296296296 0.73515625 0.6981481481481482 0.028645833333333332
6 0.8731481481481481 0.71796875 0.0962962962962963 0.0390625
7 0.22824074074074074 0.7890625 0.3416666666666667 0.034375
7 0.42824074074074076 0.83203125 0.7453703703703703 0.0515625
6 0.8736111111111111 0.8125 0.09722222222222222 0.035416666666666666
7 0.11898148148148148 0.8963541666666667 0.14907407407407408 0.03333333333333333
7 0.2638888888888889 0.07421875 0.18888888888888888 0.0328125
2 0.06805555555555555 0.07083333333333333 0.05648148148148148 0.03125
2 0.9435185185185185 0.07135416666666666 0.037037037037037035 0.03125