7 0.18518518518518517 0.13020833333333334 0.2574074074074074 0.027083333333333334
7 0.2657407407407407 0.16119791666666666 0.4203703703703704 0.022395833333333334
7 0.23796296296296296 0.21953125 0.36666666666666664 0.027604166666666666
7 0.3523148148148148 0.25026041666666665 0.5916666666666667 0.0234375
7 0.1935185185185185 0.3078125 0.2759259259259259 0.03125
7 0.3537037037037037 0.33567708333333335 0.5944444444444444 0.021354166666666667
7 0.2587962962962963 0.38828125 0.41203703703703703 0.0265625
7 0.42824074074074076 0.4315104166666667 0.7472222222222222 0.04739583333333333
0 0.8791666666666667 0.41171875 0.05648148148148148 0.028645833333333332
7 0.2726851851851852 0.48828125 0.43425925925925923 0.0296875
7 0.3851851851851852 0.5294270833333333 0.6592592592592592 0.04739583333333333
0 0.8810185185185185 0.5111979166666667 0.05648148148148148 0.030729166666666665
7 0.17407407407407408 0.5869791666666667 0.24444444444444444 0.03125
7 0.44027777777777777 0.62734375 0.7712962962962963 0.04635416666666667
7 0.20787037037037037 0.6919270833333333 0.30462962962962964 0.028645833333333332
7 0.2388888888888889 0.7221354166666667 0.3648148148148148 0.024479166666666666
7 0.3592592592592593 0.7739583333333333 0.6092592592592593 0.03125
7 0.38981481481481484 0.81328125 0.6666666666666666 0.044270833333333336
0 0.8777777777777778 0.7958333333333333 0.05185185185185185 0.030208333333333334
7 0.1935185185185185 0.8703125 0.2851851851851852 0.026041666666666668
7 0.38101851851851853 0.9125 0.6509259259259259 0.046875
0 0.8787037037037037 0.89453125 0.05185185185185185 0.0296875
2 0.06759259259259259 0.06510416666666667 0.07777777777777778 0.04375
7 0.1962962962962963 0.06875 0.16111111111111112 0.027083333333333334