2 0.06574074074074074 0.07083333333333333 0.07222222222222222 0.022916666666666665
7 0.22870370370370371 0.071875 0.11666666666666667 0.03125
2 0.8240740740740741 0.06927083333333334 0.05555555555555555 0.028125
2 0.9425925925925925 0.0703125 0.04814814814814815 0.030208333333333334
7 0.19537037037037036 0.14479166666666668 0.32407407407407407 0.027083333333333334
7 0.10833333333333334 0.21197916666666666 0.13148148148148148 0.028125
7 0.19074074074074074 0.28020833333333334 0.2962962962962963 0.027083333333333334
7 0.20462962962962963 0.34791666666666665 0.32037037037037036 0.027083333333333334
7 0.19074074074074074 0.415625 0.2962962962962963 0.029166666666666667
7 0.22407407407407406 0.48333333333333334 0.37037037037037035 0.03125
7 0.29074074074074074 0.553125 0.4925925925925926 0.03125
7 0.28703703703703703 0.6208333333333333 0.4888888888888889 0.027083333333333334
7 0.2574074074074074 0.6885416666666667 0.42962962962962964 0.029166666666666667
7 0.14629629629629629 0.7557291666666667 0.21851851851851853 0.030208333333333334
7 0.2462962962962963 0.825 0.4074074074074074 0.029166666666666667
7 0.12037037037037036 0.8916666666666667 0.15925925925925927 0.029166666666666667