7 0.26990740740740743 0.07447916666666667 0.25833333333333336 0.035416666666666666
2 0.0699074074074074 0.06953125 0.0712962962962963 0.0296875
2 0.9412037037037037 0.0703125 0.0712962962962963 0.0375
3 0.49953703703703706 0.24010416666666667 0.9990740740740741 0.2625
7 0.09537037037037037 0.41875 0.13333333333333333 0.026041666666666668
2 0.08888888888888889 0.50234375 0.10185185185185185 0.0578125
7 0.25601851851851853 0.5049479166666667 0.11944444444444445 0.0265625
2 0.08888888888888889 0.6041666666666666 0.10185185185185185 0.057291666666666664
7 0.2935185185185185 0.6072916666666667 0.1962962962962963 0.029166666666666667
2 0.08888888888888889 0.70625 0.10185185185185185 0.057291666666666664
7 0.2796296296296296 0.7083333333333334 0.16666666666666666 0.028125
2 0.08888888888888889 0.8083333333333333 0.10185185185185185 0.057291666666666664
7 0.2972222222222222 0.8083333333333333 0.20555555555555555 0.026041666666666668
7 0.15416666666666667 0.9078125 0.23981481481481481 0.027083333333333334
7 0.3106481481481482 0.32734375 0.575 0.03802083333333333