7 0.25277777777777777 0.90078125 0.17037037037037037 0.022395833333333334
7 0.7472222222222222 0.90234375 0.1037037037037037 0.028645833333333332
7 0.49907407407407406 0.18515625 0.9259259259259259 0.05364583333333333
7 0.13703703703703704 0.2721354166666667 0.20925925925925926 0.027604166666666666
2 0.25092592592592594 0.4109375 0.2777777777777778 0.15
0 0.0587962962962963 0.55078125 0.06574074074074074 0.0328125
7 0.14953703703703702 0.5513020833333333 0.07685185185185185 0.022395833333333334
2 0.7444444444444445 0.4122395833333333 0.2351851851851852 0.13072916666666667
0 0.549074074074074 0.5513020833333333 0.053703703703703705 0.0328125
7 0.6486111111111111 0.5515625 0.09166666666666666 0.020833333333333332
7 0.1574074074074074 0.07395833333333333 0.2462962962962963 0.035416666666666666
8 0.25005555555555553 0.9000677083333334 0.4984166666666666 0.057942708333333336
8 0.7505740740740741 0.9013697916666668 0.494824074074074 0.06315104166666667