2 0.49907407407407406 0.2604166666666667 0.0962962962962963 0.05520833333333333
7 0.49907407407407406 0.31536458333333334 0.4203703703703704 0.0265625
2 0.9407407407407408 0.28072916666666664 0.03888888888888889 0.021875
2 0.49907407407407406 0.4002604166666667 0.0962962962962963 0.0546875
7 0.49953703703703706 0.45677083333333335 0.38981481481481484 0.027083333333333334
2 0.9407407407407408 0.42083333333333334 0.03888888888888889 0.021875
7 0.48333333333333334 0.5375 0.9 0.04375
2 0.0962962962962963 0.8903645833333333 0.10740740740740741 0.049479166666666664
2 0.2972222222222222 0.8869791666666667 0.09074074074074075 0.051041666666666666
2 0.4981481481481482 0.8901041666666667 0.08333333333333333 0.04895833333333333
2 0.6981481481481482 0.8903645833333333 0.09814814814814815 0.04114583333333333
2 0.899074074074074 0.88984375 0.09259259259259259 0.03697916666666667
7 0.13148148148148148 0.07395833333333333 0.2 0.03229166666666667
2 0.7074074074074074 0.07057291666666667 0.06296296296296296 0.0390625
2 0.8240740740740741 0.071875 0.06296296296296296 0.034375
2 0.9398148148148148 0.07109375 0.06481481481481481 0.0390625
7 0.4976851851851852 0.6161458333333333 0.2638888888888889 0.026041666666666668
7 0.26851851851851855 0.1671875 0.10740740740740741 0.020833333333333332
7 0.7291666666666666 0.165625 0.1675925925925926 0.022916666666666665
4 0.4982685185185185 0.6158854166666666 0.9161296296296296 0.06770833333333333