2 0.05648148148148148 0.058333333333333334 0.06111111111111111 0.03333333333333333
7 0.40555555555555556 0.0609375 0.6296296296296297 0.023958333333333335
2 0.9296296296296296 0.059375 0.0962962962962963 0.04583333333333333
7 0.1648148148148148 0.11666666666666667 0.14074074074074075 0.020833333333333332
7 0.4981481481481482 0.11666666666666667 0.15185185185185185 0.022916666666666665
7 0.8296296296296296 0.115625 0.14444444444444443 0.022916666666666665
7 0.3972222222222222 0.18541666666666667 0.10925925925925926 0.029166666666666667
7 0.387037037037037 0.22083333333333333 0.08518518518518518 0.01875
3 0.16203703703703703 0.21458333333333332 0.10925925925925926 0.11458333333333333
3 0.1685185185185185 0.3463541666666667 0.15925925925925927 0.109375
3 0.16666666666666666 0.47604166666666664 0.2037037037037037 0.10833333333333334
3 0.14907407407407408 0.60625 0.21296296296296297 0.1125
3 0.1537037037037037 0.7583333333333333 0.2777777777777778 0.04583333333333333
7 0.49537037037037035 0.8166666666666667 0.15 0.0375
7 0.49907407407407406 0.8875 0.5277777777777778 0.04791666666666667
2 0.962037037037037 0.7359375 0.05 0.030208333333333334
2 0.9629629629629629 0.6057291666666667 0.05925925925925926 0.030208333333333334
2 0.9583333333333334 0.47552083333333334 0.05740740740740741 0.028125
2 0.962037037037037 0.34479166666666666 0.053703703703703705 0.03333333333333333
2 0.9592592592592593 0.21354166666666666 0.05925925925925926 0.03333333333333333
7 0.4861111111111111 0.3171875 0.2833333333333333 0.026041666666666668
7 0.38796296296296295 0.35208333333333336 0.09074074074074075 0.020833333333333332
7 0.46574074074074073 0.44947916666666665 0.2462962962962963 0.028125
7 0.5296296296296297 0.5786458333333333 0.3814814814814815 0.028125
7 0.38796296296296295 0.6140625 0.09814814814814815 0.019791666666666666
7 0.45925925925925926 0.7098958333333333 0.24074074074074073 0.023958333333333335
7 0.3888888888888889 0.7447916666666666 0.0962962962962963 0.022916666666666665
8 0.5 0.8151041666666666 1 0.061760416666666665
8 0.5004814814814814 0.8869062499999999 0.9990370370370371 0.09226041666666666