2 0.08333333333333333 0.13359375 0.053703703703703705 0.044270833333333336
7 0.42083333333333334 0.15572916666666667 0.5231481481481481 0.05520833333333333
2 0.861574074074074 0.13463541666666667 0.04722222222222222 0.034895833333333334
2 0.9393518518518519 0.13411458333333334 0.058333333333333334 0.030729166666666665
2 0.08333333333333333 0.26796875 0.04814814814814815 0.044270833333333336
7 0.2962962962962963 0.24348958333333334 0.26481481481481484 0.0328125
7 0.44537037037037036 0.2911458333333333 0.5722222222222222 0.057291666666666664
2 0.8606481481481482 0.26927083333333335 0.03981481481481482 0.035416666666666666
2 0.9393518518518519 0.2674479166666667 0.05462962962962963 0.0296875
2 0.07962962962962963 0.4044270833333333 0.07962962962962963 0.04114583333333333
7 0.24583333333333332 0.37604166666666666 0.16944444444444445 0.03125
7 0.39675925925925926 0.42473958333333334 0.47685185185185186 0.058854166666666666
2 0.8611111111111112 0.403125 0.044444444444444446 0.03333333333333333
2 0.9388888888888889 0.40286458333333336 0.053703703703703705 0.03177083333333333
2 0.08194444444444444 0.5375 0.075 0.03854166666666667
7 0.2814814814814815 0.5130208333333334 0.2351851851851852 0.03333333333333333
7 0.4236111111111111 0.5604166666666667 0.5305555555555556 0.058333333333333334
2 0.8597222222222223 0.5372395833333333 0.04722222222222222 0.03177083333333333
2 0.9384259259259259 0.5375 0.05648148148148148 0.030208333333333334
7 0.0824074074074074 0.6630208333333333 0.08703703703703704 0.030208333333333334
2 0.08055555555555556 0.7546875 0.05925925925925926 0.04479166666666667
7 0.24768518518518517 0.728125 0.1787037037037037 0.03229166666666667
7 0.44027777777777777 0.7739583333333333 0.5601851851851852 0.05520833333333333
2 0.862037037037037 0.7557291666666667 0.046296296296296294 0.03229166666666667
2 0.9388888888888889 0.7552083333333334 0.05 0.030208333333333334
2 0.08287037037037037 0.890625 0.07685185185185185 0.042708333333333334
7 0.2912037037037037 0.8635416666666667 0.25833333333333336 0.03229166666666667
2 0.862037037037037 0.8895833333333333 0.04259259259259259 0.035416666666666666
2 0.9388888888888889 0.8903645833333333 0.05 0.030729166666666665
7 0.2763888888888889 0.07083333333333333 0.21944444444444444 0.030208333333333334
2 0.06944444444444445 0.07109375 0.053703703703703705 0.03177083333333333