7 0.4981481481481482 0.06484375 0.5314814814814814 0.033854166666666664
3 0.4981481481481482 0.1953125 0.2740740740740741 0.19166666666666668
2 0.10555555555555556 0.33151041666666664 0.07407407407407407 0.044270833333333336
7 0.3425925925925926 0.334375 0.34074074074074073 0.028125
7 0.12731481481481483 0.41041666666666665 0.14722222222222223 0.023958333333333335
2 0.10601851851851851 0.46796875 0.09722222222222222 0.0546875
7 0.25972222222222224 0.46927083333333336 0.17314814814814813 0.023958333333333335
2 0.10601851851851851 0.5377604166666666 0.09722222222222222 0.0546875
7 0.22314814814814815 0.53984375 0.1037037037037037 0.024479166666666666
2 0.10601851851851851 0.6075520833333333 0.09722222222222222 0.0546875
7 0.2587962962962963 0.6080729166666666 0.17314814814814813 0.022395833333333334
7 0.14351851851851852 0.6872395833333333 0.1814814814814815 0.0234375
2 0.10601851851851851 0.7450520833333333 0.09722222222222222 0.0546875
7 0.29768518518518516 0.7463541666666667 0.25833333333333336 0.025
2 0.10601851851851851 0.81484375 0.09722222222222222 0.0546875
7 0.26851851851851855 0.8192708333333333 0.19814814814814816 0.029166666666666667