7 0.4425925925925926 0.07135416666666666 0.5462962962962963 0.029166666666666667
2 0.06944444444444445 0.06822916666666666 0.04259259259259259 0.029166666666666667
7 0.24861111111111112 0.14348958333333334 0.2935185185185185 0.0265625
7 0.7486111111111111 0.14270833333333333 0.3490740740740741 0.027083333333333334
7 0.13564814814814816 0.2140625 0.18425925925925926 0.028125
7 0.10324074074074074 0.28567708333333336 0.11574074074074074 0.0234375
7 0.2064814814814815 0.36171875 0.32037037037037036 0.028645833333333332
7 0.13657407407407407 0.43463541666666666 0.18611111111111112 0.0234375
7 0.1398148148148148 0.509375 0.18518518518518517 0.027083333333333334
7 0.13240740740740742 0.5861979166666667 0.17037037037037037 0.024479166666666666
7 0.11064814814814815 0.6611979166666667 0.12685185185185185 0.024479166666666666
7 0.1037037037037037 0.7354166666666667 0.11296296296296296 0.027083333333333334
7 0.12222222222222222 0.809375 0.15 0.028125
7 0.09583333333333334 0.8828125 0.09907407407407408 0.025