7 0.22083333333333333 0.06432291666666666 0.14166666666666666 0.0296875
2 0.0587962962962963 0.06588541666666667 0.06018518518518518 0.033854166666666664
7 0.22407407407407406 0.14713541666666666 0.3814814814814815 0.025520833333333333
2 0.9486111111111111 0.146875 0.023148148148148147 0.019791666666666666
7 0.18518518518518517 0.20729166666666668 0.3037037037037037 0.026041666666666668
2 0.9486111111111111 0.20729166666666668 0.023148148148148147 0.019791666666666666
7 0.11898148148148148 0.2674479166666667 0.1712962962962963 0.025520833333333333
2 0.9486111111111111 0.2671875 0.023148148148148147 0.019791666666666666
7 0.12361111111111112 0.32760416666666664 0.18055555555555555 0.026041666666666668
2 0.9486111111111111 0.32734375 0.023148148148148147 0.0203125
7 0.7819444444444444 0.32760416666666664 0.2324074074074074 0.029166666666666667
7 0.1648148148148148 0.38776041666666666 0.26296296296296295 0.025520833333333333
2 0.9486111111111111 0.3875 0.023148148148148147 0.019791666666666666
7 0.23472222222222222 0.46588541666666666 0.4027777777777778 0.025520833333333333
2 0.9486111111111111 0.465625 0.023148148148148147 0.019791666666666666
7 0.1337962962962963 0.5260416666666666 0.20092592592592592 0.026041666666666668
2 0.9486111111111111 0.5260416666666666 0.023148148148148147 0.019791666666666666
7 0.16620370370370371 0.5861979166666667 0.2657407407407407 0.025520833333333333
2 0.9486111111111111 0.5859375 0.023148148148148147 0.019791666666666666
7 0.09583333333333334 0.6463541666666667 0.125 0.026041666666666668
2 0.9486111111111111 0.64609375 0.023148148148148147 0.0203125
7 0.09953703703703703 0.7065104166666667 0.13240740740740742 0.025520833333333333
2 0.9486111111111111 0.70625 0.023148148148148147 0.019791666666666666
7 0.13472222222222222 0.7846354166666667 0.20277777777777778 0.025520833333333333
2 0.9486111111111111 0.784375 0.023148148148148147 0.019791666666666666
7 0.08472222222222223 0.8447916666666667 0.10277777777777777 0.026041666666666668
2 0.9486111111111111 0.8447916666666667 0.023148148148148147 0.019791666666666666