7 0.2638888888888889 0.07317708333333334 0.1814814814814815 0.03177083333333333
2 0.06712962962962964 0.07135416666666666 0.062037037037037036 0.035416666666666666
7 0.16898148148148148 0.14557291666666666 0.26944444444444443 0.024479166666666666
7 0.08194444444444444 0.21588541666666666 0.09537037037037037 0.024479166666666666
7 0.47824074074074074 0.25729166666666664 0.8842592592592593 0.04791666666666667
7 0.11527777777777778 0.3411458333333333 0.15833333333333333 0.029166666666666667
7 0.30648148148148147 0.36875 0.5388888888888889 0.022916666666666665
7 0.11666666666666667 0.4393229166666667 0.16666666666666666 0.0234375
7 0.28888888888888886 0.46822916666666664 0.5092592592592593 0.023958333333333335
0 0.9212962962962963 0.45260416666666664 0.053703703703703705 0.03125
7 0.1425925925925926 0.5408854166666667 0.20925925925925926 0.0203125
7 0.21898148148148147 0.56875 0.3675925925925926 0.023958333333333335
7 0.24583333333333332 0.6424479166666667 0.41759259259259257 0.0265625
7 0.31805555555555554 0.6708333333333333 0.5638888888888889 0.025
7 0.09675925925925925 0.7416666666666667 0.1287037037037037 0.025
7 0.1597222222222222 0.8184895833333333 0.2490740740740741 0.0265625
7 0.2796296296296296 0.8919270833333334 0.4962962962962963 0.027604166666666666