7 0.14074074074074075 0.13359375 0.17592592592592593 0.024479166666666666
7 0.17962962962962964 0.16223958333333333 0.2518518518518518 0.024479166666666666
7 0.14537037037037037 0.20598958333333334 0.18333333333333332 0.028645833333333332
7 0.33055555555555555 0.23515625 0.5481481481481482 0.025520833333333333
7 0.16018518518518518 0.27760416666666665 0.2111111111111111 0.027083333333333334
7 0.30092592592592593 0.3065104166666667 0.49074074074074076 0.025520833333333333
7 0.1361111111111111 0.3489583333333333 0.16296296296296298 0.021875
7 0.3560185185185185 0.3770833333333333 0.5990740740740741 0.023958333333333335
7 0.1439814814814815 0.4200520833333333 0.18425925925925926 0.024479166666666666
7 0.35509259259259257 0.4505208333333333 0.600925925925926 0.023958333333333335
7 0.3074074074074074 0.07265625 0.2740740740740741 0.03177083333333333
2 0.06712962962962964 0.07083333333333333 0.049074074074074076 0.030208333333333334