7 0.2601851851851852 0.06953125 0.45185185185185184 0.025520833333333333
2 0.08703703703703704 0.11979166666666667 0.11666666666666667 0.065625
7 0.36527777777777776 0.12213541666666666 0.38981481481481484 0.0296875
0 0.9222222222222223 0.12057291666666667 0.05740740740740741 0.0328125
2 0.08703703703703704 0.19791666666666666 0.11666666666666667 0.065625
7 0.24351851851851852 0.19921875 0.14629629629629629 0.025520833333333333
0 0.9231481481481482 0.1984375 0.05555555555555555 0.029166666666666667
2 0.08703703703703704 0.2760416666666667 0.11666666666666667 0.065625
7 0.3625 0.27890625 0.3768518518518518 0.0265625
0 0.9217592592592593 0.27682291666666664 0.05462962962962963 0.030729166666666665
2 0.08703703703703704 0.3541666666666667 0.11666666666666667 0.065625
7 0.3143518518518518 0.3572916666666667 0.2861111111111111 0.029166666666666667
0 0.9208333333333333 0.3546875 0.05462962962962963 0.03125
2 0.08703703703703704 0.4322916666666667 0.11666666666666667 0.065625
7 0.2152777777777778 0.4328125 0.08611111111111111 0.022916666666666665
0 0.9222222222222223 0.4322916666666667 0.05740740740740741 0.03229166666666667
2 0.08703703703703704 0.5104166666666666 0.11666666666666667 0.065625
7 0.22314814814814815 0.5119791666666667 0.1037037037037037 0.025
0 0.9212962962962963 0.5109375 0.05555555555555555 0.03229166666666667
7 0.49953703703703706 0.58359375 0.09907407407407408 0.021354166666666667
8 0.5034722222222222 0.583984375 0.9774629629629631 0.055989583333333336