7 0.09074074074074075 0.14453125 0.12037037037037036 0.022395833333333334
2 0.08888888888888889 0.2234375 0.10185185185185185 0.057291666666666664
7 0.2722222222222222 0.22395833333333334 0.15185185185185185 0.027083333333333334
6 0.9027777777777778 0.2234375 0.11481481481481481 0.0375
2 0.08888888888888889 0.3145833333333333 0.10185185185185185 0.057291666666666664
7 0.2912037037037037 0.31588541666666664 0.20277777777777778 0.027604166666666666
6 0.9027777777777778 0.3143229166666667 0.11481481481481481 0.03697916666666667
2 0.08888888888888889 0.40546875 0.10185185185185185 0.0578125
7 0.24305555555555555 0.40677083333333336 0.09537037037037037 0.023958333333333335
6 0.9027777777777778 0.40546875 0.11481481481481481 0.03697916666666667
2 0.08888888888888889 0.5020833333333333 0.10185185185185185 0.057291666666666664
7 0.25925925925925924 0.5033854166666667 0.12777777777777777 0.0234375
2 0.08888888888888889 0.6041666666666666 0.10185185185185185 0.057291666666666664
7 0.29212962962962963 0.60390625 0.18796296296296297 0.025520833333333333
2 0.08888888888888889 0.7059895833333333 0.10185185185185185 0.0578125
7 0.30925925925925923 0.7091145833333333 0.23148148148148148 0.025520833333333333
2 0.08888888888888889 0.8078125 0.10185185185185185 0.057291666666666664
7 0.35 0.80859375 0.3111111111111111 0.024479166666666666
7 0.22083333333333333 0.07135416666666666 0.16574074074074074 0.03229166666666667
2 0.06898148148148148 0.07135416666666666 0.049074074074074076 0.030208333333333334