5 0.15046296296296297 0.0859375 0.058333333333333334 0.03333333333333333
5 0.15046296296296297 0.15208333333333332 0.062037037037037036 0.036458333333333336
5 0.1527777777777778 0.21744791666666666 0.06851851851851852 0.034895833333333334
5 0.15138888888888888 0.28203125 0.05648148148148148 0.0328125
5 0.15046296296296297 0.34921875 0.058333333333333334 0.034895833333333334
5 0.15231481481481482 0.41484375 0.062037037037037036 0.03177083333333333
5 0.1527777777777778 0.47994791666666664 0.06296296296296296 0.0328125
5 0.15046296296296297 0.5455729166666666 0.06574074074074074 0.034895833333333334
5 0.15092592592592594 0.6106770833333334 0.06481481481481481 0.033854166666666664
5 0.15092592592592594 0.6760416666666667 0.06481481481481481 0.0375
5 0.15046296296296297 0.74296875 0.062037037037037036 0.033854166666666664
5 0.14953703703703702 0.8080729166666667 0.062037037037037036 0.03177083333333333
7 0.32916666666666666 0.08854166666666667 0.20277777777777778 0.030208333333333334
7 0.30416666666666664 0.15338541666666666 0.15648148148148147 0.024479166666666666
7 0.4013888888888889 0.21875 0.3509259259259259 0.029166666666666667
7 0.31574074074074077 0.2830729166666667 0.16666666666666666 0.025520833333333333
7 0.33194444444444443 0.35104166666666664 0.19537037037037036 0.027083333333333334
7 0.33287037037037037 0.4140625 0.20092592592592592 0.03229166666666667
7 0.32407407407407407 0.47942708333333334 0.19074074074074074 0.0296875
7 0.35648148148148145 0.546875 0.2518518518518518 0.030208333333333334
7 0.33194444444444443 0.6130208333333333 0.19907407407407407 0.03125
7 0.4351851851851852 0.678125 0.4074074074074074 0.026041666666666668
7 0.5412037037037037 0.7432291666666667 0.6305555555555555 0.034375
7 0.30416666666666664 0.8091145833333333 0.15648148148148147 0.025520833333333333
7 0.6523148148148148 0.87109375 0.14722222222222223 0.0296875
7 0.8287037037037037 0.87421875 0.05555555555555555 0.0234375