2 0.060648148148148145 0.06171875 0.062037037037037036 0.030729166666666665
7 0.49907407407407406 0.062239583333333334 0.17777777777777778 0.0359375
7 0.09768518518518518 0.12890625 0.11944444444444445 0.0296875
7 0.13935185185185187 0.15651041666666668 0.20277777777777778 0.025520833333333333
7 0.11666666666666667 0.22786458333333334 0.1574074074074074 0.0296875
7 0.1 0.2557291666666667 0.12407407407407407 0.026041666666666668
7 0.19398148148148148 0.34010416666666665 0.31203703703703706 0.029166666666666667
0 0.9212962962962963 0.34010416666666665 0.07777777777777778 0.04375
7 0.14814814814814814 0.42630208333333336 0.22037037037037038 0.0296875
7 0.10601851851851851 0.45416666666666666 0.1361111111111111 0.026041666666666668
7 0.13935185185185187 0.52578125 0.20277777777777778 0.0296875
7 0.058333333333333334 0.5533854166666666 0.040740740740740744 0.025520833333333333
7 0.10277777777777777 0.6377604166666667 0.12962962962962962 0.0296875
7 0.17222222222222222 0.7380208333333333 0.29074074074074074 0.03125
7 0.15833333333333333 0.8361979166666667 0.24074074074074073 0.0296875
7 0.1037037037037037 0.9208333333333333 0.13148148148148148 0.026041666666666668