2 0.06481481481481481 0.06979166666666667 0.06666666666666667 0.025
7 0.2861111111111111 0.07291666666666667 0.2388888888888889 0.03958333333333333
3 0.2518518518518518 0.22083333333333333 0.45555555555555555 0.20625
7 0.12129629629629629 0.3515625 0.1648148148148148 0.028125
3 0.7425925925925926 0.21822916666666667 0.45925925925925926 0.19895833333333332
7 0.6074074074074074 0.35208333333333336 0.16666666666666666 0.029166666666666667
3 0.25277777777777777 0.5036458333333333 0.46111111111111114 0.21145833333333333
7 0.19722222222222222 0.634375 0.32037037037037036 0.03125
3 0.7425925925925926 0.5026041666666666 0.45925925925925926 0.21145833333333333
7 0.6175925925925926 0.6354166666666666 0.17592592592592593 0.027083333333333334
3 0.2537037037037037 0.7833333333333333 0.45925925925925926 0.20625
7 0.07592592592592592 0.9151041666666667 0.07037037037037037 0.023958333333333335
3 0.7425925925925926 0.7838541666666666 0.45925925925925926 0.20729166666666668
7 0.6277777777777778 0.915625 0.1962962962962963 0.027083333333333334