0 0.08611111111111111 0.19322916666666667 0.06481481481481481 0.036458333333333336
0 0.08703703703703704 0.2713541666666667 0.05925925925925926 0.034375
0 0.08796296296296297 0.3932291666666667 0.07222222222222222 0.034375
0 0.08796296296296297 0.4713541666666667 0.06111111111111111 0.034375
2 0.06481481481481481 0.07083333333333333 0.05555555555555555 0.03125
7 0.2564814814814815 0.0703125 0.18333333333333332 0.034375
7 0.09814814814814815 0.14114583333333333 0.12962962962962962 0.023958333333333335
7 0.3277777777777778 0.1953125 0.3592592592592593 0.026041666666666668
7 0.33055555555555555 0.27239583333333334 0.37222222222222223 0.030208333333333334
7 0.13518518518518519 0.3416666666666667 0.21851851851851853 0.022916666666666665
7 0.512962962962963 0.3921875 0.7296296296296296 0.021875
7 0.4675925925925926 0.4739583333333333 0.6388888888888888 0.027083333333333334
7 0.49537037037037035 0.5427083333333333 0.19444444444444445 0.025
7 0.5009259259259259 0.6052083333333333 0.4462962962962963 0.052083333333333336