2 0.05277777777777778 0.13072916666666667 0.07777777777777778 0.04375
7 0.18472222222222223 0.13072916666666667 0.14722222222222223 0.026041666666666668
2 0.05277777777777778 0.19739583333333333 0.07777777777777778 0.04375
7 0.18611111111111112 0.19713541666666667 0.15 0.025520833333333333
2 0.05277777777777778 0.2635416666666667 0.07777777777777778 0.04375
7 0.22685185185185186 0.2635416666666667 0.23148148148148148 0.026041666666666668
2 0.05277777777777778 0.3296875 0.07777777777777778 0.04375
7 0.23333333333333334 0.3299479166666667 0.24444444444444444 0.025520833333333333
2 0.05277777777777778 0.3963541666666667 0.07777777777777778 0.04375
7 0.18796296296296297 0.3963541666666667 0.1537037037037037 0.026041666666666668
2 0.05277777777777778 0.4630208333333333 0.07777777777777778 0.04375
7 0.1699074074074074 0.4627604166666667 0.1175925925925926 0.025520833333333333
2 0.05277777777777778 0.5291666666666667 0.07777777777777778 0.04375
7 0.2324074074074074 0.5291666666666667 0.24259259259259258 0.026041666666666668