3 0.11574074074074074 0.0984375 0.1037037037037037 0.058333333333333334
7 0.2708333333333333 0.10104166666666667 0.19166666666666668 0.027083333333333334
3 0.11574074074074074 0.15833333333333333 0.1037037037037037 0.058333333333333334
7 0.23194444444444445 0.159375 0.11388888888888889 0.023958333333333335
3 0.11574074074074074 0.21822916666666667 0.1037037037037037 0.058333333333333334
7 0.34120370370370373 0.22057291666666667 0.33055555555555555 0.028645833333333332
3 0.11574074074074074 0.27760416666666665 0.1037037037037037 0.058333333333333334
7 0.3648148148148148 0.28125 0.37592592592592594 0.026041666666666668
3 0.11574074074074074 0.3375 0.1037037037037037 0.058333333333333334
7 0.26435185185185184 0.3385416666666667 0.17685185185185184 0.023958333333333335
3 0.11574074074074074 0.39739583333333334 0.1037037037037037 0.058333333333333334
7 0.2462962962962963 0.3984375 0.1388888888888889 0.025
3 0.11574074074074074 0.45703125 0.1037037037037037 0.0578125
7 0.2361111111111111 0.45729166666666665 0.12222222222222222 0.021875
3 0.11574074074074074 0.5169270833333334 0.1037037037037037 0.0578125
7 0.24861111111111112 0.51796875 0.15092592592592594 0.0234375
3 0.11574074074074074 0.5765625 0.1037037037037037 0.058333333333333334
7 0.2162037037037037 0.5778645833333333 0.0824074074074074 0.0203125
3 0.11574074074074074 0.6364583333333333 0.1037037037037037 0.058333333333333334
7 0.2412037037037037 0.6369791666666667 0.13796296296296295 0.022916666666666665
3 0.11574074074074074 0.6963541666666667 0.1037037037037037 0.058333333333333334
7 0.2777777777777778 0.6979166666666666 0.2037037037037037 0.021875
3 0.11574074074074074 0.7557291666666667 0.1037037037037037 0.058333333333333334
7 0.3486111111111111 0.7580729166666667 0.3435185185185185 0.027604166666666666
3 0.11574074074074074 0.815625 0.1037037037037037 0.058333333333333334
7 0.35138888888888886 0.8166666666666667 0.35462962962962963 0.025
3 0.11574074074074074 0.8755208333333333 0.1037037037037037 0.058333333333333334
7 0.3509259259259259 0.8765625 0.35185185185185186 0.025