7 0.4842592592592593 0.07135416666666666 0.924074074074074 0.052083333333333336
7 0.500462962962963 0.140625 0.7194444444444444 0.046875
7 0.30925925925925923 0.21328125 0.40555555555555556 0.028645833333333332
7 0.4199074074074074 0.25078125 0.6268518518518519 0.0296875
0 0.9356481481481481 0.22005208333333334 0.08425925925925926 0.050520833333333334
2 0.05092592592592592 0.21276041666666667 0.053703703703703705 0.030729166666666665
7 0.30277777777777776 0.29140625 0.3925925925925926 0.0265625
7 0.4361111111111111 0.34036458333333336 0.6592592592592592 0.0515625
2 0.05138888888888889 0.29348958333333336 0.05648148148148148 0.030729166666666665
0 0.9361111111111111 0.29791666666666666 0.08703703703703704 0.04791666666666667
7 0.4597222222222222 0.4421875 0.7064814814814815 0.05
7 0.4597222222222222 0.49635416666666665 0.7064814814814815 0.026041666666666668
2 0.05462962962962963 0.39453125 0.053703703703703705 0.030729166666666665
0 0.9347222222222222 0.4015625 0.08425925925925926 0.04791666666666667
7 0.500462962962963 0.59140625 0.5064814814814815 0.03697916666666667
7 0.49953703703703706 0.6723958333333333 0.5657407407407408 0.03333333333333333
7 0.49166666666666664 0.8036458333333333 0.9407407407407408 0.17083333333333334
7 0.3912037037037037 0.39375 0.575 0.019791666666666666