2 0.4986111111111111 0.21692708333333333 0.6564814814814814 0.3692708333333333
2 0.06481481481481481 0.6598958333333333 0.07777777777777778 0.04375
7 0.2638888888888889 0.6614583333333334 0.3055555555555556 0.027083333333333334
2 0.06481481481481481 0.7140625 0.07777777777777778 0.04375
7 0.2300925925925926 0.7166666666666667 0.24166666666666667 0.025
2 0.06481481481481481 0.7692708333333333 0.07777777777777778 0.04375
7 0.24444444444444444 0.7721354166666666 0.2722222222222222 0.027604166666666666
7 0.04398148148148148 0.86640625 0.08796296296296297 0.025520833333333333
2 0.3300925925925926 0.8393229166666667 0.06759259259259259 0.03802083333333333
2 0.5023148148148148 0.8390625 0.062037037037037036 0.03854166666666667
2 0.6726851851851852 0.83984375 0.058333333333333334 0.03697916666666667
7 0.9523148148148148 0.8653645833333333 0.09351851851851851 0.0234375
2 0.24861111111111112 0.43411458333333336 0.075 0.03177083333333333
2 0.4981481481481482 0.43411458333333336 0.07777777777777778 0.033854166666666664
2 0.7532407407407408 0.43645833333333334 0.06759259259259259 0.0375