0 0.08425925925925926 0.19322916666666667 0.06851851851851852 0.030208333333333334
0 0.08425925925925926 0.27291666666666664 0.06111111111111111 0.035416666666666666
0 0.08518518518518518 0.39375 0.06296296296296296 0.03333333333333333
0 0.08611111111111111 0.4703125 0.06111111111111111 0.034375
0 0.08333333333333333 0.55 0.06666666666666667 0.03125
2 0.06759259259259259 0.06875 0.05 0.029166666666666667
7 0.262037037037037 0.07239583333333334 0.18703703703703703 0.03229166666666667
7 0.1037037037037037 0.14166666666666666 0.13703703703703704 0.020833333333333332
7 0.32592592592592595 0.19375 0.37407407407407406 0.025
7 0.33240740740740743 0.27395833333333336 0.37592592592592594 0.029166666666666667
7 0.13240740740740742 0.33958333333333335 0.20555555555555555 0.022916666666666665
7 0.5185185185185185 0.3932291666666667 0.7555555555555555 0.026041666666666668
7 0.4685185185185185 0.47239583333333335 0.6481481481481481 0.026041666666666668
7 0.48703703703703705 0.5505208333333333 0.6777777777777778 0.023958333333333335
7 0.4981481481481482 0.6244791666666667 0.1925925925925926 0.026041666666666668
7 0.49907407407407406 0.6838541666666667 0.4537037037037037 0.046875