7 0.1925925925925926 0.14765625 0.31851851851851853 0.028645833333333332
7 0.09166666666666666 0.17604166666666668 0.11481481481481481 0.026041666666666668
7 0.20925925925925926 0.24817708333333333 0.35555555555555557 0.0296875
7 0.32222222222222224 0.27760416666666665 0.5740740740740741 0.028125
0 0.9212962962962963 0.26015625 0.053703703703703705 0.03177083333333333
7 0.1925925925925926 0.3497395833333333 0.31851851851851853 0.028645833333333332
0 0.9208333333333333 0.34791666666666665 0.05462962962962963 0.03229166666666667
7 0.2726851851851852 0.425 0.4787037037037037 0.029166666666666667
0 0.9222222222222223 0.42239583333333336 0.053703703703703705 0.03125
7 0.16898148148148148 0.49973958333333335 0.26944444444444443 0.025520833333333333
7 0.11712962962962963 0.5268229166666667 0.16203703703703703 0.024479166666666666
7 0.1814814814814815 0.6 0.29444444444444445 0.027083333333333334
7 0.35324074074074074 0.628125 0.6398148148148148 0.025
7 0.1412037037037037 0.6997395833333333 0.21944444444444444 0.0296875
7 0.15416666666666667 0.74765625 0.2361111111111111 0.0234375
7 0.10046296296296296 0.7776041666666667 0.12685185185185185 0.020833333333333332
7 0.24212962962962964 0.8510416666666667 0.41203703703703703 0.027083333333333334
7 0.3333333333333333 0.8796875 0.5944444444444444 0.026041666666666668
0 0.9212962962962963 0.8622395833333333 0.05555555555555555 0.0328125
2 0.07037037037037037 0.07161458333333333 0.06666666666666667 0.03802083333333333
7 0.25555555555555554 0.07239583333333334 0.22777777777777777 0.030208333333333334