7 0.1912037037037037 0.06979166666666667 0.3138888888888889 0.026041666666666668
7 0.14629629629629629 0.12005208333333334 0.22407407407407406 0.027604166666666666
7 0.3921296296296296 0.14869791666666668 0.7157407407407408 0.025520833333333333
6 0.9027777777777778 0.13098958333333333 0.11481481481481481 0.03697916666666667
7 0.16111111111111112 0.21901041666666668 0.2462962962962963 0.0296875
7 0.3819444444444444 0.24817708333333333 0.6972222222222222 0.025520833333333333
6 0.9027777777777778 0.23177083333333334 0.11481481481481481 0.0375
7 0.13287037037037036 0.31614583333333335 0.21203703703703702 0.03125
7 0.1449074074074074 0.37083333333333335 0.2175925925925926 0.027083333333333334
7 0.4134259259259259 0.3984375 0.7546296296296297 0.026041666666666668
6 0.9027777777777778 0.38177083333333334 0.11481481481481481 0.0375
7 0.09537037037037037 0.47109375 0.11851851851851852 0.024479166666666666
7 0.29583333333333334 0.5002604166666667 0.5268518518518519 0.027604166666666666
6 0.9027777777777778 0.4825520833333333 0.11481481481481481 0.03697916666666667
7 0.0962962962962963 0.5705729166666667 0.11666666666666667 0.0296875
7 0.25833333333333336 0.5981770833333333 0.44074074074074077 0.025520833333333333
6 0.9027777777777778 0.5830729166666667 0.11481481481481481 0.03697916666666667
7 0.11203703703703703 0.6703125 0.1648148148148148 0.028125
7 0.2050925925925926 0.7205729166666667 0.33425925925925926 0.0296875
7 0.09537037037037037 0.7481770833333333 0.11481481481481481 0.025520833333333333
7 0.09953703703703703 0.8200520833333333 0.1361111111111111 0.030729166666666665
7 0.14722222222222223 0.8705729166666667 0.21851851851851853 0.0296875
7 0.06712962962962964 0.8981770833333333 0.058333333333333334 0.025520833333333333