5 0.8796296296296297 0.08619791666666667 0.05555555555555555 0.0296875
5 0.8814814814814815 0.17447916666666666 0.05740740740740741 0.028125
5 0.8824074074074074 0.26197916666666665 0.06111111111111111 0.03125
5 0.8805555555555555 0.35104166666666664 0.06481481481481481 0.030208333333333334
5 0.8810185185185185 0.43854166666666666 0.06574074074074074 0.03854166666666667
5 0.8810185185185185 0.5286458333333334 0.058333333333333334 0.034375
5 0.8800925925925925 0.6153645833333333 0.06018518518518518 0.033854166666666664
5 0.8810185185185185 0.70390625 0.058333333333333334 0.03177083333333333
5 0.8787037037037037 0.7924479166666667 0.05740740740740741 0.03697916666666667
5 0.8782407407407408 0.8786458333333333 0.058333333333333334 0.035416666666666666
7 0.1361111111111111 0.09088541666666666 0.09259259259259259 0.034895833333333334
7 0.10833333333333334 0.17682291666666666 0.040740740740740744 0.0328125
7 0.10694444444444444 0.2635416666666667 0.05462962962962963 0.029166666666666667
7 0.1087962962962963 0.35182291666666665 0.058333333333333334 0.0296875
7 0.11157407407407408 0.44244791666666666 0.05462962962962963 0.028645833333333332
7 0.10972222222222222 0.5294270833333333 0.05277777777777778 0.0328125
7 0.1087962962962963 0.6171875 0.04722222222222222 0.030208333333333334
7 0.10555555555555556 0.7041666666666667 0.044444444444444446 0.03125
7 0.10833333333333334 0.7934895833333333 0.05555555555555555 0.028645833333333332
7 0.11018518518518519 0.8822916666666667 0.05 0.028125