7 0.09583333333333334 0.05234375 0.11574074074074074 0.033854166666666664
7 0.1736111111111111 0.08385416666666666 0.2712962962962963 0.029166666666666667
0 0.9212962962962963 0.0671875 0.07777777777777778 0.04375
7 0.08888888888888889 0.1609375 0.10185185185185185 0.03333333333333333
7 0.17777777777777778 0.19244791666666666 0.2796296296296296 0.0296875
0 0.9212962962962963 0.17552083333333332 0.07777777777777778 0.04375
7 0.13148148148148148 0.26927083333333335 0.18703703703703703 0.03333333333333333
7 0.20416666666666666 0.30104166666666665 0.33240740740740743 0.030208333333333334
0 0.9212962962962963 0.284375 0.07777777777777778 0.04375
7 0.1087962962962963 0.37786458333333334 0.14166666666666666 0.033854166666666664
7 0.18472222222222223 0.40963541666666664 0.2935185185185185 0.0296875
0 0.9212962962962963 0.3927083333333333 0.07777777777777778 0.04375
7 0.13796296296296295 0.4817708333333333 0.21666666666666667 0.029166666666666667
7 0.09583333333333334 0.53984375 0.11574074074074074 0.033854166666666664
7 0.16157407407407406 0.5713541666666667 0.24722222222222223 0.029166666666666667
7 0.08888888888888889 0.6484375 0.10185185185185185 0.03333333333333333
7 0.16157407407407406 0.6799479166666667 0.24722222222222223 0.0296875
7 0.13148148148148148 0.7567708333333333 0.18703703703703703 0.03333333333333333
7 0.16157407407407406 0.7885416666666667 0.24722222222222223 0.030208333333333334
7 0.1087962962962963 0.8653645833333333 0.14166666666666666 0.033854166666666664
7 0.16157407407407406 0.8971354166666666 0.24722222222222223 0.0296875