7 0.2523148148148148 0.07291666666666667 0.1712962962962963 0.03229166666666667
2 0.06666666666666667 0.07265625 0.06851851851851852 0.0328125
7 0.2708333333333333 0.19401041666666666 0.475 0.025520833333333333
7 0.12546296296296297 0.21875 0.175 0.026041666666666668
7 0.27314814814814814 0.29192708333333334 0.47962962962962963 0.0234375
7 0.08101851851851852 0.315625 0.08611111111111111 0.026041666666666668
7 0.27314814814814814 0.38828125 0.4777777777777778 0.024479166666666666
7 0.37916666666666665 0.42630208333333336 0.687962962962963 0.0484375
6 0.9027777777777778 0.41067708333333336 0.11481481481481481 0.03697916666666667
7 0.25972222222222224 0.5072916666666667 0.45092592592592595 0.026041666666666668
7 0.41064814814814815 0.5341145833333333 0.7527777777777778 0.025520833333333333
7 0.17037037037037037 0.6046875 0.2796296296296296 0.026041666666666668