7 0.49907407407407406 0.12395833333333334 0.2962962962962963 0.04375
7 0.5013888888888889 0.19479166666666667 0.962037037037037 0.06875
7 0.49953703703703706 0.27239583333333334 0.9638888888888889 0.07083333333333333
2 0.06759259259259259 0.06510416666666667 0.07777777777777778 0.04375
7 0.3300925925925926 0.06510416666666667 0.42685185185185187 0.03333333333333333
7 0.49953703703703706 0.3653645833333333 0.4546296296296296 0.028645833333333332
7 0.4981481481481482 0.43776041666666665 0.2962962962962963 0.0328125
7 0.500462962962963 0.5109375 0.24722222222222223 0.03125
8 0.5057870370370371 0.365234375 0.9450648148148147 0.05859375
8 0.5011574074074074 0.4381510416666667 0.9358055555555556 0.053385416666666664
8 0.5017407407407407 0.5130208333333334 0.9462222222222222 0.057291666666666664