5 0.8791666666666667 0.09166666666666666 0.06944444444444445 0.04375
5 0.8777777777777778 0.16875 0.07037037037037037 0.041666666666666664
5 0.8800925925925925 0.24713541666666666 0.07685185185185185 0.0453125
5 0.8800925925925925 0.32473958333333336 0.07685185185185185 0.04114583333333333
5 0.8796296296296297 0.4046875 0.07407407407407407 0.042708333333333334
5 0.8787037037037037 0.4828125 0.07222222222222222 0.04791666666666667
5 0.8782407407407408 0.56015625 0.07314814814814814 0.044270833333333336
5 0.8796296296296297 0.6390625 0.07407407407407407 0.040625
5 0.8787037037037037 0.7963541666666667 0.07222222222222222 0.04583333333333333
5 0.8810185185185185 0.8736979166666666 0.0787037037037037 0.04010416666666667
5 0.8800925925925925 0.7166666666666667 0.075 0.036458333333333336
7 0.1398148148148148 0.09453125 0.12037037037037036 0.033854166666666664
7 0.14212962962962963 0.17161458333333332 0.11574074074074074 0.034895833333333334
7 0.1449074074074074 0.2513020833333333 0.11944444444444445 0.0328125
7 0.1388888888888889 0.3307291666666667 0.11481481481481481 0.0375
7 0.14953703703703702 0.4075520833333333 0.13055555555555556 0.0328125
7 0.14537037037037037 0.48541666666666666 0.13148148148148148 0.03333333333333333
7 0.13240740740740742 0.56171875 0.08888888888888889 0.030729166666666665
7 0.1388888888888889 0.6424479166666667 0.1111111111111111 0.03802083333333333
7 0.1388888888888889 0.7213541666666666 0.10925925925925926 0.03125
7 0.13472222222222222 0.7963541666666667 0.09351851851851851 0.03125
7 0.13657407407407407 0.8734375 0.09907407407407408 0.03125