2 0.06944444444444445 0.07083333333333333 0.06111111111111111 0.03125
5 0.09166666666666666 0.16458333333333333 0.06111111111111111 0.035416666666666666
5 0.09166666666666666 0.20677083333333332 0.05740740740740741 0.034375
5 0.09074074074074075 0.25104166666666666 0.06296296296296296 0.03125
5 0.08981481481481482 0.2942708333333333 0.06111111111111111 0.034375
5 0.09166666666666666 0.3385416666666667 0.06111111111111111 0.03333333333333333
5 0.08888888888888889 0.38229166666666664 0.06296296296296296 0.03333333333333333
5 0.08981481481481482 0.425 0.06111111111111111 0.03333333333333333
5 0.08981481481481482 0.46875 0.06111111111111111 0.03333333333333333
7 0.33240740740740743 0.071875 0.39444444444444443 0.03333333333333333
7 0.3416666666666667 0.128125 0.5907407407407408 0.022916666666666665
7 0.3453703703703704 0.16666666666666666 0.4425925925925926 0.027083333333333334
7 0.18425925925925926 0.2078125 0.12407407407407407 0.028125
7 0.19166666666666668 0.25364583333333335 0.1388888888888889 0.023958333333333335
7 0.19166666666666668 0.29583333333333334 0.13518518518518519 0.027083333333333334
7 0.21574074074074073 0.3411458333333333 0.18333333333333332 0.026041666666666668
7 0.19907407407407407 0.3854166666666667 0.1574074074074074 0.025
7 0.17592592592592593 0.42864583333333334 0.10740740740740741 0.023958333333333335
7 0.19814814814814816 0.47291666666666665 0.14444444444444443 0.025
7 0.4981481481481482 0.8947916666666667 0.1037037037037037 0.025
8 0.5039814814814815 0.8958333333333334 0.9530925925925925 0.047614583333333335