7 0.1824074074074074 0.07161458333333333 0.2962962962962963 0.028645833333333332
2 0.9458333333333333 0.06848958333333334 0.032407407407407406 0.0296875
2 0.10925925925925926 0.1796875 0.10925925925925926 0.05520833333333333
7 0.2449074074074074 0.17786458333333333 0.0787037037037037 0.034895833333333334
6 0.8856481481481482 0.17552083333333332 0.09722222222222222 0.042708333333333334
2 0.10787037037037037 0.27369791666666665 0.12685185185185185 0.03697916666666667
7 0.24814814814814815 0.27447916666666666 0.08518518518518518 0.036458333333333336
6 0.8810185185185185 0.27291666666666664 0.08981481481481482 0.041666666666666664
2 0.10787037037037037 0.3692708333333333 0.11018518518518519 0.06145833333333333
7 0.2833333333333333 0.37083333333333335 0.17222222222222222 0.040625
6 0.8828703703703704 0.36822916666666666 0.09351851851851851 0.041666666666666664
2 0.10925925925925926 0.4635416666666667 0.11666666666666667 0.065625
7 0.2861111111111111 0.4666666666666667 0.17222222222222222 0.03854166666666667
6 0.8828703703703704 0.4630208333333333 0.09722222222222222 0.03854166666666667
2 0.10925925925925926 0.5588541666666667 0.11666666666666667 0.065625
7 0.3 0.56171875 0.1925925925925926 0.0421875
6 0.8833333333333333 0.5596354166666667 0.09814814814814815 0.04114583333333333
2 0.10925925925925926 0.6541666666666667 0.11666666666666667 0.065625
7 0.29953703703703705 0.65703125 0.19537037037037036 0.0453125
6 0.8810185185185185 0.6528645833333333 0.08981481481481482 0.0421875
2 0.10925925925925926 0.7494791666666667 0.11666666666666667 0.065625
7 0.32175925925925924 0.7520833333333333 0.24166666666666667 0.036458333333333336
6 0.8824074074074074 0.7479166666666667 0.09259259259259259 0.04479166666666667