7 0.2916666666666667 0.05364583333333333 0.48148148148148145 0.025
7 0.1087962962962963 0.1203125 0.10277777777777777 0.03333333333333333
0 0.8800925925925925 0.12161458333333333 0.05648148148148148 0.0328125
7 0.12129629629629629 0.21015625 0.12962962962962962 0.030729166666666665
0 0.8787037037037037 0.20989583333333334 0.05740740740740741 0.03125
7 0.11064814814814815 0.30130208333333336 0.11944444444444445 0.028645833333333332
0 0.8805555555555555 0.2989583333333333 0.05740740740740741 0.03333333333333333
7 0.12824074074074074 0.38697916666666665 0.14722222222222223 0.028125
0 0.8777777777777778 0.38645833333333335 0.05185185185185185 0.03333333333333333
7 0.1476851851851852 0.47552083333333334 0.18796296296296297 0.029166666666666667
0 0.8824074074074074 0.4739583333333333 0.05555555555555555 0.028125
7 0.33101851851851855 0.565625 0.562037037037037 0.03229166666666667
0 0.8800925925925925 0.5622395833333333 0.05648148148148148 0.03177083333333333
7 0.28425925925925927 0.653125 0.46111111111111114 0.03125
0 0.8782407407407408 0.6510416666666666 0.05462962962962963 0.029166666666666667
7 0.15462962962962962 0.71953125 0.19444444444444445 0.0328125
7 0.3875 0.7611979166666667 0.6675925925925926 0.04739583333333333
0 0.8800925925925925 0.74453125 0.05648148148148148 0.0328125