7 0.08981481481481482 0.14609375 0.11296296296296296 0.0328125
7 0.1388888888888889 0.19479166666666667 0.20185185185185187 0.030208333333333334
6 0.9027777777777778 0.19453125 0.11481481481481481 0.03697916666666667
7 0.18611111111111112 0.26979166666666665 0.2962962962962963 0.030208333333333334
7 0.3976851851851852 0.29765625 0.7194444444444444 0.025520833333333333
6 0.9027777777777778 0.2825520833333333 0.11481481481481481 0.03697916666666667
7 0.09722222222222222 0.36953125 0.13333333333333333 0.0296875
7 0.19537037037037036 0.4197916666666667 0.3148148148148148 0.030208333333333334
7 0.3365740740740741 0.44765625 0.5972222222222222 0.025520833333333333
6 0.9027777777777778 0.43255208333333334 0.11481481481481481 0.03697916666666667
7 0.11481481481481481 0.5205729166666667 0.1537037037037037 0.0296875
7 0.15648148148148147 0.5955729166666667 0.23703703703703705 0.0296875
7 0.2222222222222222 0.6705729166666666 0.3685185185185185 0.0296875
7 0.16111111111111112 0.7455729166666667 0.2462962962962963 0.0296875
7 0.1925925925925926 0.8205729166666667 0.30925925925925923 0.0296875
6 0.9027777777777778 0.8203125 0.11481481481481481 0.0375
7 0.3189814814814815 0.0703125 0.2898148148148148 0.036458333333333336
2 0.06666666666666667 0.07161458333333333 0.06851851851851852 0.03802083333333333
2 0.7300925925925926 0.06927083333333334 0.06388888888888888 0.035416666666666666
2 0.8430555555555556 0.07057291666666667 0.08611111111111111 0.03697916666666667
2 0.9449074074074074 0.0703125 0.04351851851851852 0.03958333333333333