5 0.8074074074074075 0.2 0.06666666666666667 0.0375
5 0.8074074074074075 0.26666666666666666 0.06666666666666667 0.0375
5 0.8064814814814815 0.3333333333333333 0.06851851851851852 0.0375
5 0.8037037037037037 0.396875 0.06666666666666667 0.035416666666666666
5 0.8046296296296296 0.46510416666666665 0.06481481481481481 0.036458333333333336
5 0.8064814814814815 0.5302083333333333 0.06481481481481481 0.035416666666666666
5 0.8055555555555556 0.596875 0.06296296296296296 0.035416666666666666
5 0.8064814814814815 0.6630208333333333 0.06851851851851852 0.036458333333333336
5 0.8074074074074075 0.7276041666666667 0.06666666666666667 0.03854166666666667
5 0.8074074074074075 0.7880208333333333 0.06666666666666667 0.030208333333333334
7 0.4064814814814815 0.1234375 0.4462962962962963 0.06979166666666667
7 0.3888888888888889 0.19010416666666666 0.14444444444444443 0.028125
7 0.375 0.21927083333333333 0.11296296296296296 0.021875
7 0.3972222222222222 0.25625 0.16111111111111112 0.029166666666666667
7 0.37777777777777777 0.2859375 0.12222222222222222 0.023958333333333335
7 0.36666666666666664 0.32083333333333336 0.1 0.025
7 0.38425925925925924 0.35 0.13518518518518519 0.022916666666666665
7 0.3731481481481482 0.3875 0.10185185185185185 0.027083333333333334
7 0.37777777777777777 0.4166666666666667 0.12222222222222222 0.022916666666666665
7 0.3814814814814815 0.4510416666666667 0.12222222222222222 0.025
7 0.3731481481481482 0.4817708333333333 0.11666666666666667 0.023958333333333335
7 0.4009259259259259 0.5192708333333333 0.1685185185185185 0.030208333333333334
7 0.37222222222222223 0.5484375 0.10740740740740741 0.019791666666666666
7 0.39166666666666666 0.5859375 0.1537037037037037 0.030208333333333334
7 0.3527777777777778 0.6140625 0.07222222222222222 0.021875
7 0.36018518518518516 0.65 0.08703703703703704 0.03125
7 0.3611111111111111 0.6802083333333333 0.08888888888888889 0.020833333333333332
7 0.4009259259259259 0.715625 0.17222222222222222 0.025
7 0.3861111111111111 0.7458333333333333 0.1388888888888889 0.025
7 0.39351851851851855 0.7838541666666666 0.1574074074074074 0.028125
7 0.7842592592592592 0.8692708333333333 0.06111111111111111 0.023958333333333335
3 0.2490740740740741 0.2 0.13148148148148148 0.05416666666666667
3 0.25 0.265625 0.13333333333333333 0.052083333333333336
3 0.25092592592592594 0.33229166666666665 0.13148148148148148 0.052083333333333336
3 0.25277777777777777 0.39947916666666666 0.13148148148148148 0.04895833333333333
3 0.2490740740740741 0.46458333333333335 0.13148148148148148 0.052083333333333336
3 0.25092592592592594 0.5317708333333333 0.12777777777777777 0.051041666666666666
3 0.25 0.596875 0.13333333333333333 0.052083333333333336
3 0.25 0.6640625 0.13333333333333333 0.051041666666666666
3 0.25092592592592594 0.7291666666666666 0.13148148148148148 0.052083333333333336
3 0.24814814814814815 0.7848958333333333 0.12962962962962962 0.034375