7 0.26851851851851855 0.0734375 0.4703703703703704 0.034375
7 0.12824074074074074 0.14401041666666667 0.2361111111111111 0.0328125
5 0.9467592592592593 0.14088541666666668 0.06574074074074074 0.0359375
7 0.19444444444444445 0.21380208333333334 0.3888888888888889 0.0328125
5 0.9453703703703704 0.21067708333333332 0.07592592592592592 0.0328125
7 0.9185185185185185 0.23854166666666668 0.14444444444444443 0.020833333333333332
7 0.2175925925925926 0.28229166666666666 0.4351851851851852 0.030208333333333334
5 0.9467592592592593 0.28125 0.06759259259259259 0.036458333333333336
7 0.21851851851851853 0.35 0.43703703703703706 0.03333333333333333
5 0.9476851851851852 0.3484375 0.062037037037037036 0.0375
7 0.26157407407407407 0.4158854166666667 0.5231481481481481 0.0328125
5 0.95 0.41380208333333335 0.06666666666666667 0.04010416666666667
7 0.20972222222222223 0.48072916666666665 0.41944444444444445 0.030208333333333334
5 0.9481481481481482 0.47942708333333334 0.06296296296296296 0.03697916666666667
7 0.23425925925925925 0.54765625 0.4685185185185185 0.03177083333333333
5 0.9472222222222222 0.54765625 0.07222222222222222 0.0390625
7 0.19166666666666668 0.6130208333333333 0.38333333333333336 0.03125
5 0.9472222222222222 0.6125 0.06481481481481481 0.03958333333333333
7 0.19305555555555556 0.6799479166666667 0.3861111111111111 0.0328125
5 0.9486111111111111 0.678125 0.06759259259259259 0.0375
7 0.23055555555555557 0.7479166666666667 0.46111111111111114 0.028125
5 0.9467592592592593 0.7466145833333333 0.06018518518518518 0.033854166666666664
7 0.924537037037037 0.775 0.14907407407407408 0.021875
7 0.18055555555555555 0.81953125 0.3611111111111111 0.030729166666666665
5 0.9467592592592593 0.81875 0.06018518518518518 0.0375
8 0.5015833333333334 0.90234375 0.9968333333333332 0.0625