7 0.14722222222222223 0.19713541666666667 0.2222222222222222 0.027604166666666666
7 0.12777777777777777 0.22473958333333333 0.18333333333333332 0.0265625
7 0.07453703703703704 0.29609375 0.0787037037037037 0.024479166666666666
7 0.07685185185185185 0.325 0.08333333333333333 0.021875
7 0.1912037037037037 0.39895833333333336 0.3101851851851852 0.027083333333333334
7 0.16203703703703703 0.42682291666666666 0.2537037037037037 0.025520833333333333
0 0.9217592592592593 0.41015625 0.05092592592592592 0.0296875
7 0.15231481481481482 0.49765625 0.23981481481481481 0.03177083333333333
7 0.3574074074074074 0.5268229166666667 0.6537037037037037 0.0296875
7 0.13564814814814816 0.5994791666666667 0.21203703703703702 0.027083333333333334
7 0.2064814814814815 0.6276041666666666 0.337037037037037 0.029166666666666667
0 0.9222222222222223 0.6111979166666667 0.05555555555555555 0.0296875
7 0.2310185185185185 0.075 0.38981481481481484 0.03333333333333333