2 0.050462962962962966 0.11614583333333334 0.028703703703703703 0.014583333333333334
7 0.08935185185185185 0.11588541666666667 0.049074074074074076 0.0140625
7 0.32407407407407407 0.15208333333333332 0.5796296296296296 0.022916666666666665
2 0.050462962962962966 0.17916666666666667 0.028703703703703703 0.016666666666666666
7 0.08935185185185185 0.17734375 0.049074074074074076 0.018229166666666668
7 0.49444444444444446 0.22786458333333334 0.9259259259259259 0.0484375
2 0.050462962962962966 0.26510416666666664 0.028703703703703703 0.016666666666666666
7 0.08935185185185185 0.26328125 0.049074074074074076 0.018229166666666668
7 0.1837962962962963 0.3015625 0.30648148148148147 0.026041666666666668
2 0.050462962962962966 0.32864583333333336 0.028703703703703703 0.016666666666666666
7 0.08657407407407407 0.32786458333333335 0.03611111111111111 0.018229166666666668
7 0.48055555555555557 0.378125 0.8944444444444445 0.046875
2 0.050462962962962966 0.41484375 0.028703703703703703 0.016145833333333335
7 0.0837962962962963 0.4140625 0.03611111111111111 0.01875
7 0.0699074074074074 0.453125 0.075 0.025
2 0.050462962962962966 0.4783854166666667 0.028703703703703703 0.016145833333333335
7 0.08518518518518518 0.4783854166666667 0.037037037037037035 0.0171875
7 0.41944444444444445 0.5169270833333334 0.7777777777777778 0.025520833333333333
2 0.050462962962962966 0.5421875 0.028703703703703703 0.016666666666666666
7 0.08935185185185185 0.5403645833333334 0.049074074074074076 0.018229166666666668
7 0.3731481481481482 0.5799479166666667 0.6796296296296296 0.024479166666666666
2 0.050462962962962966 0.6057291666666667 0.028703703703703703 0.016666666666666666
7 0.08287037037037037 0.60390625 0.03611111111111111 0.018229166666666668
7 0.30694444444444446 0.6416666666666667 0.5527777777777778 0.022916666666666665
2 0.050462962962962966 0.6692708333333334 0.028703703703703703 0.016666666666666666
7 0.08935185185185185 0.6674479166666667 0.049074074074074076 0.018229166666666668
7 0.47824074074074074 0.7190104166666667 0.8953703703703704 0.04739583333333333
2 0.050462962962962966 0.75546875 0.028703703703703703 0.016145833333333335
7 0.08287037037037037 0.7536458333333333 0.03611111111111111 0.01875
7 0.14027777777777778 0.7911458333333333 0.21944444444444444 0.021875
2 0.050462962962962966 0.8190104166666666 0.028703703703703703 0.016145833333333335
7 0.08287037037037037 0.8171875 0.03611111111111111 0.01875
7 0.4125 0.85625 0.7583333333333333 0.026041666666666668
2 0.050462962962962966 0.8828125 0.028703703703703703 0.016666666666666666
7 0.08935185185185185 0.8809895833333333 0.049074074074074076 0.018229166666666668
7 0.34953703703703703 0.9192708333333334 0.6324074074074074 0.022916666666666665
7 0.2300925925925926 0.07161458333333333 0.17685185185185184 0.028645833333333332
2 0.06527777777777778 0.07005208333333333 0.06018518518518518 0.034895833333333334
2 0.8240740740740741 0.07109375 0.08518518518518518 0.044270833333333336
2 0.9402777777777778 0.07005208333333333 0.0787037037037037 0.044270833333333336