6 0.8898148148148148 0.21927083333333333 0.09074074074074075 0.036458333333333336
6 0.9092592592592592 0.4739583333333333 0.10740740740740741 0.03333333333333333
2 0.9462962962962963 0.07083333333333333 0.037037037037037035 0.03125
2 0.06759259259259259 0.07083333333333333 0.06481481481481481 0.03125
7 0.26481481481481484 0.07395833333333333 0.2 0.035416666666666666
7 0.19074074074074074 0.1453125 0.32592592592592595 0.023958333333333335
7 0.22592592592592592 0.19322916666666667 0.3888888888888889 0.026041666666666668
7 0.3768518518518518 0.23645833333333333 0.687037037037037 0.052083333333333336
7 0.1527777777777778 0.32083333333333336 0.24259259259259258 0.029166666666666667
7 0.12407407407407407 0.34479166666666666 0.1814814814814815 0.020833333333333332
7 0.48333333333333334 0.39166666666666666 0.9037037037037037 0.027083333333333334
7 0.14629629629629629 0.4630208333333333 0.23333333333333334 0.023958333333333335
7 0.39814814814814814 0.49114583333333334 0.7333333333333333 0.023958333333333335
7 0.14166666666666666 0.565625 0.22037037037037038 0.027083333333333334
7 0.08333333333333333 0.5916666666666667 0.10740740740740741 0.022916666666666665
7 0.21388888888888888 0.6666666666666666 0.3611111111111111 0.029166666666666667
7 0.10925925925925926 0.7416666666666667 0.15185185185185185 0.029166666666666667