7 0.23425925925925925 0.07317708333333334 0.1814814814814815 0.0328125
2 0.06759259259259259 0.07109375 0.05 0.027604166666666666
7 0.19953703703703704 0.1453125 0.33796296296296297 0.026041666666666668
7 0.11435185185185186 0.19765625 0.1638888888888889 0.0265625
7 0.20555555555555555 0.22473958333333333 0.337037037037037 0.025520833333333333
7 0.09814814814814815 0.29635416666666664 0.12777777777777777 0.023958333333333335
0 0.9226851851851852 0.29401041666666666 0.06574074074074074 0.033854166666666664
7 0.10092592592592593 0.37109375 0.13148148148148148 0.0234375
7 0.2 0.4200520833333333 0.3277777777777778 0.024479166666666666
0 0.9236111111111112 0.41822916666666665 0.062037037037037036 0.034375
7 0.23657407407407408 0.496875 0.4101851851851852 0.029166666666666667
7 0.4300925925925926 0.5463541666666667 0.7972222222222223 0.06979166666666667
0 0.924074074074074 0.5315104166666667 0.05740740740740741 0.0328125