0 0.9212962962962963 0.23489583333333333 0.06481481481481481 0.036458333333333336
0 0.9185185185185185 0.4348958333333333 0.06666666666666667 0.03854166666666667
0 0.9194444444444444 0.5854166666666667 0.05740740740740741 0.03958333333333333
0 0.9222222222222223 0.6588541666666666 0.06666666666666667 0.03854166666666667
7 0.08888888888888889 0.03333333333333333 0.1259259259259259 0.027083333333333334
7 0.06851851851851852 0.08541666666666667 0.07777777777777778 0.025
7 0.08796296296296297 0.15885416666666666 0.10925925925925926 0.030208333333333334
7 0.24537037037037038 0.2375 0.45 0.03125
7 0.18703703703703703 0.31197916666666664 0.32222222222222224 0.030208333333333334
7 0.14907407407407408 0.38333333333333336 0.2462962962962963 0.03125
7 0.09074074074074075 0.43697916666666664 0.11851851851851852 0.026041666666666668
7 0.12962962962962962 0.5119791666666667 0.2 0.03229166666666667
7 0.0824074074074074 0.5864583333333333 0.10185185185185185 0.029166666666666667
7 0.1037037037037037 0.6598958333333333 0.16296296296296298 0.03229166666666667
7 0.11018518518518519 0.7369791666666666 0.16111111111111112 0.034375
7 0.08703703703703704 0.8130208333333333 0.11481481481481481 0.026041666666666668