7 0.49907407407407406 0.09713541666666667 0.5018518518518519 0.06197916666666667
7 0.49537037037037035 0.18229166666666666 0.6685185185185185 0.065625
3 0.12268518518518519 0.29921875 0.08425925925925926 0.07552083333333333
7 0.4074074074074074 0.28828125 0.3388888888888889 0.0234375
7 0.3425925925925926 0.3098958333333333 0.20925925925925926 0.019791666666666666
5 0.9060185185185186 0.2989583333333333 0.07685185185185185 0.0375
3 0.12222222222222222 0.390625 0.13333333333333333 0.052083333333333336
7 0.3768518518518518 0.3809895833333333 0.2777777777777778 0.0234375
7 0.3425925925925926 0.40286458333333336 0.20925925925925926 0.0203125
5 0.9060185185185186 0.39140625 0.06388888888888888 0.034895833333333334
3 0.12546296296296297 0.484375 0.14351851851851852 0.0625
7 0.32407407407407407 0.47421875 0.17222222222222222 0.0234375
7 0.3425925925925926 0.49583333333333335 0.20925925925925926 0.019791666666666666
5 0.9064814814814814 0.48463541666666665 0.07037037037037037 0.03802083333333333