7 0.3277777777777778 0.05260416666666667 0.6296296296296297 0.034375
7 0.2935185185185185 0.14427083333333332 0.3611111111111111 0.030208333333333334
7 0.27037037037037037 0.18854166666666666 0.3037037037037037 0.03125
7 0.2 0.23229166666666667 0.17037037037037037 0.029166666666666667
7 0.18981481481481483 0.2760416666666667 0.15 0.027083333333333334
7 0.19907407407407407 0.32083333333333336 0.16111111111111112 0.03125
7 0.2037037037037037 0.3651041666666667 0.17777777777777778 0.030208333333333334
7 0.19166666666666668 0.40520833333333334 0.16111111111111112 0.027083333333333334
7 0.21851851851851853 0.45260416666666664 0.21481481481481482 0.028125
7 0.20092592592592592 0.4947916666666667 0.17222222222222222 0.029166666666666667
7 0.2175925925925926 0.5385416666666667 0.20185185185185187 0.029166666666666667
7 0.18703703703703703 0.5833333333333334 0.14074074074074075 0.03125
7 0.2064814814814815 0.6265625 0.17962962962962964 0.030208333333333334
7 0.17314814814814813 0.66875 0.11666666666666667 0.03125
7 0.1675925925925926 0.7109375 0.10925925925925926 0.030208333333333334
7 0.16018518518518518 0.75625 0.10185185185185185 0.03125
7 0.18611111111111112 0.803125 0.1425925925925926 0.03333333333333333
7 0.17314814814814813 0.8447916666666667 0.11296296296296296 0.03125
7 0.1712962962962963 0.8885416666666667 0.11296296296296296 0.03125
5 0.07962962962962963 0.14270833333333333 0.05925925925925926 0.03125
5 0.0824074074074074 0.18697916666666667 0.06111111111111111 0.03229166666666667
5 0.0787037037037037 0.23177083333333334 0.06111111111111111 0.03229166666666667
5 0.08055555555555556 0.27447916666666666 0.05740740740740741 0.036458333333333336
5 0.08055555555555556 0.3182291666666667 0.05740740740740741 0.03229166666666667
5 0.08148148148148149 0.3625 0.05555555555555555 0.03333333333333333
5 0.08055555555555556 0.4078125 0.05740740740740741 0.03229166666666667
5 0.07962962962962963 0.44895833333333335 0.05925925925925926 0.03333333333333333
5 0.08055555555555556 0.49166666666666664 0.05 0.03125
5 0.0787037037037037 0.5375 0.05740740740740741 0.03125
5 0.0787037037037037 0.5802083333333333 0.053703703703703705 0.03333333333333333
5 0.08055555555555556 0.625 0.06111111111111111 0.03125
5 0.07962962962962963 0.66875 0.05925925925925926 0.03333333333333333
5 0.08148148148148149 0.7125 0.05925925925925926 0.029166666666666667
5 0.0787037037037037 0.7546875 0.053703703703703705 0.030208333333333334
5 0.07592592592592592 0.7989583333333333 0.05925925925925926 0.029166666666666667
5 0.07777777777777778 0.8421875 0.05925925925925926 0.03229166666666667
5 0.0787037037037037 0.8869791666666667 0.06111111111111111 0.030208333333333334
2 0.9120370370370371 0.04895833333333333 0.09074074074074075 0.05416666666666667