7 0.49722222222222223 0.8817708333333333 0.08703703703703704 0.026041666666666668
7 0.2111111111111111 0.4901041666666667 0.1111111111111111 0.023958333333333335
7 0.5 0.49114583333333334 0.14074074074074075 0.026041666666666668
7 0.7925925925925926 0.4901041666666667 0.1111111111111111 0.026041666666666668
7 0.10462962962962963 0.3703125 0.10555555555555556 0.017708333333333333
7 0.20925925925925926 0.28489583333333335 0.0962962962962963 0.028125
7 0.12314814814814815 0.24010416666666667 0.14629629629629629 0.017708333333333333
7 0.49537037037037035 0.14427083333333332 0.8648148148148148 0.053125
2 0.06759259259259259 0.06875 0.06111111111111111 0.03333333333333333
2 0.2064814814814815 0.4427083333333333 0.06111111111111111 0.04375
2 0.5018518518518519 0.44375 0.06296296296296296 0.03958333333333333
2 0.7898148148148149 0.44479166666666664 0.10185185185185185 0.03333333333333333
2 0.10925925925925926 0.2864583333333333 0.04814814814814815 0.025
4 0.49722222222222223 0.2875 0.8944444444444445 0.06041666666666667
7 0.49722222222222223 0.584375 0.05740740740740741 0.022916666666666665
8 0.5000185185185185 0.5851979166666667 0.8816851851851852 0.057291666666666664