6 0.8907407407407407 0.3536458333333333 0.1 0.03854166666666667
6 0.8925925925925926 0.425 0.1037037037037037 0.0375
6 0.8944444444444445 0.4942708333333333 0.10740740740740741 0.034375
6 0.8916666666666667 0.5583333333333333 0.10185185185185185 0.035416666666666666
7 0.5018518518518519 0.07291666666666667 0.48148148148148145 0.03125
7 0.49537037037037035 0.21666666666666667 0.9796296296296296 0.04375
7 0.49907407407407406 0.28177083333333336 0.4722222222222222 0.023958333333333335
7 0.26851851851851855 0.35625 0.48518518518518516 0.027083333333333334
7 0.3787037037037037 0.4276041666666667 0.7018518518518518 0.051041666666666666
7 0.39166666666666666 0.49635416666666665 0.7203703703703703 0.028125
7 0.287962962962963 0.559375 0.5166666666666667 0.027083333333333334
2 0.06574074074074074 0.06979166666666667 0.053703703703703705 0.029166666666666667
7 0.24722222222222223 0.1375 0.34629629629629627 0.020833333333333332
7 0.7472222222222222 0.13802083333333334 0.29814814814814816 0.021875