7 0.22453703703703703 0.12864583333333332 0.33425925925925926 0.03333333333333333
7 0.24444444444444444 0.15807291666666667 0.37407407407407406 0.025520833333333333
7 0.22407407407407406 0.21692708333333333 0.3333333333333333 0.0328125
7 0.4791666666666667 0.24635416666666668 0.8435185185185186 0.026041666666666668
7 0.3125 0.30520833333333336 0.5101851851851852 0.03333333333333333
7 0.274537037037037 0.3346354166666667 0.43425925925925923 0.025520833333333333
7 0.25972222222222224 0.3875 0.4046296296296296 0.03333333333333333
7 0.37546296296296294 0.43020833333333336 0.637962962962963 0.046875
0 0.8819444444444444 0.41119791666666666 0.06388888888888888 0.033854166666666664
7 0.31666666666666665 0.49192708333333335 0.5185185185185185 0.0328125
7 0.274537037037037 0.5213541666666667 0.43425925925925923 0.026041666666666668
7 0.32083333333333336 0.5744791666666667 0.5268518518518519 0.03333333333333333
7 0.3921296296296296 0.6263020833333334 0.675 0.0640625
0 0.8800925925925925 0.6088541666666667 0.06018518518518518 0.03333333333333333
3 0.06759259259259259 0.06510416666666667 0.07777777777777778 0.04375
7 0.2449074074074074 0.06510416666666667 0.2564814814814815 0.03333333333333333