2 0.06759259259259259 0.06927083333333334 0.07222222222222222 0.028125
2 0.8240740740740741 0.06979166666666667 0.05555555555555555 0.03333333333333333
2 0.9398148148148148 0.07083333333333333 0.07592592592592592 0.03125
3 0.13333333333333333 0.184375 0.1962962962962963 0.1125
3 0.13333333333333333 0.3390625 0.2037037037037037 0.11145833333333334
3 0.13425925925925927 0.49322916666666666 0.20555555555555555 0.11354166666666667
3 0.13425925925925927 0.6484375 0.20185185185185187 0.11354166666666667
3 0.13148148148148148 0.8020833333333334 0.2 0.11458333333333333
3 0.13333333333333333 0.9161458333333333 0.2037037037037037 0.030208333333333334
7 0.5601851851851852 0.15989583333333332 0.6018518518518519 0.059375
7 0.549074074074074 0.3145833333333333 0.5833333333333334 0.06041666666666667
7 0.5509259259259259 0.46770833333333334 0.5796296296296296 0.06041666666666667
7 0.5592592592592592 0.621875 0.5888888888888889 0.058333333333333334
7 0.5537037037037037 0.7921875 0.5814814814814815 0.08854166666666667
7 0.5703703703703704 0.915625 0.6111111111111112 0.027083333333333334
7 0.2759259259259259 0.071875 0.2111111111111111 0.029166666666666667
7 0.5277777777777778 0.2046875 0.5259259259259259 0.019791666666666666
7 0.5287037037037037 0.35885416666666664 0.524074074074074 0.019791666666666666
7 0.537962962962963 0.5135416666666667 0.5425925925925926 0.020833333333333332
7 0.5398148148148149 0.6697916666666667 0.55 0.022916666666666665
7 0.5398148148148149 0.8515625 0.5462962962962963 0.021875