3 0.49907407407407406 0.21875 0.6111111111111112 0.384375
2 0.22361111111111112 0.6591145833333333 0.18055555555555555 0.1015625
2 0.5027777777777778 0.65703125 0.17592592592592593 0.1015625
2 0.7837962962962963 0.65546875 0.18611111111111112 0.10260416666666666
2 0.36018518518518516 0.81640625 0.1925925925925926 0.1046875
2 0.6444444444444445 0.81484375 0.1962962962962963 0.1015625
7 0.22083333333333333 0.7221354166666667 0.1361111111111111 0.028645833333333332
7 0.5027777777777778 0.7203125 0.14074074074074075 0.022916666666666665
7 0.7842592592592592 0.7197916666666667 0.11851851851851852 0.022916666666666665
7 0.3592592592592593 0.8802083333333334 0.23333333333333334 0.025
7 0.6435185185185185 0.8802083333333334 0.2574074074074074 0.023958333333333335