7 0.23333333333333334 0.13072916666666667 0.36666666666666664 0.021875
7 0.34444444444444444 0.1671875 0.44074074074074077 0.026041666666666668
7 0.18333333333333332 0.21041666666666667 0.11481481481481481 0.025
7 0.19166666666666668 0.25104166666666666 0.12777777777777777 0.020833333333333332
7 0.1925925925925926 0.29635416666666664 0.13703703703703704 0.023958333333333335
7 0.18518518518518517 0.33958333333333335 0.11851851851851852 0.020833333333333332
7 0.19074074074074074 0.384375 0.12962962962962962 0.027083333333333334
7 0.2101851851851852 0.42864583333333334 0.1648148148148148 0.026041666666666668
7 0.17685185185185184 0.4713541666666667 0.10185185185185185 0.023958333333333335
7 0.1685185185185185 0.5140625 0.08518518518518518 0.021875
7 0.19166666666666668 0.5583333333333333 0.13518518518518519 0.022916666666666665
7 0.18888888888888888 0.6036458333333333 0.1259259259259259 0.023958333333333335
7 0.18518518518518517 0.6479166666666667 0.12222222222222222 0.025
7 0.21851851851851853 0.690625 0.1925925925925926 0.025
7 0.17592592592592593 0.7338541666666667 0.1 0.021875
7 0.18055555555555555 0.7765625 0.11296296296296296 0.023958333333333335
7 0.1935185185185185 0.8192708333333333 0.1388888888888889 0.023958333333333335
7 0.337037037037037 0.07395833333333333 0.3962962962962963 0.03333333333333333
2 0.06759259259259259 0.07083333333333333 0.05740740740740741 0.03125
5 0.09166666666666666 0.16458333333333333 0.06111111111111111 0.03125
5 0.09074074074074075 0.20677083333333332 0.06296296296296296 0.03229166666666667
5 0.09444444444444444 0.25052083333333336 0.06666666666666667 0.03229166666666667
5 0.08981481481481482 0.29375 0.06111111111111111 0.03333333333333333
5 0.09074074074074075 0.3385416666666667 0.06296296296296296 0.03333333333333333
5 0.08888888888888889 0.38177083333333334 0.06296296296296296 0.034375
5 0.09074074074074075 0.4265625 0.05925925925925926 0.03229166666666667
5 0.09166666666666666 0.46979166666666666 0.06111111111111111 0.035416666666666666
5 0.09074074074074075 0.5145833333333333 0.05925925925925926 0.03333333333333333
5 0.08888888888888889 0.5557291666666667 0.06296296296296296 0.034375
5 0.09074074074074075 0.6015625 0.06296296296296296 0.03229166666666667
5 0.08888888888888889 0.6442708333333333 0.06296296296296296 0.03229166666666667
5 0.08888888888888889 0.6869791666666667 0.06296296296296296 0.036458333333333336
5 0.09259259259259259 0.7328125 0.06296296296296296 0.036458333333333336
5 0.08888888888888889 0.7755208333333333 0.06296296296296296 0.03229166666666667
5 0.09166666666666666 0.8192708333333333 0.05740740740740741 0.03229166666666667
7 0.49907407407407406 0.8921875 0.10185185185185185 0.021875
8 0.49868518518518523 0.8924895833333333 0.9425185185185185 0.049854166666666665