7 0.337037037037037 0.07239583333333334 0.3925925925925926 0.036458333333333336
7 0.5268518518518519 0.1421875 0.7981481481481482 0.04479166666666667
7 0.2962962962962963 0.196875 0.4740740740740741 0.03125
7 0.3175925925925926 0.24895833333333334 0.37962962962962965 0.027083333333333334
7 0.37222222222222223 0.29375 0.4925925925925926 0.027083333333333334
7 0.48333333333333334 0.3536458333333333 0.8777777777777778 0.046875
2 0.06388888888888888 0.06875 0.06111111111111111 0.035416666666666666
0 0.08703703703703704 0.13854166666666667 0.06666666666666667 0.035416666666666666
5 0.09074074074074075 0.246875 0.05925925925925926 0.03333333333333333
5 0.09074074074074075 0.2911458333333333 0.05925925925925926 0.036458333333333336
7 0.49907407407407406 0.8927083333333333 0.09814814814814815 0.020833333333333332
8 0.5026481481481482 0.8932291666666666 0.950462962962963 0.045385416666666664