7 0.1449074074074074 0.07395833333333333 0.21944444444444444 0.034375
2 0.9425925925925925 0.07057291666666667 0.05185185185185185 0.0359375
5 0.07268518518518519 0.15052083333333333 0.06944444444444445 0.03958333333333333
5 0.07453703703703704 0.19505208333333332 0.07314814814814814 0.04114583333333333
5 0.07268518518518519 0.23854166666666668 0.06944444444444445 0.040625
5 0.07268518518518519 0.2825520833333333 0.06944444444444445 0.04114583333333333
5 0.07314814814814814 0.3255208333333333 0.07037037037037037 0.03958333333333333
5 0.07453703703703704 0.3692708333333333 0.07314814814814814 0.03958333333333333
5 0.07314814814814814 0.41354166666666664 0.07037037037037037 0.040625
5 0.07268518518518519 0.45677083333333335 0.06944444444444445 0.03958333333333333
5 0.07268518518518519 0.5010416666666667 0.06944444444444445 0.040625
5 0.0712962962962963 0.54453125 0.06666666666666667 0.04010416666666667
5 0.07175925925925926 0.5872395833333334 0.06759259259259259 0.03802083333333333
5 0.07268518518518519 0.63125 0.06944444444444445 0.03854166666666667
5 0.07268518518518519 0.6752604166666667 0.06944444444444445 0.0390625
5 0.07268518518518519 0.7184895833333333 0.06944444444444445 0.03802083333333333
7 0.4777777777777778 0.8604166666666667 0.8796296296296297 0.103125
7 0.3587962962962963 0.15442708333333333 0.49537037037037035 0.0296875
7 0.15694444444444444 0.23958333333333334 0.08611111111111111 0.025
7 0.18009259259259258 0.28619791666666666 0.13796296296296295 0.025520833333333333
7 0.18518518518518517 0.32916666666666666 0.14814814814814814 0.026041666666666668
7 0.17824074074074073 0.3731770833333333 0.13425925925925927 0.025520833333333333
7 0.18796296296296297 0.41510416666666666 0.1574074074074074 0.022916666666666665
7 0.16805555555555557 0.4596354166666667 0.11203703703703703 0.0234375
7 0.19074074074074074 0.5028645833333333 0.1574074074074074 0.028645833333333332
7 0.18888888888888888 0.5885416666666666 0.16111111111111112 0.022916666666666665
7 0.17777777777777778 0.6338541666666667 0.14444444444444443 0.020833333333333332
7 0.15925925925925927 0.67734375 0.0962962962962963 0.022395833333333334
7 0.49722222222222223 0.77265625 0.10555555555555556 0.024479166666666666
8 0.5005833333333334 0.773765625 0.9022407407407407 0.050130208333333336