7 0.23703703703703705 0.0390625 0.12777777777777777 0.027083333333333334
2 0.06666666666666667 0.03723958333333333 0.05740740740740741 0.025520833333333333
7 0.09351851851851851 0.11666666666666667 0.12407407407407407 0.03333333333333333
7 0.3111111111111111 0.15625 0.5574074074074075 0.026041666666666668
7 0.09212962962962963 0.5135416666666667 0.1287037037037037 0.03125
7 0.3425925925925926 0.5541666666666667 0.6203703703703703 0.026041666666666668
3 0.4986111111111111 0.6875 0.35833333333333334 0.20208333333333334
7 0.09259259259259259 0.9143229166666667 0.12407407407407407 0.0328125
2 0.9476851851851852 0.03697916666666667 0.030555555555555555 0.03125
3 0.4986111111111111 0.28619791666666666 0.3194444444444444 0.18177083333333333
7 0.4986111111111111 0.428125 0.2564814814814815 0.022916666666666665
7 0.4986111111111111 0.8270833333333333 0.2564814814814815 0.021875
8 0.5017407407407407 0.4303385416666667 0.9369629629629629 0.05078125
8 0.4982685185185185 0.8274739583333334 0.9346481481481481 0.048177083333333336