7 0.2337962962962963 0.0703125 0.19722222222222222 0.03125
2 0.06759259259259259 0.07213541666666666 0.05740740740740741 0.0296875
7 0.225 0.15885416666666666 0.3592592592592593 0.028125
6 0.9171296296296296 0.15807291666666667 0.11574074074074074 0.03697916666666667
7 0.10092592592592593 0.23802083333333332 0.1648148148148148 0.034375
7 0.3763888888888889 0.32057291666666665 0.41944444444444445 0.033854166666666664
7 0.16064814814814815 0.4036458333333333 0.28055555555555556 0.034375
7 0.08888888888888889 0.48125 0.09259259259259259 0.027083333333333334
6 0.9171296296296296 0.4796875 0.11574074074074074 0.0375
7 0.1259259259259259 0.5703125 0.1648148148148148 0.03229166666666667
6 0.9171296296296296 0.5674479166666667 0.11574074074074074 0.03697916666666667
7 0.09351851851851851 0.65625 0.09814814814814815 0.03333333333333333
6 0.9171296296296296 0.65546875 0.11574074074074074 0.03697916666666667
7 0.09675925925925925 0.7348958333333333 0.16018518518518518 0.029166666666666667
7 0.14675925925925926 0.8127604166666667 0.2064814814814815 0.0296875
6 0.9171296296296296 0.8109375 0.11574074074074074 0.0375
7 0.18055555555555555 0.8981770833333333 0.2759259259259259 0.03177083333333333
6 0.9171296296296296 0.8986979166666667 0.11574074074074074 0.03697916666666667
2 0.08564814814814815 0.31979166666666664 0.08611111111111111 0.05416666666666667