3 0.49953703703703706 0.14609375 0.9990740740740741 0.2921875
3 0.49907407407407406 0.44479166666666664 0.12222222222222222 0.052083333333333336
7 0.4976851851851852 0.5322916666666667 0.8083333333333333 0.029166666666666667
7 0.49907407407407406 0.5924479166666666 0.12407407407407407 0.0265625
7 0.25972222222222224 0.022135416666666668 0.4583333333333333 0.024479166666666666
2 0.937037037037037 0.033854166666666664 0.07592592592592592 0.040625
7 0.4986111111111111 0.77421875 0.11018518518518519 0.025520833333333333
7 0.49907407407407406 0.8692708333333333 0.20925925925925926 0.021875
2 0.02546296296296296 0.9205729166666666 0.049074074074074076 0.0265625
8 0.5023148148148148 0.773765625 0.9196018518518518 0.07356770833333333
8 0.4982685185185185 0.8704427083333334 0.9207592592592592 0.07161458333333333