7 0.4962962962962963 0.07369791666666667 0.1685185185185185 0.030729166666666665
2 0.05277777777777778 0.06953125 0.044444444444444446 0.0359375
7 0.23935185185185184 0.19973958333333333 0.4083333333333333 0.024479166666666666
7 0.1685185185185185 0.2559895833333333 0.26851851851851855 0.024479166666666666
7 0.8912037037037037 0.25703125 0.075 0.025520833333333333
2 0.9481481481481482 0.25546875 0.025925925925925925 0.028645833333333332
7 0.16898148148148148 0.31536458333333334 0.2657407407407407 0.028645833333333332
7 0.2199074074074074 0.37161458333333336 0.3731481481481482 0.027604166666666666
7 0.07731481481481481 0.42864583333333334 0.11203703703703703 0.027083333333333334
7 0.12916666666666668 0.4895833333333333 0.1935185185185185 0.026041666666666668
2 0.9495370370370371 0.4869791666666667 0.028703703703703703 0.027083333333333334
7 0.17083333333333334 0.5447916666666667 0.2675925925925926 0.026041666666666668
2 0.9481481481481482 0.5440104166666667 0.03148148148148148 0.0265625
7 0.2587962962962963 0.6114583333333333 0.44907407407407407 0.027083333333333334
7 0.27175925925925926 0.678125 0.48055555555555557 0.030208333333333334
7 0.23564814814814813 0.7356770833333334 0.4009259259259259 0.027604166666666666
7 0.22546296296296298 0.7916666666666666 0.3768518518518518 0.029166666666666667
7 0.18333333333333332 0.8479166666666667 0.3037037037037037 0.023958333333333335
2 0.9490740740740741 0.8466145833333333 0.02962962962962963 0.027604166666666666
7 0.11805555555555555 0.9057291666666667 0.16944444444444445 0.025
2 0.9495370370370371 0.9028645833333333 0.030555555555555555 0.0265625
7 0.1375 0.14088541666666668 0.23425925925925925 0.0265625
7 0.8870370370370371 0.6098958333333333 0.08333333333333333 0.021875