0 0.9203703703703704 0.20625 0.05925925925925926 0.03125
0 0.9222222222222223 0.3067708333333333 0.05555555555555555 0.03229166666666667
0 0.9194444444444444 0.40677083333333336 0.05740740740740741 0.03229166666666667
0 0.9175925925925926 0.659375 0.05740740740740741 0.03125
0 0.9203703703703704 0.8098958333333334 0.05925925925925926 0.034375
7 0.29444444444444445 0.07291666666666667 0.5333333333333333 0.035416666666666666
7 0.07592592592592592 0.14479166666666668 0.09259259259259259 0.029166666666666667
7 0.3527777777777778 0.20885416666666667 0.6425925925925926 0.057291666666666664
7 0.17685185185185184 0.3104166666666667 0.2833333333333333 0.052083333333333336
7 0.1574074074074074 0.40989583333333335 0.2518518518518518 0.053125
7 0.09166666666666666 0.49583333333333335 0.12037037037037036 0.029166666666666667
7 0.28703703703703703 0.5598958333333334 0.5111111111111111 0.05520833333333333
7 0.3101851851851852 0.6619791666666667 0.5537037037037037 0.05520833333333333
7 0.08888888888888889 0.7463541666666667 0.11851851851851852 0.028125
7 0.3 0.8125 0.5407407407407407 0.06041666666666667
7 0.14537037037037037 0.8963541666666667 0.24259259259259258 0.023958333333333335