7 0.33194444444444443 0.0734375 0.325 0.03333333333333333
2 0.06712962962962964 0.07213541666666666 0.04722222222222222 0.0296875
2 0.9375 0.07083333333333333 0.058333333333333334 0.03854166666666667
7 0.22685185185185186 0.14322916666666666 0.387037037037037 0.025
7 0.12916666666666668 0.21536458333333333 0.19166666666666668 0.030729166666666665
5 0.9231481481481482 0.21302083333333333 0.07777777777777778 0.04375
7 0.1597222222222222 0.30416666666666664 0.2490740740740741 0.030208333333333334
5 0.9231481481481482 0.3015625 0.07777777777777778 0.04375
7 0.1837962962962963 0.3921875 0.30277777777777776 0.03229166666666667
5 0.9231481481481482 0.39114583333333336 0.07777777777777778 0.04375
7 0.10787037037037037 0.48125 0.14722222222222223 0.025
5 0.9231481481481482 0.4796875 0.07777777777777778 0.04375
7 0.12083333333333333 0.5700520833333333 0.175 0.0265625
5 0.9231481481481482 0.5692708333333333 0.07777777777777778 0.04375
7 0.2439814814814815 0.6606770833333333 0.42314814814814816 0.033854166666666664
5 0.9231481481481482 0.6578125 0.07777777777777778 0.04375
7 0.19583333333333333 0.7489583333333333 0.3212962962962963 0.027083333333333334
5 0.9231481481481482 0.7473958333333334 0.07777777777777778 0.04375
7 0.19537037037037036 0.83828125 0.32592592592592595 0.0296875
5 0.9231481481481482 0.8359375 0.07777777777777778 0.04375