7 0.22407407407407406 0.07109375 0.13148148148148148 0.0296875
2 0.0712962962962963 0.07005208333333333 0.05740740740740741 0.03177083333333333
2 0.9462962962962963 0.07213541666666666 0.05 0.0359375
7 0.15787037037037038 0.16796875 0.2675925925925926 0.030729166666666665
7 0.1537037037037037 0.24166666666666667 0.25925925925925924 0.029166666666666667
7 0.12222222222222222 0.31692708333333336 0.19444444444444445 0.0265625
0 0.04675925925925926 0.35546875 0.05092592592592592 0.028645833333333332
0 0.36157407407407405 0.35625 0.05092592592592592 0.027083333333333334
0 0.675 0.35494791666666664 0.046296296296296294 0.030729166666666665
7 0.1597222222222222 0.35859375 0.14907407407407408 0.022395833333333334
7 0.4476851851851852 0.35885416666666664 0.09166666666666666 0.023958333333333335
7 0.7907407407407407 0.35703125 0.15555555555555556 0.021354166666666667
7 0.5 0.87890625 0.31851851851851853 0.034895833333333334
8 0.5017407407407407 0.879234375 0.9462222222222222 0.08138020833333333
4 0.4936388888888889 0.16243749999999998 0.9485370370370371 0.043619791666666664
4 0.4976851851851852 0.23860937499999998 0.9520092592592593 0.047526041666666664