2 0.06851851851851852 0.06510416666666667 0.07962962962962963 0.04375
7 0.2199074074074074 0.06510416666666667 0.20462962962962963 0.03333333333333333
2 0.7962962962962963 0.06302083333333333 0.09074074074074075 0.04479166666666667
2 0.9375 0.0640625 0.09351851851851851 0.052083333333333336
3 0.16944444444444445 0.12526041666666668 0.1388888888888889 0.0546875
3 0.5009259259259259 0.13098958333333333 0.10740740740740741 0.06614583333333333
3 0.8300925925925926 0.13125 0.12129629629629629 0.06666666666666667
3 0.25925925925925924 0.26145833333333335 0.18888888888888888 0.11041666666666666
3 0.736574074074074 0.25807291666666665 0.30092592592592593 0.10989583333333333
3 0.2518518518518518 0.44296875 0.28703703703703703 0.1484375
3 0.25046296296296294 0.6252604166666667 0.3175925925925926 0.09635416666666667
3 0.2537037037037037 0.80703125 0.16666666666666666 0.0828125
3 0.7435185185185185 0.6229166666666667 0.29444444444444445 0.153125
3 0.7398148148148148 0.8046875 0.1962962962962963 0.10833333333333334
3 0.7421296296296296 0.4427083333333333 0.21203703703703702 0.10416666666666667