6 0.9138888888888889 0.2171875 0.10185185185185185 0.036458333333333336
6 0.9111111111111111 0.3640625 0.08518518518518518 0.034375
6 0.9092592592592592 0.48802083333333335 0.1 0.036458333333333336
6 0.9148148148148149 0.6114583333333333 0.1 0.0375
2 0.06851851851851852 0.06927083333333334 0.07407407407407407 0.030208333333333334
2 0.9416666666666667 0.071875 0.07962962962962963 0.04583333333333333
7 0.2361111111111111 0.071875 0.19074074074074074 0.03333333333333333
7 0.1925925925925926 0.14635416666666667 0.37037037037037035 0.028125
7 0.2175925925925926 0.2140625 0.37592592592592594 0.030208333333333334
7 0.41759259259259257 0.2708333333333333 0.7648148148148148 0.0625
7 0.11666666666666667 0.35885416666666664 0.17037037037037037 0.026041666666666668
7 0.40925925925925927 0.40677083333333336 0.7555555555555555 0.04479166666666667
7 0.23703703703703705 0.48489583333333336 0.4111111111111111 0.028125
7 0.4222222222222222 0.5302083333333333 0.7888888888888889 0.04583333333333333
7 0.13703703703703704 0.6072916666666667 0.22962962962962963 0.027083333333333334
7 0.31296296296296294 0.6447916666666667 0.5777777777777777 0.027083333333333334
7 0.5 0.728125 0.9777777777777777 0.07291666666666667
7 0.16574074074074074 0.803125 0.3055555555555556 0.025
7 0.1259259259259259 0.8661458333333333 0.17777777777777778 0.034375
2 0.9444444444444444 0.8661458333333333 0.040740740740740744 0.026041666666666668
4 0.4981481481481482 0.8661458333333333 0.9666666666666667 0.071875