7 0.5027777777777778 0.24088541666666666 0.2537037037037037 0.0390625
3 0.49907407407407406 0.353125 0.2037037037037037 0.11770833333333333
7 0.49953703703703706 0.5184895833333333 0.7287037037037037 0.1734375
2 0.17175925925925925 0.14869791666666668 0.058333333333333334 0.0328125
2 0.3902777777777778 0.14869791666666668 0.058333333333333334 0.0328125
2 0.6078703703703704 0.14869791666666668 0.058333333333333334 0.0328125
2 0.8263888888888888 0.14869791666666668 0.058333333333333334 0.0328125
7 0.12777777777777777 0.04244791666666667 0.17962962962962964 0.0296875
7 0.32731481481481484 0.871875 0.1175925925925926 0.023958333333333335
7 0.6680555555555555 0.8734375 0.09722222222222222 0.019791666666666666
8 0.3287685185185185 0.8727239583333334 0.3132314814814815 0.057942708333333336
8 0.6713148148148148 0.8717447916666666 0.30852777777777773 0.061197916666666664