7 0.524074074074074 0.034895833333333334 0.3074074074074074 0.030208333333333334
7 0.3453703703703704 0.16354166666666667 0.3314814814814815 0.03333333333333333
7 0.35 0.259375 0.34074074074074073 0.027083333333333334
7 0.34074074074074073 0.3546875 0.32592592592592595 0.026041666666666668
7 0.28055555555555556 0.4510416666666667 0.21296296296296297 0.029166666666666667
7 0.27685185185185185 0.5458333333333333 0.20555555555555555 0.027083333333333334
7 0.3287037037037037 0.6401041666666667 0.30925925925925923 0.026041666666666668
7 0.3111111111111111 0.7364583333333333 0.26666666666666666 0.03125
7 0.35555555555555557 0.8322916666666667 0.3592592592592593 0.029166666666666667
7 0.08148148148148149 0.09791666666666667 0.1259259259259259 0.022916666666666665
7 0.2462962962962963 0.9213541666666667 0.12962962962962962 0.019791666666666666
7 0.7509259259259259 0.9208333333333333 0.13518518518518519 0.020833333333333332
2 0.08055555555555556 0.1671875 0.15 0.07395833333333333
2 0.07962962962962963 0.2578125 0.14814814814814814 0.08229166666666667
2 0.08148148148148149 0.3541666666666667 0.15185185185185185 0.08333333333333333
2 0.08055555555555556 0.45 0.1537037037037037 0.08541666666666667
2 0.08055555555555556 0.5453125 0.1537037037037037 0.084375
2 0.08055555555555556 0.6411458333333333 0.1537037037037037 0.08645833333333333
2 0.08148148148148149 0.734375 0.15185185185185185 0.08125
2 0.08148148148148149 0.828125 0.15185185185185185 0.08125
2 0.9138888888888889 0.1625 0.07962962962962963 0.04791666666666667
2 0.9157407407407407 0.25885416666666666 0.08703703703703704 0.051041666666666666
2 0.9157407407407407 0.3546875 0.08703703703703704 0.04895833333333333
2 0.9157407407407407 0.44895833333333335 0.08333333333333333 0.04583333333333333
2 0.9148148148148149 0.5453125 0.08518518518518518 0.04895833333333333
2 0.9148148148148149 0.6385416666666667 0.08888888888888889 0.04791666666666667
2 0.9138888888888889 0.7364583333333333 0.09444444444444444 0.05
2 0.9175925925925926 0.8322916666666667 0.07962962962962963 0.05
2 0.24814814814814815 0.8911458333333333 0.05555555555555555 0.026041666666666668
2 0.75 0.8927083333333333 0.06666666666666667 0.027083333333333334
2 0.9351851851851852 0.03125 0.07037037037037037 0.0375