2 0.07222222222222222 0.06875 0.06296296296296296 0.027083333333333334
2 0.9277777777777778 0.0671875 0.06666666666666667 0.036458333333333336
2 0.8592592592592593 0.24479166666666666 0.06296296296296296 0.0375
2 0.8657407407407407 0.3546875 0.06481481481481481 0.030208333333333334
2 0.8629629629629629 0.46875 0.05925925925925926 0.03333333333333333
2 0.8611111111111112 0.5776041666666667 0.06666666666666667 0.034375
2 0.937962962962963 0.5786458333333333 0.03148148148148148 0.030208333333333334
2 0.9342592592592592 0.46770833333333334 0.03148148148148148 0.03125
2 0.937962962962963 0.35572916666666665 0.024074074074074074 0.03229166666666667
2 0.9398148148148148 0.24583333333333332 0.03518518518518519 0.035416666666666666
7 0.49722222222222223 0.07135416666666666 0.17592592592592593 0.036458333333333336
0 0.08055555555555556 0.24427083333333333 0.08703703703703704 0.04895833333333333
0 0.0787037037037037 0.3572916666666667 0.08703703703703704 0.04583333333333333
0 0.07685185185185185 0.4666666666666667 0.09074074074074075 0.04791666666666667
0 0.08055555555555556 0.5786458333333333 0.08333333333333333 0.046875
7 0.2574074074074074 0.234375 0.1925925925925926 0.03333333333333333
7 0.43148148148148147 0.14322916666666666 0.2 0.023958333333333335
2 0.9166666666666666 0.14583333333333334 0.07037037037037037 0.03958333333333333
7 0.33611111111111114 0.2703125 0.35 0.019791666666666666
7 0.2564814814814815 0.3453125 0.19074074074074074 0.030208333333333334
7 0.33611111111111114 0.3796875 0.3537037037037037 0.021875
7 0.25462962962962965 0.4557291666666667 0.19074074074074074 0.03229166666666667
7 0.2222222222222222 0.49114583333333334 0.1259259259259259 0.019791666666666666
7 0.25462962962962965 0.5791666666666667 0.19074074074074074 0.03333333333333333
8 0.4319074074074074 0.14955208333333334 0.7983703703703704 0.06696875000000001