3 0.16574074074074074 0.27265625 0.32407407407407407 0.18489583333333334
3 0.49907407407407406 0.27265625 0.32407407407407407 0.18489583333333334
3 0.8324074074074074 0.27265625 0.32407407407407407 0.18489583333333334
3 0.16574074074074074 0.4627604166666667 0.32407407407407407 0.18489583333333334
3 0.49907407407407406 0.4627604166666667 0.32407407407407407 0.18489583333333334
3 0.8324074074074074 0.4627604166666667 0.32407407407407407 0.18489583333333334
3 0.16574074074074074 0.653125 0.32407407407407407 0.184375
3 0.49907407407407406 0.653125 0.32407407407407407 0.184375
3 0.8324074074074074 0.653125 0.32407407407407407 0.184375
3 0.16574074074074074 0.8424479166666666 0.32407407407407407 0.1828125
3 0.49907407407407406 0.8424479166666666 0.32407407407407407 0.1828125
3 0.8324074074074074 0.8424479166666666 0.32407407407407407 0.1828125
2 0.06851851851851852 0.06510416666666667 0.07962962962962963 0.04375
7 0.2199074074074074 0.06510416666666667 0.20462962962962963 0.03333333333333333
3 0.12453703703703704 0.13072916666666667 0.22685185185185186 0.065625
3 0.4986111111111111 0.13072916666666667 0.16203703703703703 0.065625
3 0.8726851851851852 0.13072916666666667 0.16203703703703703 0.065625
2 0.7962962962962963 0.06484375 0.09074074074074075 0.044270833333333336
2 0.9305555555555556 0.06302083333333333 0.08518518518518518 0.05