7 0.19490740740740742 0.06796875 0.1638888888888889 0.0296875
7 0.1638888888888889 0.12864583333333332 0.21296296296296297 0.03333333333333333
7 0.38287037037037036 0.15807291666666667 0.6509259259259259 0.025520833333333333
0 0.8787037037037037 0.1421875 0.05 0.030208333333333334
7 0.16342592592592592 0.21692708333333333 0.21203703703703702 0.0328125
7 0.31666666666666665 0.24635416666666668 0.5185185185185185 0.026041666666666668
0 0.8768518518518519 0.22994791666666667 0.05185185185185185 0.028645833333333332
7 0.17083333333333334 0.3182291666666667 0.22685185185185186 0.03333333333333333
0 0.8768518518518519 0.31875 0.04814814814814815 0.03125
7 0.24814814814814815 0.40625 0.3814814814814815 0.03333333333333333
0 0.8796296296296297 0.40703125 0.05925925925925926 0.03177083333333333
7 0.3125 0.4817708333333333 0.5101851851851852 0.03333333333333333
7 0.21481481481481482 0.5111979166666667 0.3148148148148148 0.025520833333333333
0 0.8763888888888889 0.49557291666666664 0.05092592592592592 0.0296875
7 0.24351851851851852 0.5828125 0.37222222222222223 0.03333333333333333
7 0.29398148148148145 0.6713541666666667 0.47314814814814815 0.03333333333333333
7 0.25555555555555554 0.7377604166666667 0.4 0.0359375
7 0.28564814814814815 0.80390625 0.4564814814814815 0.0328125
0 0.8782407407407408 0.8049479166666667 0.05277777777777778 0.030729166666666665
7 0.2708333333333333 0.8921875 0.42685185185185187 0.03333333333333333
0 0.8800925925925925 0.8924479166666667 0.058333333333333334 0.03177083333333333
2 0.06805555555555555 0.06536458333333334 0.07685185185185185 0.04010416666666667