2 0.2550925925925926 0.14375 0.1824074074074074 0.103125
7 0.25 0.23072916666666668 0.32222222222222224 0.036458333333333336
7 0.25277777777777777 0.31979166666666664 0.3851851851851852 0.051041666666666666
2 0.7425925925925926 0.14375 0.18333333333333332 0.103125
7 0.7398148148148148 0.23177083333333334 0.37592592592592594 0.034375
7 0.7412037037037037 0.3182291666666667 0.35833333333333334 0.04791666666666667
2 0.2550925925925926 0.46328125 0.1824074074074074 0.10260416666666666
7 0.26064814814814813 0.5518229166666667 0.20833333333333334 0.033854166666666664
7 0.2513888888888889 0.6268229166666667 0.35833333333333334 0.0265625
2 0.7425925925925926 0.46328125 0.18333333333333332 0.10260416666666666
7 0.7444444444444445 0.5541666666666667 0.387037037037037 0.029166666666666667
7 0.7402777777777778 0.63671875 0.33611111111111114 0.04635416666666667
2 0.2550925925925926 0.7830729166666667 0.1824074074074074 0.10260416666666666
7 0.2587962962962963 0.871875 0.18796296296296297 0.03125
2 0.7425925925925926 0.7830729166666667 0.18333333333333332 0.10260416666666666
7 0.7412037037037037 0.8846354166666667 0.2657407407407407 0.05677083333333333
7 0.22685185185185186 0.0375 0.10555555555555556 0.03333333333333333
2 0.06759259259259259 0.03723958333333333 0.053703703703703705 0.030729166666666665