7 0.12824074074074074 0.05078125 0.24722222222222223 0.0265625
7 0.1925925925925926 0.11171875 0.24814814814814815 0.03177083333333333
0 0.8898148148148148 0.10989583333333333 0.09259259259259259 0.051041666666666666
7 0.21157407407407408 0.19973958333333333 0.28055555555555556 0.033854166666666664
0 0.8902777777777777 0.19895833333333332 0.08981481481481482 0.051041666666666666
7 0.3212962962962963 0.27395833333333336 0.5092592592592593 0.03333333333333333
7 0.3199074074074074 0.309375 0.49907407407407406 0.025
0 0.8902777777777777 0.2872395833333333 0.08796296296296297 0.049479166666666664
7 0.3148148148148148 0.38046875 0.49074074074074076 0.043229166666666666
0 0.8921296296296296 0.37552083333333336 0.08611111111111111 0.052083333333333336
7 0.30925925925925923 0.46510416666666665 0.47962962962962963 0.03854166666666667
7 0.3277777777777778 0.55390625 0.5111111111111111 0.044270833333333336
0 0.8912037037037037 0.5518229166666667 0.08796296296296297 0.050520833333333334
7 0.2898148148148148 0.6403645833333333 0.44814814814814813 0.0359375
7 0.19768518518518519 0.7291666666666666 0.25277777777777777 0.03333333333333333
0 0.8898148148148148 0.7291666666666666 0.08518518518518518 0.04895833333333333
7 0.43148148148148147 0.8192708333333333 0.7240740740740741 0.03333333333333333
0 0.8916666666666667 0.8161458333333333 0.08148148148148149 0.046875
7 0.18981481481481483 0.9080729166666667 0.24444444444444444 0.03802083333333333
0 0.8921296296296296 0.90625 0.08611111111111111 0.04791666666666667