7 0.1361111111111111 0.06614583333333333 0.2074074074074074 0.029166666666666667
7 0.25555555555555554 0.11822916666666666 0.4351851851851852 0.029166666666666667
6 0.9166666666666666 0.11953125 0.11481481481481481 0.03697916666666667
7 0.13796296296296295 0.19010416666666666 0.2111111111111111 0.028125
7 0.26944444444444443 0.24244791666666668 0.46296296296296297 0.0296875
7 0.3277777777777778 0.27005208333333336 0.5796296296296296 0.025520833333333333
6 0.9120370370370371 0.25494791666666666 0.11481481481481481 0.03697916666666667
7 0.16712962962962963 0.34322916666666664 0.25833333333333336 0.029166666666666667
6 0.9175925925925926 0.34348958333333335 0.11481481481481481 0.03697916666666667
7 0.12453703703703704 0.41822916666666665 0.17314814814814813 0.029166666666666667
6 0.9185185185185185 0.41744791666666664 0.11481481481481481 0.03697916666666667
7 0.08194444444444444 0.49322916666666666 0.08796296296296297 0.029166666666666667
6 0.9175925925925926 0.4940104166666667 0.11481481481481481 0.03697916666666667
7 0.0875 0.5682291666666667 0.09907407407407408 0.029166666666666667
6 0.912962962962963 0.56640625 0.11481481481481481 0.03697916666666667
7 0.14166666666666666 0.6432291666666666 0.2074074074074074 0.029166666666666667
6 0.9101851851851852 0.64453125 0.11481481481481481 0.03697916666666667
7 0.08055555555555556 0.7182291666666667 0.08518518518518518 0.029166666666666667
6 0.9120370370370371 0.7184895833333333 0.11481481481481481 0.03697916666666667
7 0.14074074074074075 0.7932291666666667 0.20555555555555555 0.029166666666666667
6 0.9111111111111111 0.7919270833333333 0.11481481481481481 0.03697916666666667
7 0.10231481481481482 0.8682291666666667 0.1287037037037037 0.029166666666666667
6 0.9092592592592592 0.86953125 0.11481481481481481 0.03697916666666667