7 0.30787037037037035 0.0703125 0.2675925925925926 0.036458333333333336
2 0.06851851851851852 0.07057291666666667 0.06481481481481481 0.0359375
2 0.9361111111111111 0.07109375 0.06666666666666667 0.0421875
7 0.2074074074074074 0.14375 0.3685185185185185 0.035416666666666666
7 0.11481481481481481 0.2125 0.1574074074074074 0.03333333333333333
5 0.9231481481481482 0.21302083333333333 0.07777777777777778 0.04375
7 0.1935185185185185 0.3026041666666667 0.3148148148148148 0.035416666666666666
5 0.9231481481481482 0.3015625 0.07777777777777778 0.04375
7 0.1712962962962963 0.38984375 0.27037037037037037 0.03177083333333333
5 0.9231481481481482 0.39114583333333336 0.07777777777777778 0.04375
7 0.05185185185185185 0.4908854166666667 0.05 0.028645833333333332
7 0.1550925925925926 0.5638020833333334 0.23796296296296296 0.03697916666666667
5 0.9231481481481482 0.5625 0.07777777777777778 0.04375
7 0.11203703703703703 0.6518229166666667 0.15185185185185185 0.033854166666666664
5 0.9231481481481482 0.6515625 0.07777777777777778 0.04375
7 0.10462962962962963 0.7424479166666667 0.13703703703703704 0.03802083333333333
5 0.9231481481481482 0.740625 0.07777777777777778 0.04375
7 0.20555555555555555 0.8296875 0.3388888888888889 0.03333333333333333
5 0.9231481481481482 0.8296875 0.07777777777777778 0.04375
7 0.11805555555555555 0.9182291666666667 0.1712962962962963 0.027083333333333334
5 0.9231481481481482 0.9153645833333334 0.07777777777777778 0.03697916666666667