7 0.17314814814814813 0.12083333333333333 0.23333333333333334 0.023958333333333335
7 0.22916666666666666 0.16875 0.3472222222222222 0.030208333333333334
7 0.42592592592592593 0.20859375 0.7481481481481481 0.04635416666666667
0 0.8773148148148148 0.18958333333333333 0.062037037037037036 0.0375
7 0.2828703703703704 0.2674479166666667 0.4583333333333333 0.0296875
7 0.42685185185185187 0.3203125 0.7462962962962963 0.06979166666666667
0 0.8805555555555555 0.2994791666666667 0.06111111111111111 0.036458333333333336
7 0.26342592592592595 0.38645833333333335 0.41203703703703703 0.03333333333333333
7 0.4583333333333333 0.4393229166666667 0.812962962962963 0.06822916666666666
7 0.21064814814814814 0.5036458333333333 0.31203703703703706 0.027083333333333334
7 0.25092592592592594 0.5533854166666666 0.3925925925925926 0.0296875
7 0.40370370370370373 0.6166666666666667 0.7037037037037037 0.090625
0 0.8800925925925925 0.59609375 0.06574074074074074 0.04114583333333333
7 0.2986111111111111 0.69765625 0.487962962962963 0.030729166666666665
7 0.38333333333333336 0.7479166666666667 0.6611111111111111 0.06875
0 0.8796296296296297 0.728125 0.06666666666666667 0.036458333333333336
7 0.21296296296296297 0.8127604166666667 0.31666666666666665 0.021354166666666667
2 0.1162037037037037 0.87890625 0.09351851851851851 0.0546875
7 0.2898148148148148 0.8796875 0.1962962962962963 0.027083333333333334
2 0.01898148148148148 0.06510416666666667 0.03796296296296296 0.021875
2 0.06759259259259259 0.06510416666666667 0.07777777777777778 0.04375
7 0.2300925925925926 0.06640625 0.23425925925925925 0.030729166666666665
2 0.9310185185185185 0.06510416666666667 0.062037037037037036 0.028125