7 0.14212962962962963 0.06927083333333334 0.22685185185185186 0.026041666666666668
7 0.09444444444444444 0.11692708333333333 0.12222222222222222 0.021354166666666667
7 0.1425925925925926 0.16875 0.22407407407407406 0.026041666666666668
7 0.2375 0.19713541666666667 0.4064814814814815 0.022395833333333334
0 0.9231481481481482 0.1796875 0.05925925925925926 0.034375
7 0.11898148148148148 0.26588541666666665 0.16574074074074074 0.021354166666666667
7 0.08657407407407407 0.3171875 0.11203703703703703 0.026041666666666668
7 0.20879629629629629 0.34661458333333334 0.3490740740740741 0.022395833333333334
7 0.0787037037037037 0.41692708333333334 0.0962962962962963 0.0234375
7 0.1175925925925926 0.46848958333333335 0.16666666666666666 0.024479166666666666
7 0.3472222222222222 0.4984375 0.6277777777777778 0.027083333333333334
7 0.12129629629629629 0.5682291666666667 0.16666666666666666 0.029166666666666667
7 0.24212962962962964 0.5966145833333333 0.41759259259259257 0.022395833333333334
7 0.15462962962962962 0.671875 0.2388888888888889 0.027083333333333334
7 0.10138888888888889 0.7453125 0.13796296296296295 0.022916666666666665
7 0.09444444444444444 0.8208333333333333 0.11481481481481481 0.023958333333333335