7 0.5 0.10078125 0.23148148148148148 0.0390625
7 0.4981481481481482 0.19166666666666668 0.3611111111111111 0.029166666666666667
7 0.4986111111111111 0.8119791666666667 0.07685185185185185 0.027083333333333334
7 0.4986111111111111 0.29244791666666664 0.09351851851851851 0.024479166666666666
7 0.5027777777777778 0.37265625 0.14814814814814814 0.025520833333333333
7 0.5 0.4510416666666667 0.11296296296296296 0.026041666666666668
7 0.5009259259259259 0.8669270833333333 0.09444444444444444 0.019270833333333334
8 0.5023425925925926 0.8642604166666668 0.5400185185185186 0.056640625
8 0.49943518518518515 0.29296875 0.8073518518518519 0.06510416666666667
8 0.5023240740740741 0.3707708333333333 0.8085 0.06966145833333333
8 0.5040555555555556 0.45019791666666664 0.8119722222222222 0.064453125