7 0.2361111111111111 0.07291666666666667 0.40925925925925927 0.035416666666666666
7 0.2 0.21354166666666666 0.12222222222222222 0.027083333333333334
7 0.22685185185185186 0.3020833333333333 0.1574074074074074 0.029166666666666667
7 0.22407407407407406 0.39166666666666666 0.16666666666666666 0.0375
7 0.1638888888888889 0.47708333333333336 0.046296296296296294 0.03333333333333333
7 0.2037037037037037 0.565625 0.11851851851851852 0.035416666666666666
7 0.1925925925925926 0.6572916666666667 0.1037037037037037 0.035416666666666666
7 0.18425925925925926 0.7458333333333333 0.08703703703703704 0.029166666666666667
7 0.25277777777777777 0.8333333333333334 0.22407407407407406 0.035416666666666666
7 0.18981481481481483 0.9192708333333334 0.10185185185185185 0.026041666666666668
2 0.06944444444444445 0.14322916666666666 0.08333333333333333 0.057291666666666664
2 0.07592592592592592 0.2203125 0.11851851851851852 0.06770833333333333
2 0.0712962962962963 0.309375 0.12407407407407407 0.06458333333333334
2 0.07222222222222222 0.396875 0.12222222222222222 0.06666666666666667
2 0.0712962962962963 0.48854166666666665 0.12777777777777777 0.07083333333333333
2 0.07314814814814814 0.5796875 0.12407407407407407 0.06979166666666667
2 0.07314814814814814 0.6645833333333333 0.12407407407407407 0.06666666666666667
2 0.07685185185185185 0.7546875 0.11666666666666667 0.06979166666666667
2 0.075 0.84375 0.12407407407407407 0.06875
2 0.07407407407407407 0.9161458333333333 0.11851851851851852 0.034375