2 0.1037037037037037 0.1609375 0.08888888888888889 0.036458333333333336
7 0.275 0.16536458333333334 0.2111111111111111 0.0328125
2 0.1037037037037037 0.23958333333333334 0.08888888888888889 0.036458333333333336
7 0.23564814814814813 0.24140625 0.1287037037037037 0.030729166666666665
2 0.1037037037037037 0.31796875 0.08888888888888889 0.0359375
7 0.2273148148148148 0.31692708333333336 0.10833333333333334 0.033854166666666664
2 0.1037037037037037 0.3966145833333333 0.08888888888888889 0.0359375
7 0.2625 0.39557291666666666 0.1787037037037037 0.033854166666666664
2 0.1037037037037037 0.475 0.08888888888888889 0.036458333333333336
7 0.2759259259259259 0.4752604166666667 0.20555555555555555 0.03697916666666667
2 0.1037037037037037 0.5536458333333333 0.08888888888888889 0.036458333333333336
7 0.2657407407407407 0.5541666666666667 0.18518518518518517 0.0375
7 0.18564814814814815 0.07317708333333334 0.27685185185185185 0.028645833333333332