7 0.26481481481481484 0.07239583333333334 0.25555555555555554 0.034375
7 0.08425925925925926 0.14947916666666666 0.16111111111111112 0.030208333333333334
7 0.5027777777777778 0.31197916666666664 0.17962962962962964 0.021875
7 0.4981481481481482 0.33958333333333335 0.3592592592592593 0.022916666666666665
7 0.17592592592592593 0.44114583333333335 0.34074074074074073 0.030208333333333334
7 0.49722222222222223 0.6046875 0.1648148148148148 0.021875
7 0.5037037037037037 0.6333333333333333 0.5740740740740741 0.020833333333333332
7 0.2064814814814815 0.734375 0.39814814814814814 0.025
7 0.4925925925925926 0.8979166666666667 0.15925925925925927 0.01875
2 0.0712962962962963 0.06979166666666667 0.06851851851851852 0.029166666666666667
2 0.8453703703703703 0.07135416666666666 0.06481481481481481 0.03854166666666667
2 0.9444444444444444 0.07083333333333333 0.037037037037037035 0.027083333333333334
3 0.49722222222222223 0.23333333333333334 0.8240740740740741 0.11875
7 0.49166666666666664 0.6765625 0.22777777777777777 0.026041666666666668
7 0.49907407407407406 0.38333333333333336 0.17222222222222222 0.025