2 0.2550925925925926 0.14375 0.1824074074074074 0.103125
7 0.25324074074074077 0.23125 0.3212962962962963 0.03125
7 0.25462962962962965 0.31692708333333336 0.37962962962962965 0.0453125
2 0.7425925925925926 0.14375 0.18333333333333332 0.103125
7 0.7402777777777778 0.23177083333333334 0.36944444444444446 0.03125
7 0.7458333333333333 0.31953125 0.3398148148148148 0.050520833333333334
2 0.25092592592592594 0.46171875 0.17407407407407408 0.09947916666666666
7 0.2601851851851852 0.5518229166666667 0.2 0.030729166666666665
7 0.25277777777777777 0.62734375 0.17777777777777778 0.0265625
2 0.44166666666666665 0.42916666666666664 0.06111111111111111 0.034375
2 0.7425925925925926 0.46328125 0.18333333333333332 0.10260416666666666
7 0.7430555555555556 0.5520833333333334 0.38425925925925924 0.030208333333333334
7 0.7425925925925926 0.6377604166666667 0.3296296296296296 0.0484375
2 0.2550925925925926 0.7830729166666667 0.1824074074074074 0.10260416666666666
7 0.25324074074074077 0.8700520833333333 0.1787037037037037 0.033854166666666664
2 0.7425925925925926 0.7830729166666667 0.18333333333333332 0.10260416666666666
7 0.7449074074074075 0.8872395833333333 0.25277777777777777 0.058854166666666666
7 0.22685185185185186 0.0375 0.10555555555555556 0.03333333333333333
2 0.06620370370370371 0.03619791666666667 0.058333333333333334 0.030729166666666665