7 0.262037037037037 0.0375 0.17592592592592593 0.03333333333333333
2 0.06898148148148148 0.03854166666666667 0.05277777777777778 0.028125
2 0.49722222222222223 0.26901041666666664 0.29814814814814816 0.1640625
7 0.4976851851851852 0.6020833333333333 0.5601851851851852 0.03854166666666667
7 0.49907407407407406 0.64765625 0.1814814814814815 0.025520833333333333
7 0.49907407407407406 0.6731770833333334 0.1685185185185185 0.025520833333333333
2 0.1550925925925926 0.7880208333333333 0.028703703703703703 0.016666666666666666
7 0.5217592592592593 0.78828125 0.6694444444444444 0.025520833333333333
7 0.32731481481481484 0.8640625 0.14537037037037037 0.027083333333333334
7 0.6685185185185185 0.8661458333333333 0.1037037037037037 0.023958333333333335
8 0.3310740740740741 0.8629583333333334 0.32249074074074074 0.056640625
8 0.6701574074074074 0.8668645833333334 0.31084259259259256 0.056640625