7 0.1388888888888889 0.14557291666666666 0.20185185185185187 0.0296875
7 0.12638888888888888 0.17317708333333334 0.17685185185185184 0.025520833333333333
7 0.23703703703703705 0.24635416666666668 0.39814814814814814 0.029166666666666667
7 0.30787037037037035 0.27395833333333336 0.5398148148148149 0.026041666666666668
7 0.0962962962962963 0.3453125 0.1259259259259259 0.027083333333333334
7 0.14814814814814814 0.3963541666666667 0.22037037037037038 0.029166666666666667
7 0.38981481481481484 0.4239583333333333 0.7037037037037037 0.026041666666666668
7 0.1726851851851852 0.49713541666666666 0.26944444444444443 0.0296875
7 0.4671296296296296 0.525 0.8583333333333333 0.026041666666666668
7 0.16712962962962963 0.59609375 0.2657407407407407 0.0296875
7 0.18425925925925926 0.6471354166666666 0.29259259259259257 0.0296875
7 0.47129629629629627 0.6869791666666667 0.8666666666666667 0.04583333333333333
7 0.1476851851851852 0.7690104166666667 0.22870370370370371 0.024479166666666666
7 0.16111111111111112 0.81953125 0.2462962962962963 0.0296875
7 0.49907407407407406 0.8583333333333333 0.9222222222222223 0.04791666666666667
7 0.15833333333333333 0.07473958333333333 0.2462962962962963 0.033854166666666664