7 0.20324074074074075 0.16432291666666668 0.3472222222222222 0.030729166666666665
0 0.9189814814814815 0.16276041666666666 0.075 0.043229166666666666
7 0.1736111111111111 0.25729166666666664 0.287962962962963 0.03229166666666667
0 0.9203703703703704 0.25677083333333334 0.07037037037037037 0.03854166666666667
7 0.09722222222222222 0.35390625 0.13518518518518519 0.0296875
0 0.9199074074074074 0.35208333333333336 0.075 0.041666666666666664
2 0.06851851851851852 0.07057291666666667 0.06111111111111111 0.027604166666666666
7 0.5009259259259259 0.07213541666666666 0.2796296296296296 0.0296875
7 0.899074074074074 0.07083333333333333 0.13333333333333333 0.023958333333333335
7 0.5032407407407408 0.9010416666666666 0.16574074074074074 0.030208333333333334
8 0.5015833333333334 0.90071875 0.9968333333333332 0.061848958333333336