2 0.1037037037037037 0.19375 0.06296296296296296 0.03333333333333333
7 0.2708333333333333 0.19557291666666668 0.16574074074074074 0.0234375
2 0.1037037037037037 0.2833333333333333 0.06296296296296296 0.034375
7 0.2351851851851852 0.2838541666666667 0.09074074074074075 0.019791666666666666
2 0.10416666666666667 0.34375 0.06388888888888888 0.034375
7 0.3 0.3455729166666667 0.22037037037037038 0.024479166666666666
2 0.1087962962962963 0.40234375 0.07314814814814814 0.03177083333333333
7 0.2462962962962963 0.4041666666666667 0.11296296296296296 0.022916666666666665
2 0.10231481481481482 0.46484375 0.06018518518518518 0.0359375
7 0.25555555555555554 0.46510416666666665 0.13333333333333333 0.025
2 0.10462962962962963 0.52421875 0.06481481481481481 0.034895833333333334
7 0.25462962962962965 0.52578125 0.12777777777777777 0.022395833333333334
2 0.10740740740740741 0.6135416666666667 0.07037037037037037 0.035416666666666666
7 0.23703703703703705 0.61328125 0.09074074074074075 0.0203125
2 0.10648148148148148 0.6744791666666666 0.06851851851851852 0.036458333333333336
7 0.2550925925925926 0.6734375 0.13055555555555556 0.021875
2 0.10601851851851851 0.7625 0.06759259259259259 0.034375
7 0.30972222222222223 0.7619791666666667 0.24537037037037038 0.021875
2 0.10555555555555556 0.8231770833333333 0.06666666666666667 0.0359375
7 0.2388888888888889 0.8231770833333333 0.10185185185185185 0.0203125
2 0.1037037037037037 0.8830729166666667 0.06296296296296296 0.034895833333333334
7 0.22870370370370371 0.8830729166666667 0.07777777777777778 0.022395833333333334
7 0.2569444444444444 0.0375 0.43796296296296294 0.028125
2 0.9194444444444444 0.036458333333333336 0.06481481481481481 0.03229166666666667
2 0.11712962962962963 0.11223958333333334 0.06574074074074074 0.0421875
2 0.3699074074074074 0.10911458333333333 0.07685185185185185 0.03697916666666667
2 0.6231481481481481 0.11197916666666667 0.08703703703703704 0.03125
2 0.8685185185185185 0.10989583333333333 0.07037037037037037 0.03854166666666667