0 0.9111111111111111 0.20104166666666667 0.06296296296296296 0.035416666666666666
0 0.9157407407407407 0.25677083333333334 0.06851851851851852 0.03854166666666667
0 0.9148148148148149 0.3104166666666667 0.06296296296296296 0.035416666666666666
0 0.9101851851851852 0.36302083333333335 0.06481481481481481 0.036458333333333336
0 0.9138888888888889 0.4203125 0.06111111111111111 0.034375
0 0.9083333333333333 0.4744791666666667 0.06111111111111111 0.034375
0 0.912962962962963 0.5291666666666667 0.06296296296296296 0.03333333333333333
0 0.9148148148148149 0.5833333333333334 0.06666666666666667 0.03333333333333333
0 0.9148148148148149 0.6385416666666667 0.06666666666666667 0.03333333333333333
0 0.9148148148148149 0.6927083333333334 0.06666666666666667 0.03333333333333333
0 0.912962962962963 0.7479166666666667 0.07037037037037037 0.03333333333333333
0 0.9138888888888889 0.8026041666666667 0.06481481481481481 0.03229166666666667
0 0.9138888888888889 0.8578125 0.07222222222222222 0.034375
0 0.9148148148148149 0.9119791666666667 0.06666666666666667 0.034375
2 0.07962962962962963 0.06614583333333333 0.05185185185185185 0.026041666666666668
7 0.19814814814814816 0.06770833333333333 0.14814814814814814 0.029166666666666667
7 0.9222222222222223 0.065625 0.10740740740740741 0.03125
7 0.19722222222222222 0.13958333333333334 0.2759259259259259 0.027083333333333334
7 0.11574074074074074 0.203125 0.11666666666666667 0.022916666666666665
7 0.1648148148148148 0.2578125 0.2111111111111111 0.026041666666666668
7 0.28425925925925927 0.31145833333333334 0.4388888888888889 0.025
7 0.18611111111111112 0.3692708333333333 0.24259259259259258 0.028125
7 0.2722222222222222 0.421875 0.4148148148148148 0.025
7 0.2222222222222222 0.47708333333333336 0.32222222222222224 0.025
7 0.20277777777777778 0.5291666666666667 0.2796296296296296 0.025
7 0.24259259259259258 0.5848958333333333 0.35555555555555557 0.023958333333333335
7 0.27314814814814814 0.640625 0.42407407407407405 0.022916666666666665
7 0.2935185185185185 0.6927083333333334 0.45 0.025
7 0.1787037037037037 0.7479166666666667 0.22777777777777777 0.022916666666666665
7 0.23148148148148148 0.803125 0.3296296296296296 0.022916666666666665
7 0.23055555555555557 0.8588541666666667 0.3388888888888889 0.028125
7 0.2972222222222222 0.9130208333333333 0.4648148148148148 0.021875
2 0.9 0.13697916666666668 0.06666666666666667 0.03229166666666667