7 0.20833333333333334 0.15833333333333333 0.11296296296296296 0.020833333333333332
7 0.3578703703703704 0.15755208333333334 0.09722222222222222 0.027604166666666666
7 0.23287037037037037 0.21927083333333333 0.0712962962962963 0.01875
7 0.3800925925925926 0.21822916666666667 0.14907407407407408 0.029166666666666667
7 0.21157407407407408 0.28151041666666665 0.11388888888888889 0.027604166666666666
7 0.48194444444444445 0.28046875 0.3490740740740741 0.025520833333333333
7 0.21203703703703702 0.34453125 0.10555555555555556 0.022395833333333334
7 0.5606481481481481 0.34296875 0.5083333333333333 0.028645833333333332
7 0.18194444444444444 0.4080729166666667 0.1638888888888889 0.0234375
7 0.4625 0.40546875 0.31203703703703706 0.030729166666666665
7 0.16342592592592592 0.46848958333333335 0.2064814814814815 0.022395833333333334
7 0.4875 0.46640625 0.36203703703703705 0.0296875
2 0.016203703703703703 0.06640625 0.025 0.027604166666666666
2 0.06666666666666667 0.06432291666666666 0.08148148148148149 0.0453125
7 0.21898148148148147 0.06588541666666667 0.21203703703703702 0.027604166666666666
7 0.49953703703703706 0.5375 0.10092592592592593 0.025
8 0.5035092592592593 0.5387395833333334 0.38031481481481483 0.054036458333333336
4 0.6273148148148148 0.15657812499999998 0.6696018518518518 0.039713541666666664
4 0.6255833333333334 0.21484375 0.6568703703703703 0.041666666666666664
4 0.6197962962962963 0.277671875 0.6545555555555556 0.042317708333333336
4 0.6238425925925926 0.3424479166666667 0.6580277777777778 0.041666666666666664
4 0.6209537037037037 0.40136979166666664 0.6568703703703703 0.039713541666666664
4 0.6215277777777778 0.4641927083333333 0.6580277777777778 0.045572916666666664