3 0.2537037037037037 0.046614583333333334 0.4703703703703704 0.030729166666666665
3 0.7453703703703703 0.04635416666666667 0.4703703703703704 0.028125
3 0.7412037037037037 0.23020833333333332 0.46944444444444444 0.19895833333333332
3 0.2518518518518518 0.23125 0.4703703703703704 0.2
3 0.25416666666666665 0.5010416666666667 0.47129629629629627 0.19895833333333332
3 0.7430555555555556 0.49921875 0.47314814814814815 0.19635416666666666
3 0.25324074074074077 0.7684895833333333 0.47314814814814815 0.19947916666666668
3 0.7449074074074075 0.7697916666666667 0.46944444444444444 0.2
7 0.1763888888888889 0.09427083333333333 0.24351851851851852 0.027083333333333334
7 0.6759259259259259 0.09244791666666667 0.26296296296296295 0.027604166666666666
7 0.6199074074074075 0.36223958333333334 0.1527777777777778 0.028645833333333332
7 0.1824074074074074 0.36223958333333334 0.25925925925925924 0.0265625
7 0.1814814814814815 0.6307291666666667 0.2537037037037037 0.019791666666666666
7 0.15231481481481482 0.89921875 0.20833333333333334 0.0234375
7 0.6375 0.9005208333333333 0.18425925925925926 0.025
2 0.4361111111111111 0.09296875 0.05740740740740741 0.0328125
2 0.9254629629629629 0.09088541666666666 0.062037037037037036 0.03177083333333333
2 0.9282407407407407 0.36171875 0.05462962962962963 0.0296875
2 0.4356481481481482 0.3609375 0.058333333333333334 0.034375
2 0.43703703703703706 0.6286458333333333 0.05740740740740741 0.03125
2 0.9268518518518518 0.6309895833333333 0.05740740740740741 0.03177083333333333
2 0.9263888888888889 0.8971354166666666 0.058333333333333334 0.03177083333333333
2 0.43842592592592594 0.89921875 0.062037037037037036 0.034895833333333334