7 0.4162037037037037 0.25390625 0.7694444444444445 0.0671875
5 0.1111111111111111 0.44921875 0.05185185185185185 0.0328125
5 0.1111111111111111 0.52421875 0.05740740740740741 0.030729166666666665
5 0.11203703703703703 0.59609375 0.05555555555555555 0.03177083333333333
5 0.1125 0.6677083333333333 0.05277777777777778 0.03229166666666667
2 0.0625 0.14453125 0.08796296296296297 0.049479166666666664
7 0.2023148148148148 0.1375 0.1527777777777778 0.017708333333333333
7 0.16064814814814815 0.15677083333333333 0.06944444444444445 0.014583333333333334
2 0.9356481481481481 0.14453125 0.08796296296296297 0.049479166666666664
2 0.06574074074074074 0.06901041666666667 0.05185185185185185 0.025520833333333333
7 0.2518518518518518 0.07265625 0.22962962962962963 0.034895833333333334
7 0.2175925925925926 0.6703125 0.08888888888888889 0.020833333333333332
7 0.2064814814814815 0.4505208333333333 0.07777777777777778 0.023958333333333335
7 0.2175925925925926 0.5239583333333333 0.09444444444444444 0.026041666666666668
7 0.1837962962962963 0.59609375 0.026851851851851852 0.0203125
7 0.500462962962963 0.14557291666666666 0.08981481481481482 0.022395833333333334
7 0.7791666666666667 0.13723958333333333 0.18425925925925926 0.015104166666666667
7 0.837037037037037 0.15390625 0.08148148148148149 0.0140625
7 0.5 0.890625 0.2851851851851852 0.020833333333333332
8 0.5005833333333334 0.8932291666666666 0.897611111111111 0.0546875