3 0.49907407407407406 0.21067708333333332 0.5444444444444444 0.11302083333333333
7 0.49907407407407406 0.30833333333333335 0.6962962962962963 0.028125
7 0.30185185185185187 0.37109375 0.4981481481481482 0.043229166666666666
7 0.24444444444444444 0.43411458333333336 0.38333333333333336 0.027604166666666666
7 0.2625 0.4700520833333333 0.41944444444444445 0.027604166666666666
7 0.21851851851851853 0.5059895833333333 0.3314814814814815 0.027604166666666666
7 0.23703703703703705 0.5419270833333333 0.3685185185185185 0.027604166666666666
2 0.09166666666666666 0.6046875 0.07777777777777778 0.04375
2 0.20092592592592592 0.6046875 0.07777777777777778 0.04375
7 0.26157407407407407 0.90390625 0.41759259259259257 0.018229166666666668
7 0.11388888888888889 0.87578125 0.12222222222222222 0.018229166666666668
7 0.18611111111111112 0.8453125 0.26666666666666666 0.022916666666666665
2 0.09675925925925925 0.07161458333333333 0.08055555555555556 0.03177083333333333
7 0.5180555555555556 0.0703125 0.11203703703703703 0.03125