2 0.07916666666666666 0.21953125 0.12129629629629629 0.06822916666666666
7 0.24814814814814815 0.20963541666666666 0.1814814814814815 0.0203125
7 0.20555555555555555 0.23177083333333334 0.09814814814814815 0.016666666666666666
7 0.09398148148148149 0.3541666666666667 0.15648148148148147 0.025
2 0.06712962962962964 0.4166666666666667 0.09722222222222222 0.05520833333333333
7 0.24212962962962964 0.40546875 0.21944444444444444 0.0203125
7 0.23657407407407408 0.4317708333333333 0.2101851851851852 0.021875
7 0.9486111111111111 0.41692708333333334 0.06944444444444445 0.0265625
7 0.24814814814814815 0.1421875 0.11481481481481481 0.020833333333333332
7 0.7481481481481481 0.1421875 0.09074074074074075 0.021875
2 0.06759259259259259 0.06927083333333334 0.07037037037037037 0.03125
7 0.34814814814814815 0.07291666666666667 0.4222222222222222 0.034375
7 0.500462962962963 0.2875 0.19722222222222222 0.021875
7 0.8148148148148148 0.4158854166666667 0.09074074074074075 0.0140625
8 0.5011944444444444 0.2874375 0.3756851851851852 0.046223958333333336