7 0.28194444444444444 0.03333333333333333 0.33055555555555555 0.022916666666666665
7 0.2550925925925926 0.10572916666666667 0.11944444444444445 0.03125
7 0.1037037037037037 0.39505208333333336 0.07962962962962963 0.019270833333333334
7 0.3824074074074074 0.43984375 0.6388888888888888 0.04114583333333333
7 0.4023148148148148 0.5338541666666666 0.4027777777777778 0.026041666666666668
7 0.44027777777777777 0.5786458333333333 0.4842592592592593 0.040625
7 0.37407407407407406 0.6744791666666666 0.3537037037037037 0.025
7 0.41203703703703703 0.7221354166666667 0.4222222222222222 0.043229166666666666
7 0.40324074074074073 0.81796875 0.4046296296296296 0.024479166666666666
7 0.4425925925925926 0.8627604166666667 0.49074074074074076 0.0421875
2 0.060648148148148145 0.03333333333333333 0.03611111111111111 0.029166666666666667
7 0.8384259259259259 0.42109375 0.0824074074074074 0.016145833333333335
7 0.8379629629629629 0.55859375 0.1111111111111111 0.015104166666666667
7 0.8388888888888889 0.7013020833333333 0.07037037037037037 0.0171875
7 0.8384259259259259 0.8440104166666667 0.06944444444444445 0.015104166666666667
7 0.12824074074074074 0.5497395833333333 0.08425925925925926 0.027604166666666666
7 0.12685185185185185 0.6924479166666667 0.07592592592592592 0.025520833333333333
7 0.13055555555555556 0.8359375 0.08703703703703704 0.026041666666666668
7 0.11851851851851852 0.11484375 0.07962962962962963 0.021354166666666667
7 0.06111111111111111 0.50234375 0.03148148148148148 0.0109375
7 0.06111111111111111 0.6450520833333333 0.02962962962962963 0.0109375
7 0.05925925925925926 0.7880208333333333 0.03333333333333333 0.011458333333333333