7 0.49953703703703706 0.023958333333333335 0.4564814814814815 0.03854166666666667
3 0.1736111111111111 0.13541666666666666 0.30092592592592593 0.16354166666666667
3 0.4986111111111111 0.13541666666666666 0.30092592592592593 0.16354166666666667
3 0.8240740740740741 0.13541666666666666 0.30185185185185187 0.16354166666666667
7 0.16620370370370371 0.6875 0.19537037037037036 0.021875
3 0.16620370370370371 0.5692708333333333 0.33240740740740743 0.20520833333333333
7 0.4962962962962963 0.6877604166666667 0.22592592592592592 0.022395833333333334
3 0.49907407407407406 0.5692708333333333 0.3333333333333333 0.20520833333333333
7 0.8268518518518518 0.68828125 0.3388888888888889 0.021354166666666667
3 0.8324074074074074 0.5692708333333333 0.3333333333333333 0.20520833333333333
7 0.16296296296296298 0.92109375 0.2111111111111111 0.021354166666666667
3 0.16620370370370371 0.8028645833333333 0.33240740740740743 0.2046875
7 0.49953703703703706 0.9229166666666667 0.24166666666666667 0.022916666666666665
3 0.49907407407407406 0.8028645833333333 0.3333333333333333 0.2046875
7 0.8300925925925926 0.9223958333333333 0.3138888888888889 0.022916666666666665
3 0.8324074074074074 0.8028645833333333 0.3333333333333333 0.2046875