7 0.16666666666666666 0.14557291666666666 0.2574074074074074 0.0296875
7 0.1037037037037037 0.17317708333333334 0.13148148148148148 0.025520833333333333
6 0.9027777777777778 0.15807291666666667 0.11481481481481481 0.03697916666666667
7 0.4981481481481482 0.253125 0.924074074074074 0.04791666666666667
7 0.10092592592592593 0.33515625 0.13703703703703704 0.0234375
7 0.13935185185185187 0.38671875 0.2101851851851852 0.027604166666666666
6 0.9027777777777778 0.3846354166666667 0.11481481481481481 0.03697916666666667
7 0.225 0.46171875 0.387037037037037 0.028645833333333332
7 0.15833333333333333 0.4875 0.24074074074074073 0.026041666666666668
7 0.09537037037037037 0.5609375 0.1259259259259259 0.025
7 0.24814814814814815 0.61015625 0.43148148148148147 0.0234375
7 0.4041666666666667 0.6489583333333333 0.7398148148148148 0.04583333333333333
6 0.9027777777777778 0.63359375 0.11481481481481481 0.03697916666666667
7 0.08564814814814815 0.73203125 0.10277777777777777 0.0265625
7 0.0962962962962963 0.7809895833333333 0.13518518518518519 0.025520833333333333
7 0.25324074074074077 0.8114583333333333 0.4398148148148148 0.025
7 0.08703703703703704 0.8828125 0.11296296296296296 0.026041666666666668
7 0.36944444444444446 0.9140625 0.6703703703703704 0.025
7 0.2023148148148148 0.07526041666666666 0.33796296296296297 0.0359375