2 0.06805555555555555 0.07161458333333333 0.05648148148148148 0.034895833333333334
7 0.2638888888888889 0.07369791666666667 0.18703703703703703 0.033854166666666664
7 0.23703703703703705 0.16536458333333334 0.4111111111111111 0.030729166666666665
6 0.9171296296296296 0.16328125 0.11574074074074074 0.03697916666666667
7 0.16435185185185186 0.23619791666666667 0.2564814814814815 0.033854166666666664
7 0.06018518518518518 0.26796875 0.04814814814814815 0.0296875
7 0.2740740740740741 0.34088541666666666 0.47962962962962963 0.030729166666666665
6 0.9171296296296296 0.33828125 0.11574074074074074 0.03697916666666667
7 0.18009259259259258 0.41119791666666666 0.287962962962963 0.033854166666666664
7 0.18055555555555555 0.44296875 0.28888888888888886 0.0296875
7 0.2884259259259259 0.5174479166666667 0.5175925925925926 0.034895833333333334
7 0.2101851851851852 0.6028645833333334 0.35555555555555557 0.033854166666666664