7 0.23657407407407408 0.055989583333333336 0.4601851851851852 0.0265625
7 0.24583333333333332 0.13645833333333332 0.27314814814814814 0.025
7 0.7490740740740741 0.13619791666666667 0.23333333333333334 0.033854166666666664
7 0.35648148148148145 0.23984375 0.4222222222222222 0.034895833333333334
7 0.2972222222222222 0.3260416666666667 0.29444444444444445 0.03854166666666667
7 0.2875 0.4125 0.28055555555555556 0.036458333333333336
7 0.38657407407407407 0.5 0.4675925925925926 0.040625
7 0.3106481481481482 0.5846354166666666 0.33055555555555555 0.0359375
0 0.9055555555555556 0.24140625 0.10555555555555556 0.0578125
0 0.9060185185185186 0.32734375 0.10092592592592593 0.059895833333333336
0 0.9083333333333333 0.41354166666666664 0.1111111111111111 0.059375
0 0.9078703703703703 0.49895833333333334 0.10462962962962963 0.059375
0 0.9064814814814814 0.5854166666666667 0.10555555555555556 0.059375
2 0.08287037037037037 0.23932291666666666 0.10092592592592593 0.058854166666666666
2 0.08194444444444444 0.3260416666666667 0.09722222222222222 0.05520833333333333
2 0.08842592592592592 0.41328125 0.09722222222222222 0.06197916666666667
2 0.08194444444444444 0.49921875 0.08981481481481482 0.059895833333333336
2 0.08101851851851852 0.5841145833333333 0.10833333333333334 0.059895833333333336
7 0.25833333333333336 0.87890625 0.22962962962962963 0.024479166666666666
7 0.7402777777777778 0.8791666666666667 0.10277777777777777 0.023958333333333335
8 0.25931481481481483 0.8785833333333334 0.46137962962962964 0.072265625
8 0.7424814814814815 0.8776041666666666 0.4693703703703704 0.078125