7 0.44722222222222224 0.14713541666666666 0.044444444444444446 0.022395833333333334
7 0.21064814814814814 0.1921875 0.2916666666666667 0.059375
7 0.1685185185185185 0.3572916666666667 0.2796296296296296 0.030208333333333334
2 0.44074074074074077 0.3572916666666667 0.05740740740740741 0.03229166666666667
7 0.9282407407407407 0.14713541666666666 0.04537037037037037 0.022395833333333334
7 0.7388888888888889 0.18932291666666667 0.38333333333333336 0.06197916666666667
7 0.65 0.35885416666666664 0.2111111111111111 0.028125
2 0.9212962962962963 0.3572916666666667 0.05925925925925926 0.03229166666666667
7 0.44722222222222224 0.41770833333333335 0.044444444444444446 0.021875
7 0.25925925925925924 0.4596354166666667 0.38333333333333336 0.06197916666666667
7 0.16805555555555557 0.6294270833333333 0.21574074074074073 0.0265625
2 0.44074074074074077 0.6276041666666666 0.05740740740740741 0.03333333333333333
7 0.9282407407407407 0.41770833333333335 0.04537037037037037 0.021875
7 0.7342592592592593 0.4453125 0.37407407407407406 0.03333333333333333
7 0.6509259259259259 0.6291666666666667 0.20925925925925926 0.027083333333333334
2 0.9212962962962963 0.6276041666666666 0.05925925925925926 0.03333333333333333
7 0.44722222222222224 0.6877604166666667 0.044444444444444446 0.022395833333333334
7 0.1986111111111111 0.73203125 0.2638888888888889 0.0546875
7 0.16805555555555557 0.8994791666666667 0.21203703703703702 0.026041666666666668
2 0.44074074074074077 0.8979166666666667 0.05740740740740741 0.03229166666666667
7 0.9282407407407407 0.6877604166666667 0.04537037037037037 0.022395833333333334
7 0.6865740740740741 0.715625 0.27870370370370373 0.03333333333333333
7 0.649537037037037 0.9002604166666667 0.21203703703703702 0.024479166666666666
2 0.9212962962962963 0.8979166666666667 0.05925925925925926 0.03229166666666667
2 0.06759259259259259 0.0703125 0.04814814814814815 0.034375
7 0.24583333333333332 0.07213541666666666 0.21388888888888888 0.0296875