5 0.8800925925925925 0.06640625 0.06944444444444445 0.028645833333333332
5 0.8805555555555555 0.15260416666666668 0.06111111111111111 0.03125
5 0.8796296296296297 0.24270833333333333 0.06481481481481481 0.03125
5 0.8824074074074074 0.33098958333333334 0.06666666666666667 0.0328125
5 0.8782407407407408 0.4205729166666667 0.06574074074074074 0.03177083333333333
5 0.8810185185185185 0.5098958333333333 0.062037037037037036 0.03229166666666667
5 0.8791666666666667 0.6880208333333333 0.058333333333333334 0.03333333333333333
5 0.8777777777777778 0.7755208333333333 0.06111111111111111 0.034375
5 0.8824074074074074 0.865625 0.06481481481481481 0.03333333333333333
7 0.18518518518518517 0.06692708333333333 0.09074074074074075 0.0265625
7 0.18194444444444444 0.15546875 0.0787037037037037 0.0265625
7 0.39814814814814814 0.24401041666666667 0.5111111111111111 0.03177083333333333
7 0.17962962962962964 0.33255208333333336 0.07407407407407407 0.028645833333333332
7 0.3023148148148148 0.42213541666666665 0.3175925925925926 0.03177083333333333
7 0.32083333333333336 0.5091145833333334 0.46574074074074073 0.06510416666666667
7 0.1962962962962963 0.59765625 0.2222222222222222 0.03177083333333333
7 0.300462962962963 0.6890625 0.3138888888888889 0.03125
7 0.43287037037037035 0.7796875 0.5861111111111111 0.03125
7 0.2791666666666667 0.8669270833333333 0.27870370370370373 0.0328125