2 0.11296296296296296 0.1734375 0.07037037037037037 0.040625
7 0.3055555555555556 0.175 0.24814814814814815 0.027083333333333334
0 0.8814814814814815 0.17395833333333333 0.05925925925925926 0.03333333333333333
2 0.11388888888888889 0.2557291666666667 0.07222222222222222 0.042708333333333334
7 0.42962962962962964 0.25729166666666664 0.4888888888888889 0.029166666666666667
0 0.8796296296296297 0.2546875 0.05555555555555555 0.03229166666666667
2 0.11203703703703703 0.33541666666666664 0.07222222222222222 0.03333333333333333
7 0.34074074074074073 0.3390625 0.3148148148148148 0.030208333333333334
2 0.11018518518518519 0.4166666666666667 0.07222222222222222 0.035416666666666666
7 0.3416666666666667 0.41875 0.31666666666666665 0.03125
2 0.10925925925925926 0.49583333333333335 0.06296296296296296 0.03958333333333333
7 0.36203703703703705 0.4973958333333333 0.3574074074074074 0.03229166666666667
2 0.11296296296296296 0.8109375 0.06666666666666667 0.040625
7 0.49722222222222223 0.9151041666666667 0.5277777777777778 0.023958333333333335
2 0.11296296296296296 0.7333333333333333 0.06296296296296296 0.0375
7 0.33796296296296297 0.8119791666666667 0.31296296296296294 0.028125
2 0.10833333333333334 0.6536458333333334 0.06851851851851852 0.040625
7 0.3824074074074074 0.6557291666666667 0.3907407407407407 0.03229166666666667
2 0.10925925925925926 0.575 0.06666666666666667 0.03958333333333333
7 0.2712962962962963 0.7338541666666667 0.17962962962962964 0.023958333333333335
7 0.3416666666666667 0.5770833333333333 0.30925925925925923 0.03125
7 0.2111111111111111 0.07083333333333333 0.14074074074074075 0.029166666666666667
2 0.06666666666666667 0.07135416666666666 0.044444444444444446 0.028125