7 0.2638888888888889 0.07421875 0.18703703703703703 0.033854166666666664
2 0.06851851851851852 0.07109375 0.04814814814814815 0.0328125
7 0.12638888888888888 0.16536458333333334 0.19166666666666668 0.0265625
7 0.36435185185185187 0.19479166666666667 0.6564814814814814 0.023958333333333335
0 0.9212962962962963 0.17708333333333334 0.07777777777777778 0.04375
7 0.09861111111111111 0.26848958333333334 0.12685185185185185 0.028645833333333332
7 0.26805555555555555 0.29348958333333336 0.4675925925925926 0.022395833333333334
7 0.1259259259259259 0.3645833333333333 0.19444444444444445 0.022916666666666665
2 0.06759259259259259 0.43046875 0.05925925925925926 0.03802083333333333
7 0.2824074074074074 0.41770833333333335 0.22777777777777777 0.027083333333333334
7 0.5481481481481482 0.44583333333333336 0.75 0.025
2 0.06898148148148148 0.52890625 0.062037037037037036 0.033854166666666664
7 0.2601851851851852 0.5161458333333333 0.17777777777777778 0.023958333333333335
7 0.2708333333333333 0.5458333333333333 0.20092592592592592 0.025
2 0.06620370370370371 0.6302083333333334 0.06018518518518518 0.03229166666666667
7 0.23472222222222222 0.6166666666666667 0.11944444444444445 0.030208333333333334
7 0.26990740740740743 0.6466145833333333 0.19537037037037036 0.024479166666666666
7 0.14305555555555555 0.7200520833333334 0.21574074074074073 0.0265625
7 0.40046296296296297 0.7466145833333333 0.7361111111111112 0.025520833333333333
7 0.11666666666666667 0.8177083333333334 0.17777777777777778 0.025
7 0.29212962962962963 0.84921875 0.5138888888888888 0.0265625
7 0.19675925925925927 0.9200520833333333 0.3212962962962963 0.025520833333333333