7 0.26342592592592595 0.07421875 0.19166666666666668 0.033854166666666664
2 0.06759259259259259 0.06901041666666667 0.05 0.028645833333333332
7 0.38657407407407407 0.14114583333333333 0.6972222222222222 0.04479166666666667
0 0.9222222222222223 0.12734375 0.053703703703703705 0.030729166666666665
7 0.09722222222222222 0.2234375 0.12777777777777777 0.025
7 0.12638888888888888 0.27630208333333334 0.18796296296296297 0.024479166666666666
7 0.17175925925925925 0.30390625 0.2675925925925926 0.025520833333333333
0 0.9217592592592593 0.28984375 0.05648148148148148 0.0328125
7 0.12916666666666668 0.3796875 0.19166666666666668 0.028125
7 0.38981481481481484 0.4044270833333333 0.7037037037037037 0.025520833333333333
7 0.12129629629629629 0.48072916666666665 0.17592592592592593 0.028125
7 0.28194444444444444 0.5052083333333334 0.487962962962963 0.026041666666666668
7 0.20416666666666666 0.5807291666666666 0.3453703703703704 0.028125
7 0.324537037037037 0.60625 0.5731481481481482 0.026041666666666668
7 0.10925925925925926 0.67890625 0.1685185185185185 0.025520833333333333
7 0.3037037037037037 0.70703125 0.5314814814814814 0.025520833333333333
7 0.12638888888888888 0.78125 0.1824074074074074 0.027083333333333334
7 0.36342592592592593 0.8075520833333333 0.6509259259259259 0.025520833333333333
0 0.9222222222222223 0.7916666666666666 0.05925925925925926 0.03333333333333333
7 0.09814814814814815 0.8817708333333333 0.13333333333333333 0.029166666666666667
7 0.2675925925925926 0.9083333333333333 0.45925925925925926 0.026041666666666668