7 0.5 0.059895833333333336 0.2962962962962963 0.030208333333333334
2 0.060648148148148145 0.05911458333333333 0.075 0.0421875
7 0.13425925925925927 0.13515625 0.07777777777777778 0.022395833333333334
7 0.13240740740740742 0.19140625 0.06666666666666667 0.022395833333333334
7 0.1763888888888889 0.24557291666666667 0.16018518518518518 0.0203125
7 0.8143518518518519 0.246875 0.1787037037037037 0.017708333333333333
7 0.25555555555555554 0.30364583333333334 0.32222222222222224 0.01875
7 0.25787037037037036 0.40338541666666666 0.31574074074074077 0.021354166666666667
7 0.17685185185185184 0.45598958333333334 0.15925925925925927 0.011979166666666667
7 0.18009259259259258 0.5109375 0.15648148148148147 0.01875
0 0.34074074074074073 0.57421875 0.07962962962962963 0.043229166666666666
7 0.5254629629629629 0.5731770833333333 0.22685185185185186 0.0234375
2 0.6898148148148148 0.5729166666666666 0.053703703703703705 0.030208333333333334
7 0.49953703703703706 0.6244791666666667 0.8009259259259259 0.034375
7 0.4439814814814815 0.6981770833333333 0.6861111111111111 0.043229166666666666
0 0.8666666666666667 0.6994791666666667 0.07222222222222222 0.03958333333333333
7 0.49907407407407406 0.834375 0.8277777777777777 0.0375
4 0.4986111111111111 0.13697916666666668 0.8638888888888889 0.06145833333333333
4 0.49907407407407406 0.19192708333333333 0.8611111111111112 0.0609375
4 0.49953703703703706 0.24609375 0.8583333333333333 0.059895833333333336
4 0.49907407407407406 0.3015625 0.8574074074074074 0.06041666666666667
4 0.5 0.40078125 0.8629629629629629 0.0609375
4 0.500462962962963 0.45625 0.8601851851851852 0.06041666666666667
4 0.4981481481481482 0.5114583333333333 0.8611111111111112 0.0625
7 0.4986111111111111 0.7783854166666667 0.25833333333333336 0.030729166666666665
8 0.5000092592592592 0.7799479166666666 0.8316481481481481 0.057291666666666664