2 0.04351851851851852 0.06875 0.05555555555555555 0.03229166666666667
7 0.913425925925926 0.06953125 0.1287037037037037 0.024479166666666666
7 0.49722222222222223 0.13619791666666667 0.3425925925925926 0.027604166666666666
7 0.09490740740740741 0.22395833333333334 0.0787037037037037 0.03229166666666667
2 0.9333333333333333 0.22239583333333332 0.04259259259259259 0.026041666666666668
7 0.09537037037037037 0.2921875 0.07777777777777778 0.030208333333333334
7 0.49675925925925923 0.3875 0.38981481481481484 0.029166666666666667
7 0.08472222222222223 0.4734375 0.062037037037037036 0.026041666666666668
7 0.0837962962962963 0.54609375 0.06388888888888888 0.024479166666666666
2 0.9342592592592592 0.5481770833333334 0.04259259259259259 0.024479166666666666
7 0.5023148148148148 0.8080729166666667 0.09722222222222222 0.028645833333333332
7 0.5009259259259259 0.8901041666666667 0.23148148148148148 0.028125
8 0.4913240740740741 0.21940104166666666 0.9392777777777778 0.061197916666666664
8 0.4976851851851852 0.2916666666666667 0.9473796296296296 0.0703125
8 0.5 0.472984375 0.94275 0.060546875
8 0.5 0.546875 0.94275 0.0625
8 0.5 0.80859375 0.9520092592592593 0.06510416666666667
8 0.5046296296296297 0.8873697916666666 0.9520092592592593 0.06640625