2 0.49953703703703706 0.2513020833333333 0.175 0.09947916666666666
7 0.49907407407407406 0.32890625 0.15925925925925927 0.0296875
7 0.3199074074074074 0.35494791666666664 0.04537037037037037 0.022395833333333334
2 0.5009259259259259 0.46953125 0.17777777777777778 0.10052083333333334
7 0.4986111111111111 0.54765625 0.26944444444444443 0.0296875
7 0.4986111111111111 0.5736979166666667 0.04537037037037037 0.022395833333333334
2 0.24861111111111112 0.7653645833333333 0.18055555555555555 0.1046875
7 0.24861111111111112 0.8572916666666667 0.2916666666666667 0.04895833333333333
7 0.24861111111111112 0.89453125 0.04537037037037037 0.022395833333333334
2 0.7453703703703703 0.7666666666666667 0.17777777777777778 0.10104166666666667
7 0.7490740740740741 0.84296875 0.17037037037037037 0.0296875
7 0.7486111111111111 0.86875 0.04537037037037037 0.021875
7 0.24953703703703703 0.14322916666666666 0.11388888888888889 0.023958333333333335
7 0.7509259259259259 0.1421875 0.09259259259259259 0.025
2 0.07037037037037037 0.07083333333333333 0.05925925925925926 0.026041666666666668
7 0.35185185185185186 0.0734375 0.42407407407407405 0.034375
7 0.5023148148148148 0.65078125 0.31574074074074077 0.022395833333333334
8 0.5017685185185184 0.6484375 0.37221296296296297 0.041666666666666664