7 0.17314814814814813 0.07083333333333333 0.27037037037037037 0.028125
7 0.9287037037037037 0.0703125 0.08148148148148149 0.025
7 0.4976851851851852 0.14479166666666668 0.7453703703703703 0.028125
7 0.4981481481481482 0.17682291666666666 0.65 0.025520833333333333
7 0.4981481481481482 0.26484375 0.16666666666666666 0.021354166666666667
7 0.4986111111111111 0.6515625 0.125 0.020833333333333332
7 0.3148148148148148 0.3416666666666667 0.2851851851851852 0.020833333333333332
7 0.6967592592592593 0.3419270833333333 0.2935185185185185 0.021354166666666667
7 0.6296296296296297 0.40911458333333334 0.26296296296296295 0.0203125
7 0.3347222222222222 0.40859375 0.14537037037037037 0.0203125
7 0.33935185185185185 0.47552083333333334 0.375 0.021875
7 0.7430555555555556 0.475 0.2490740740740741 0.021875
7 0.5087962962962963 0.5421875 0.20833333333333334 0.022916666666666665
7 0.3199074074074074 0.7283854166666667 0.19166666666666668 0.021354166666666667
7 0.6476851851851851 0.728125 0.2861111111111111 0.020833333333333332
7 0.37777777777777777 0.79609375 0.1925925925925926 0.0234375
7 0.6518518518518519 0.7955729166666666 0.17222222222222222 0.022395833333333334
7 0.387037037037037 0.8619791666666666 0.37222222222222223 0.020833333333333332
7 0.7388888888888889 0.8619791666666666 0.15185185185185185 0.019791666666666666