7 0.21481481481481482 0.07291666666666667 0.09074074074074075 0.025
2 0.9462962962962963 0.07083333333333333 0.03333333333333333 0.03333333333333333
2 0.06666666666666667 0.07057291666666667 0.05185185185185185 0.028645833333333332
7 0.24861111111111112 0.14244791666666667 0.23425925925925925 0.021354166666666667
7 0.7490740740740741 0.14192708333333334 0.35185185185185186 0.021354166666666667
7 0.17592592592592593 0.25026041666666665 0.17592592592592593 0.028645833333333332
7 0.4722222222222222 0.346875 0.7814814814814814 0.16354166666666667
7 0.4615740740740741 0.47239583333333335 0.7472222222222222 0.034375
2 0.15833333333333333 0.8567708333333334 0.1111111111111111 0.065625
2 0.32731481481481484 0.8559895833333333 0.11018518518518519 0.06197916666666667
2 0.4986111111111111 0.8565104166666667 0.10648148148148148 0.059895833333333336
2 0.6712962962962963 0.8565104166666667 0.1037037037037037 0.058854166666666666
2 0.8407407407407408 0.8557291666666667 0.1 0.05625