7 0.14027777777777778 0.1984375 0.2490740740740741 0.022916666666666665
3 0.06712962962962964 0.26067708333333334 0.09722222222222222 0.0546875
7 0.2722222222222222 0.24635416666666668 0.2351851851851852 0.026041666666666668
7 0.21805555555555556 0.28125 0.12685185185185185 0.021875
7 0.9699074074074074 0.26276041666666666 0.019444444444444445 0.025520833333333333
3 0.06712962962962964 0.3419270833333333 0.09722222222222222 0.0546875
7 0.24814814814814815 0.32760416666666664 0.18703703703703703 0.026041666666666668
7 0.21805555555555556 0.3625 0.12685185185185185 0.021875
7 0.9699074074074074 0.34401041666666665 0.019444444444444445 0.025520833333333333
3 0.06712962962962964 0.4231770833333333 0.09722222222222222 0.0546875
7 0.23981481481481481 0.4088541666666667 0.17037037037037037 0.026041666666666668
7 0.21805555555555556 0.44375 0.12685185185185185 0.021875
7 0.9699074074074074 0.42526041666666664 0.019444444444444445 0.025520833333333333
3 0.06712962962962964 0.5044270833333333 0.09722222222222222 0.0546875
7 0.25555555555555554 0.4901041666666667 0.20185185185185187 0.026041666666666668
7 0.21805555555555556 0.525 0.12685185185185185 0.021875
7 0.9699074074074074 0.5065104166666666 0.019444444444444445 0.025520833333333333
3 0.06712962962962964 0.5856770833333333 0.09722222222222222 0.0546875
7 0.22592592592592592 0.5713541666666667 0.1425925925925926 0.026041666666666668
7 0.21805555555555556 0.60625 0.12685185185185185 0.021875
7 0.9699074074074074 0.5877604166666667 0.019444444444444445 0.025520833333333333
7 0.1476851851851852 0.6510416666666666 0.2712962962962963 0.022916666666666665
3 0.06712962962962964 0.7151041666666667 0.09722222222222222 0.05416666666666667
7 0.2611111111111111 0.70078125 0.21296296296296297 0.025520833333333333
7 0.19305555555555556 0.7356770833333334 0.07685185185185185 0.022395833333333334
7 0.9115740740740741 0.7169270833333333 0.1361111111111111 0.025520833333333333
3 0.06712962962962964 0.7963541666666667 0.09722222222222222 0.05416666666666667
7 0.26481481481481484 0.78203125 0.22037037037037038 0.025520833333333333
7 0.19305555555555556 0.8169270833333333 0.07685185185185185 0.022395833333333334
7 0.9115740740740741 0.7981770833333334 0.1361111111111111 0.025520833333333333
3 0.06712962962962964 0.8776041666666666 0.09722222222222222 0.05416666666666667
7 0.25277777777777777 0.86328125 0.1962962962962963 0.025520833333333333
7 0.19305555555555556 0.8981770833333333 0.07685185185185185 0.022395833333333334
7 0.9115740740740741 0.8794270833333333 0.1361111111111111 0.025520833333333333
7 0.2490740740740741 0.14166666666666666 0.21481481481481482 0.026041666666666668
7 0.7490740740740741 0.14166666666666666 0.1037037037037037 0.026041666666666668
2 0.0699074074074074 0.06927083333333334 0.075 0.03125
7 0.2847222222222222 0.07109375 0.28425925925925927 0.0296875