7 0.5879629629629629 0.23619791666666667 0.11666666666666667 0.025520833333333333
7 0.549537037037037 0.30234375 0.04722222222222222 0.0265625
7 0.5550925925925926 0.37109375 0.05092592592592592 0.027604166666666666
7 0.5560185185185185 0.43645833333333334 0.06388888888888888 0.026041666666666668
2 0.06759259259259259 0.06458333333333334 0.07037037037037037 0.04791666666666667
7 0.19074074074074074 0.06484375 0.15555555555555556 0.0265625
2 0.9314814814814815 0.06666666666666667 0.06666666666666667 0.03125
7 0.09212962962962963 0.11848958333333333 0.15462962962962962 0.022395833333333334
7 0.08796296296296297 0.17369791666666667 0.14444444444444443 0.030729166666666665
7 0.08981481481481482 0.23880208333333333 0.1388888888888889 0.0328125
7 0.11898148148148148 0.30078125 0.19722222222222222 0.024479166666666666
7 0.09583333333333334 0.36380208333333336 0.1527777777777778 0.0296875
7 0.5699074074074074 0.16614583333333333 0.09722222222222222 0.021875
2 0.9518518518518518 0.18697916666666667 0.03518518518518519 0.019791666666666666