2 0.06666666666666667 0.0703125 0.05555555555555555 0.03229166666666667
7 0.2722222222222222 0.07239583333333334 0.2111111111111111 0.030208333333333334
7 0.4962962962962963 0.1703125 0.725925925925926 0.05520833333333333
7 0.4981481481481482 0.246875 0.6888888888888889 0.05416666666666667
7 0.4305555555555556 0.35572916666666665 0.587037037037037 0.026041666666666668
7 0.42685185185185187 0.4171875 0.587037037037037 0.026041666666666668
7 0.46944444444444444 0.478125 0.6574074074074074 0.025
7 0.5388888888888889 0.5348958333333333 0.8111111111111111 0.026041666666666668
7 0.32222222222222224 0.5973958333333333 0.37037037037037035 0.028125
7 0.44722222222222224 0.6567708333333333 0.6129629629629629 0.026041666666666668
7 0.4759259259259259 0.7255208333333333 0.6777777777777778 0.04479166666666667
7 0.3851851851851852 0.796875 0.4888888888888889 0.029166666666666667
2 0.06944444444444445 0.3546875 0.06851851851851852 0.036458333333333336
2 0.07037037037037037 0.41510416666666666 0.06666666666666667 0.036458333333333336
2 0.06851851851851852 0.4744791666666667 0.07037037037037037 0.03229166666666667
2 0.07037037037037037 0.5338541666666666 0.07037037037037037 0.034375
2 0.06851851851851852 0.59375 0.06666666666666667 0.035416666666666666
2 0.06851851851851852 0.6546875 0.05925925925925926 0.034375
2 0.0712962962962963 0.7260416666666667 0.07222222222222222 0.0375
2 0.06574074074074074 0.7947916666666667 0.06111111111111111 0.03333333333333333
7 0.49722222222222223 0.86875 0.20925925925925926 0.025
8 0.502 0.8690520833333333 0.7586851851851851 0.07738541666666668