7 0.4981481481481482 0.09270833333333334 0.36666666666666664 0.065625
7 0.475 0.19192708333333333 0.8796296296296297 0.0546875
0 0.06666666666666667 0.2708333333333333 0.05740740740740741 0.03229166666666667
7 0.43287037037037035 0.2734375 0.6398148148148148 0.029166666666666667
0 0.06666666666666667 0.34088541666666666 0.05740740740740741 0.03177083333333333
7 0.4236111111111111 0.3424479166666667 0.6231481481481481 0.028645833333333332
0 0.06666666666666667 0.41067708333333336 0.05740740740740741 0.03177083333333333
7 0.35185185185185186 0.4119791666666667 0.4759259259259259 0.028125
0 0.06666666666666667 0.48072916666666665 0.05740740740740741 0.03229166666666667
7 0.1712962962962963 0.48020833333333335 0.11296296296296296 0.029166666666666667
7 0.4976851851851852 0.79453125 0.9138888888888889 0.0765625
7 0.475462962962963 0.89140625 0.1287037037037037 0.0359375
2 0.5717592592592593 0.8888020833333333 0.025 0.0234375
8 0.4994166666666667 0.8938802083333334 0.9925092592592594 0.08203125