3 0.4986111111111111 0.21588541666666666 0.4046296296296296 0.12135416666666667
7 0.5023148148148148 0.3151041666666667 0.47314814814814815 0.046875
7 0.4986111111111111 0.35104166666666664 0.3731481481481482 0.023958333333333335
2 0.1175925925925926 0.4328125 0.11481481481481481 0.06458333333333334
7 0.274537037037037 0.4197916666666667 0.07685185185185185 0.036458333333333336
2 0.1175925925925926 0.5307291666666667 0.11481481481481481 0.06458333333333334
7 0.2824074074074074 0.51796875 0.09259259259259259 0.0359375
7 0.3101851851851852 0.5486979166666667 0.14814814814814814 0.025520833333333333
2 0.1175925925925926 0.6286458333333333 0.11481481481481481 0.06458333333333334
7 0.287962962962963 0.6158854166666666 0.1037037037037037 0.0359375
7 0.3199074074074074 0.646875 0.1675925925925926 0.026041666666666668
2 0.1175925925925926 0.7268229166666667 0.11481481481481481 0.06510416666666667
7 0.29768518518518516 0.7138020833333333 0.12314814814814815 0.0359375
7 0.3199074074074074 0.7447916666666666 0.1675925925925926 0.026041666666666668
7 0.8648148148148148 0.4317708333333333 0.07407407407407407 0.017708333333333333
7 0.8601851851851852 0.5299479166666666 0.08888888888888889 0.019270833333333334
7 0.8578703703703704 0.6286458333333333 0.09351851851851851 0.019791666666666666
7 0.8574074074074074 0.7265625 0.09074074074074075 0.020833333333333332
8 0.8669074074074073 0.43457291666666664 0.14414814814814816 0.043619791666666664
8 0.8628518518518519 0.53125 0.15456481481481482 0.046875
8 0.8611203703703704 0.62728125 0.16035185185185186 0.048828125
8 0.8599629629629629 0.7265625 0.15803703703703703 0.046875