7 0.2412037037037037 0.05390625 0.462037037037037 0.0234375
7 0.39861111111111114 0.2916666666666667 0.49537037037037035 0.03854166666666667
7 0.29074074074074074 0.37473958333333335 0.28703703703703703 0.03697916666666667
7 0.31527777777777777 0.4596354166666667 0.3287037037037037 0.034895833333333334
7 0.30833333333333335 0.546875 0.3148148148148148 0.035416666666666666
7 0.22870370370370371 0.6309895833333333 0.1648148148148148 0.034895833333333334
7 0.41435185185185186 0.7203125 0.5342592592592592 0.03958333333333333
7 0.38425925925925924 0.8057291666666667 0.4685185185185185 0.03854166666666667
7 0.24722222222222223 0.13463541666666667 0.26296296296296295 0.0328125
7 0.7476851851851852 0.13645833333333332 0.2361111111111111 0.029166666666666667
2 0.08333333333333333 0.21145833333333333 0.09074074074074075 0.029166666666666667
0 0.9060185185185186 0.2903645833333333 0.10833333333333334 0.059895833333333336
0 0.9069444444444444 0.37552083333333336 0.10277777777777777 0.059375
0 0.9078703703703703 0.4622395833333333 0.11203703703703703 0.059895833333333336
0 0.9060185185185186 0.5484375 0.10648148148148148 0.06145833333333333
0 0.9074074074074074 0.6346354166666667 0.1037037037037037 0.0578125
0 0.9074074074074074 0.7203125 0.10925925925925926 0.059375
0 0.9078703703703703 0.8057291666666667 0.11203703703703703 0.05625
2 0.08333333333333333 0.28984375 0.0962962962962963 0.04739583333333333
2 0.08287037037037037 0.37578125 0.11018518518518519 0.0578125
2 0.08333333333333333 0.46171875 0.09444444444444444 0.05364583333333333
2 0.08425925925925926 0.5489583333333333 0.1 0.057291666666666664
2 0.08148148148148149 0.6330729166666667 0.10740740740740741 0.0546875
2 0.08425925925925926 0.7197916666666667 0.1 0.053125
2 0.08425925925925926 0.8049479166666667 0.08888888888888889 0.05364583333333333
7 0.25925925925925924 0.8786458333333333 0.23148148148148148 0.023958333333333335
7 0.7421296296296296 0.87890625 0.10277777777777777 0.0234375
8 0.25989814814814816 0.8785833333333334 0.4671666666666667 0.072265625
8 0.7442129629629629 0.8785833333333334 0.468212962962963 0.06966145833333333