3 0.25555555555555554 0.20390625 0.40185185185185185 0.08802083333333334
7 0.1050925925925926 0.29322916666666665 0.10833333333333334 0.023958333333333335
3 0.7430555555555556 0.20260416666666667 0.4009259259259259 0.10416666666666667
7 0.5976851851851852 0.29244791666666664 0.11574074074074074 0.0234375
7 0.14722222222222223 0.50234375 0.2037037037037037 0.027604166666666666
7 0.6064814814814815 0.5026041666666666 0.14074074074074075 0.026041666666666668
7 0.11666666666666667 0.7098958333333333 0.14074074074074075 0.026041666666666668
7 0.5888888888888889 0.7111979166666667 0.1037037037037037 0.027604166666666666
7 0.11435185185185186 0.9190104166666667 0.13425925925925927 0.024479166666666666
7 0.29398148148148145 0.0734375 0.2490740740740741 0.035416666666666666
2 0.06898148148148148 0.06979166666666667 0.06388888888888888 0.030208333333333334
3 0.25601851851851853 0.41015625 0.3972222222222222 0.1015625
3 0.7407407407407407 0.4119791666666667 0.39444444444444443 0.09583333333333334
3 0.24861111111111112 0.6197916666666666 0.38425925925925924 0.0875
3 0.7472222222222222 0.6190104166666667 0.34629629629629627 0.11927083333333334
3 0.25925925925925924 0.83046875 0.3574074074074074 0.10572916666666667