7 0.15648148148148147 0.11796875 0.2796296296296296 0.0265625
7 0.16157407407407406 0.1625 0.27685185185185185 0.026041666666666668
7 0.16111111111111112 0.18385416666666668 0.2814814814814815 0.016666666666666666
7 0.16157407407407406 0.23333333333333334 0.27685185185185185 0.026041666666666668
7 0.20694444444444443 0.2552083333333333 0.38425925925925924 0.017708333333333333
7 0.15648148148148147 0.30416666666666664 0.26666666666666666 0.026041666666666668
7 0.2675925925925926 0.32526041666666666 0.4888888888888889 0.016145833333333335
7 0.3148148148148148 0.36692708333333335 0.5888888888888889 0.024479166666666666
7 0.16157407407407406 0.4125 0.27685185185185185 0.026041666666666668
7 0.26342592592592595 0.4588541666666667 0.48055555555555557 0.022916666666666665
7 0.16157407407407406 0.5046875 0.27685185185185185 0.026041666666666668
7 0.1625 0.5260416666666666 0.27870370370370373 0.016666666666666666
7 0.15648148148148147 0.5755208333333334 0.26666666666666666 0.026041666666666668
7 0.2675925925925926 0.5966145833333333 0.4888888888888889 0.016145833333333335
7 0.16157407407407406 0.64609375 0.27685185185185185 0.0265625
7 0.17777777777777778 0.6674479166666667 0.30925925925925923 0.016145833333333335
7 0.21805555555555556 0.7088541666666667 0.38981481481481484 0.022916666666666665
7 0.16157407407407406 0.7546875 0.27685185185185185 0.026041666666666668
7 0.07314814814814814 0.80078125 0.1 0.0234375
7 0.31666666666666665 0.8481770833333333 0.5907407407407408 0.028645833333333332
7 0.38287037037037036 0.89453125 0.7287037037037037 0.025520833333333333
7 0.49907407407407406 0.9299479166666667 0.9518518518518518 0.0078125
2 0.01898148148148148 0.06380208333333333 0.025 0.0234375
2 0.06527777777777778 0.06484375 0.062037037037037036 0.03697916666666667
7 0.21851851851851853 0.06458333333333334 0.22962962962962963 0.027083333333333334