2 0.24537037037037038 0.13854166666666667 0.07777777777777778 0.04375
7 0.24953703703703703 0.171875 0.14722222222222223 0.017708333333333333
2 0.7453703703703703 0.13854166666666667 0.07777777777777778 0.04375
7 0.7490740740740741 0.17291666666666666 0.09444444444444444 0.01875
2 0.06157407407407407 0.23567708333333334 0.07685185185185185 0.0609375
7 0.4212962962962963 0.23828125 0.6240740740740741 0.04739583333333333
6 0.9194444444444444 0.23515625 0.1111111111111111 0.0390625
7 0.5032407407407408 0.5809895833333333 0.8175925925925925 0.049479166666666664
2 0.9305555555555556 0.07057291666666667 0.05925925925925926 0.033854166666666664
2 0.07407407407407407 0.07057291666666667 0.024074074074074074 0.022395833333333334
7 0.22592592592592592 0.07369791666666667 0.21296296296296297 0.027604166666666666