2 0.2175925925925926 0.30703125 0.21851851851851853 0.1234375
7 0.21851851851851853 0.3953125 0.18518518518518517 0.021875
7 0.21574074074074073 0.4270833333333333 0.1111111111111111 0.021875
2 0.7800925925925926 0.30703125 0.21944444444444444 0.1234375
7 0.7777777777777778 0.39557291666666666 0.22037037037037038 0.022395833333333334
7 0.7800925925925926 0.42734375 0.10833333333333334 0.022395833333333334
7 0.4986111111111111 0.5158854166666667 0.22870370370370371 0.021354166666666667
2 0.06620370370370371 0.06953125 0.05277777777777778 0.030729166666666665
7 0.25416666666666665 0.07317708333333334 0.225 0.0359375
7 0.49953703703703706 0.8895833333333333 0.12314814814814815 0.020833333333333332
7 0.49953703703703706 0.5536458333333333 0.09722222222222222 0.017708333333333333
8 0.5005833333333334 0.8916041666666668 0.8883518518518518 0.056640625