7 0.49907407407407406 0.19609375 0.8537037037037037 0.0921875
7 0.25601851851851853 0.28802083333333334 0.3194444444444444 0.036458333333333336
7 0.16620370370370371 0.34348958333333335 0.11203703703703703 0.030729166666666665
7 0.21851851851851853 0.40572916666666664 0.22037037037037038 0.034375
7 0.24722222222222223 0.58125 0.35 0.026041666666666668
7 0.19305555555555556 0.07447916666666667 0.3175925925925926 0.034375
2 0.9162037037037037 0.06822916666666666 0.14537037037037037 0.03229166666666667
4 0.5009259259259259 0.34322916666666664 0.8203703703703704 0.05625
4 0.49953703703703706 0.40390625 0.825 0.0578125
7 0.5 0.475 0.12777777777777777 0.021875
7 0.5305555555555556 0.5817708333333333 0.16296296296296298 0.020833333333333332
8 0.49943518518518515 0.476890625 0.7888333333333334 0.050130208333333336