2 0.049074074074074076 0.06197916666666667 0.06851851851851852 0.034375
7 0.500462962962963 0.06015625 0.20833333333333334 0.0328125
7 0.07361111111111111 0.16484375 0.021296296296296296 0.03177083333333333
7 0.4759259259259259 0.15078125 0.6888888888888889 0.0296875
7 0.26944444444444443 0.18671875 0.29814814814814816 0.0203125
2 0.8953703703703704 0.1640625 0.037037037037037035 0.020833333333333332
7 0.07314814814814814 0.2752604166666667 0.03888888888888889 0.034895833333333334
7 0.47962962962962963 0.26197916666666665 0.6944444444444444 0.023958333333333335
7 0.262037037037037 0.2955729166666667 0.2814814814814815 0.021354166666666667
2 0.8953703703703704 0.2734375 0.037037037037037035 0.020833333333333332
7 0.07175925925925926 0.3846354166666667 0.028703703703703703 0.027604166666666666
7 0.4791666666666667 0.3697916666666667 0.6953703703703704 0.028125
7 0.26435185185185184 0.4046875 0.2935185185185185 0.022916666666666665
2 0.8953703703703704 0.3828125 0.037037037037037035 0.020833333333333332
7 0.8870370370370371 0.05963541666666667 0.0962962962962963 0.021354166666666667