7 0.09814814814814815 0.21588541666666666 0.17222222222222222 0.025520833333333333
7 0.10740740740740741 0.24166666666666667 0.19074074074074074 0.026041666666666668
7 0.42453703703703705 0.21953125 0.15833333333333333 0.021354166666666667
7 0.4273148148148148 0.24270833333333333 0.05648148148148148 0.019791666666666666
7 0.6509259259259259 0.21927083333333333 0.1425925925925926 0.019791666666666666
7 0.6509259259259259 0.24322916666666666 0.05185185185185185 0.020833333333333332
7 0.875462962962963 0.21770833333333334 0.1527777777777778 0.01875
7 0.875 0.24401041666666667 0.04814814814814815 0.0203125
2 0.12638888888888888 0.8408854166666667 0.06944444444444445 0.04114583333333333
2 0.3736111111111111 0.8377604166666667 0.10092592592592593 0.0421875
2 0.6259259259259259 0.8388020833333333 0.05740740740740741 0.033854166666666664
2 0.8731481481481481 0.8408854166666667 0.05925925925925926 0.0421875
2 0.06759259259259259 0.06510416666666667 0.07777777777777778 0.04375
7 0.20324074074074075 0.06510416666666667 0.17314814814814813 0.03333333333333333
2 0.9324074074074075 0.06458333333333334 0.05 0.03229166666666667
7 0.5 0.5421875 0.2833333333333333 0.027083333333333334
7 0.49953703703703706 0.14739583333333334 0.17685185185185184 0.03125
8 0.5011944444444444 0.14420833333333333 0.3710555555555556 0.07747395833333333