0 0.925 0.6916666666666667 0.06666666666666667 0.036458333333333336
0 0.924537037037037 0.8153645833333333 0.05648148148148148 0.0296875
7 0.3212962962962963 0.07369791666666667 0.5888888888888889 0.034895833333333334
7 0.15138888888888888 0.14869791666666668 0.24351851851851852 0.0296875
7 0.0875 0.20130208333333333 0.11574074074074074 0.0296875
7 0.09074074074074075 0.28072916666666664 0.11851851851851852 0.029166666666666667
7 0.08287037037037037 0.35963541666666665 0.10462962962962963 0.028645833333333332
7 0.2 0.43854166666666666 0.34629629629629627 0.030208333333333334
7 0.39675925925925926 0.4708333333333333 0.7324074074074074 0.027083333333333334
7 0.15185185185185185 0.546875 0.24074074074074073 0.027083333333333334
7 0.22175925925925927 0.6002604166666666 0.38055555555555554 0.030729166666666665
7 0.1486111111111111 0.67890625 0.22870370370370371 0.027604166666666666
7 0.3763888888888889 0.7119791666666667 0.687962962962963 0.03125
7 0.21898148148148147 0.7885416666666667 0.38055555555555554 0.03125
7 0.3712962962962963 0.8205729166666667 0.6907407407407408 0.028645833333333332
7 0.25 0.8861979166666667 0.06296296296296296 0.0234375
7 0.7476851851851852 0.8859375 0.15833333333333333 0.022916666666666665
8 0.2523796296296296 0.88671875 0.4336111111111111 0.052083333333333336
8 0.7511574074074074 0.8876979166666668 0.43117592592592596 0.054036458333333336