2 0.06574074074074074 0.0703125 0.05 0.030208333333333334
7 0.26481481481481484 0.07135416666666666 0.1925925925925926 0.03229166666666667
7 0.1814814814814815 0.121875 0.22962962962962963 0.025
7 0.18055555555555555 0.22083333333333333 0.22037037037037038 0.029166666666666667
7 0.16111111111111112 0.32135416666666666 0.18888888888888888 0.021875
7 0.175 0.4192708333333333 0.20925925925925926 0.026041666666666668
7 0.18425925925925926 0.4703125 0.23148148148148148 0.026041666666666668
7 0.20277777777777778 0.5453125 0.2611111111111111 0.023958333333333335
7 0.17222222222222222 0.646875 0.2037037037037037 0.025
7 0.1824074074074074 0.7489583333333333 0.23148148148148148 0.029166666666666667
7 0.14537037037037037 0.8479166666666667 0.1574074074074074 0.025
7 0.21944444444444444 0.8989583333333333 0.30185185185185187 0.03125
0 0.8814814814814815 0.46979166666666666 0.07037037037037037 0.035416666666666666
0 0.8805555555555555 0.8958333333333334 0.05 0.03125
7 0.09259259259259259 0.14947916666666666 0.040740740740740744 0.015625
7 0.1037037037037037 0.24635416666666668 0.06666666666666667 0.021875
7 0.15462962962962962 0.3494791666666667 0.17222222222222222 0.019791666666666666
7 0.14074074074074075 0.5744791666666667 0.13703703703703704 0.021875
7 0.13148148148148148 0.6760416666666667 0.12222222222222222 0.022916666666666665
7 0.10555555555555556 0.7760416666666666 0.07037037037037037 0.01875