7 0.3453703703703704 0.07578125 0.3592592592592593 0.0328125
2 0.06759259259259259 0.07135416666666666 0.04259259259259259 0.03854166666666667
3 0.1814814814814815 0.18645833333333334 0.19444444444444445 0.109375
7 0.18287037037037038 0.25807291666666665 0.1361111111111111 0.0265625
3 0.4981481481481482 0.18645833333333334 0.19444444444444445 0.109375
7 0.49907407407407406 0.25885416666666666 0.13148148148148148 0.030208333333333334
3 0.8148148148148148 0.18645833333333334 0.19444444444444445 0.109375
7 0.8162037037037037 0.259375 0.14907407407407408 0.028125
3 0.1814814814814815 0.3567708333333333 0.19444444444444445 0.109375
7 0.18055555555555555 0.43072916666666666 0.1259259259259259 0.030208333333333334
3 0.4981481481481482 0.3567708333333333 0.19444444444444445 0.109375
7 0.49583333333333335 0.4309895833333333 0.1175925925925926 0.030729166666666665
3 0.8148148148148148 0.3567708333333333 0.19444444444444445 0.109375
7 0.8148148148148148 0.42890625 0.2 0.024479166666666666
3 0.1814814814814815 0.5276041666666667 0.19444444444444445 0.109375
7 0.18009259259259258 0.6020833333333333 0.2212962962962963 0.030208333333333334
3 0.4981481481481482 0.5276041666666667 0.19444444444444445 0.109375
7 0.49537037037037035 0.60234375 0.11666666666666667 0.030729166666666665
3 0.8148148148148148 0.5276041666666667 0.19444444444444445 0.109375
7 0.8175925925925925 0.6002604166666666 0.17777777777777778 0.027604166666666666
3 0.1814814814814815 0.6984375 0.19444444444444445 0.109375
7 0.18194444444444444 0.771875 0.14166666666666666 0.028125
3 0.4981481481481482 0.6984375 0.19444444444444445 0.109375
7 0.4962962962962963 0.77109375 0.16296296296296298 0.025520833333333333
3 0.8148148148148148 0.6984375 0.19444444444444445 0.109375
7 0.8152777777777778 0.7716145833333333 0.12129629629629629 0.0265625
7 0.5009259259259259 0.8888020833333333 0.09074074074074075 0.03177083333333333
8 0.5017407407407407 0.8863958333333334 0.9462222222222222 0.059244791666666664