3 0.4976851851851852 0.19505208333333332 0.3527777777777778 0.20052083333333334
7 0.49907407407407406 0.31796875 0.2388888888888889 0.0265625
2 0.9273148148148148 0.0671875 0.10648148148148148 0.057291666666666664
2 0.02962962962962963 0.4940104166666667 0.046296296296296294 0.0265625
2 0.031018518518518518 0.53359375 0.03796296296296296 0.025520833333333333
2 0.03194444444444444 0.578125 0.03981481481481482 0.027083333333333334
2 0.03194444444444444 0.6213541666666667 0.03981481481481482 0.026041666666666668
3 0.8564814814814815 0.5481770833333334 0.2851851851851852 0.15572916666666667
7 0.2152777777777778 0.49322916666666666 0.3138888888888889 0.029166666666666667
7 0.13703703703703704 0.6234375 0.1537037037037037 0.022916666666666665
7 0.18564814814814815 0.5786458333333333 0.25462962962962965 0.023958333333333335
7 0.19537037037037036 0.5372395833333333 0.26851851851851855 0.0265625
7 0.49953703703703706 0.40520833333333334 0.44537037037037036 0.030208333333333334
7 0.5032407407407408 0.7947916666666667 0.44907407407407407 0.027083333333333334
8 0.5005833333333334 0.404625 0.9531666666666667 0.064453125
8 0.5011574074074074 0.7955729166666666 0.9496944444444445 0.06510416666666667