2 0.05 0.06979166666666667 0.05925925925925926 0.027083333333333334
7 0.913425925925926 0.0703125 0.13055555555555556 0.019791666666666666
7 0.4986111111111111 0.13489583333333333 0.3435185185185185 0.028125
7 0.09398148148148149 0.22265625 0.08425925925925926 0.033854166666666664
2 0.9328703703703703 0.22135416666666666 0.05092592592592592 0.026041666666666668
7 0.08888888888888889 0.2916666666666667 0.08518518518518518 0.03229166666666667
7 0.4986111111111111 0.3893229166666667 0.39537037037037037 0.028645833333333332
7 0.08935185185185185 0.4744791666666667 0.0712962962962963 0.027083333333333334
7 0.08425925925925926 0.54453125 0.07037037037037037 0.027604166666666666
7 0.49953703703703706 0.8075520833333333 0.10462962962962963 0.025520833333333333
7 0.5023148148148148 0.8890625 0.24166666666666667 0.034375
8 0.5 0.22168229166666667 0.9473796296296296 0.06575520833333333
8 0.5017407407407407 0.2945989583333333 0.9554814814814816 0.06575520833333333
8 0.5005833333333334 0.472984375 0.9577962962962964 0.068359375
8 0.5028981481481481 0.5478541666666668 0.9531666666666667 0.06705729166666667
8 0.4971111111111111 0.808921875 0.9554814814814816 0.06315104166666667
8 0.5005833333333334 0.8883489583333334 0.9485370370370371 0.06575520833333333