2 0.07592592592592592 0.2078125 0.05740740740740741 0.030208333333333334
7 0.32592592592592595 0.20911458333333333 0.3814814814814815 0.030729166666666665
3 0.06712962962962964 0.27838541666666666 0.09722222222222222 0.0546875
7 0.2439814814814815 0.27708333333333335 0.2175925925925926 0.022916666666666665
3 0.06712962962962964 0.35546875 0.09722222222222222 0.0546875
7 0.24583333333333332 0.35546875 0.2212962962962963 0.0265625
3 0.06712962962962964 0.4322916666666667 0.09722222222222222 0.05520833333333333
7 0.2722222222222222 0.43307291666666664 0.2740740740740741 0.027604166666666666
3 0.06712962962962964 0.5091145833333334 0.09722222222222222 0.0546875
7 0.2564814814814815 0.5083333333333333 0.24259259259259258 0.023958333333333335
3 0.06712962962962964 0.5861979166666667 0.09722222222222222 0.0546875
7 0.20092592592592592 0.58671875 0.13148148148148148 0.0265625
3 0.06712962962962964 0.66328125 0.09722222222222222 0.0546875
7 0.25555555555555554 0.6625 0.24074074074074073 0.023958333333333335
3 0.06527777777777778 0.7401041666666667 0.09722222222222222 0.05416666666666667
7 0.20185185185185187 0.7395833333333334 0.13333333333333333 0.025
3 0.06712962962962964 0.8169270833333333 0.09722222222222222 0.0546875
7 0.23287037037037037 0.81640625 0.19537037037037036 0.024479166666666666
7 0.2513888888888889 0.14166666666666666 0.22685185185185186 0.021875
7 0.749537037037037 0.14270833333333333 0.14722222222222223 0.022916666666666665
2 0.06712962962962964 0.07109375 0.05277777777777778 0.027604166666666666
7 0.3425925925925926 0.07369791666666667 0.4 0.033854166666666664
7 0.9236111111111112 0.27786458333333336 0.075 0.011979166666666667
7 0.925 0.3546875 0.07777777777777778 0.0125
7 0.925 0.4322916666666667 0.07962962962962963 0.011458333333333333
7 0.9185185185185185 0.5098958333333333 0.09074074074074075 0.0125
7 0.9175925925925926 0.5861979166666667 0.08888888888888889 0.011979166666666667
7 0.925 0.6630208333333333 0.07962962962962963 0.010416666666666666
7 0.9226851851851852 0.7395833333333334 0.08055555555555556 0.011458333333333333
7 0.9226851851851852 0.8169270833333333 0.0787037037037037 0.013020833333333334
7 0.5 0.8924479166666667 0.3425925925925926 0.024479166666666666
8 0.5017407407407407 0.8912760416666666 0.8952962962962963 0.05078125