2 0.09351851851851851 0.0703125 0.12777777777777777 0.071875
3 0.5013888888888889 0.15572916666666667 0.5675925925925925 0.09270833333333334
7 0.29074074074074074 0.07317708333333334 0.2740740740740741 0.030729166666666665
7 0.0875 0.24921875 0.0787037037037037 0.030729166666666665
7 0.5847222222222223 0.25052083333333336 0.11018518518518519 0.034375
7 0.2814814814814815 0.328125 0.4148148148148148 0.0375
7 0.2310185185185185 0.3984375 0.3194444444444444 0.029166666666666667
7 0.19398148148148148 0.47421875 0.24722222222222223 0.030729166666666665
7 0.2 0.5486979166666667 0.26296296296296295 0.0296875
7 0.1375 0.6145833333333334 0.1361111111111111 0.030208333333333334
7 0.13472222222222222 0.68359375 0.13240740740740742 0.024479166666666666
7 0.08148148148148149 0.7828125 0.10185185185185185 0.027083333333333334
7 0.31296296296296294 0.7822916666666667 0.03888888888888889 0.023958333333333335
7 0.5342592592592592 0.78203125 0.05 0.024479166666666666
7 0.8407407407407408 0.78203125 0.24444444444444444 0.05260416666666667
5 0.26157407407407407 0.7807291666666667 0.05648148148148148 0.03229166666666667
5 0.4708333333333333 0.7799479166666666 0.06018518518518518 0.0328125
5 0.6814814814814815 0.78125 0.06111111111111111 0.03125
4 0.25787037037037036 0.24921875 0.44907407407407407 0.07239583333333334
4 0.7407407407407407 0.24791666666666667 0.45 0.07291666666666667
4 0.49953703703703706 0.32447916666666665 0.8824074074074074 0.07291666666666667
4 0.49953703703703706 0.39947916666666666 0.8805555555555555 0.07291666666666667
4 0.49953703703703706 0.475 0.8824074074074074 0.07291666666666667
4 0.49953703703703706 0.5458333333333333 0.8805555555555555 0.06354166666666666
4 0.4976851851851852 0.61484375 0.8842592592592593 0.06614583333333333
4 0.49907407407407406 0.6825520833333333 0.8814814814814815 0.06614583333333333
7 0.5314814814814814 0.8817708333333333 0.14814814814814814 0.020833333333333332
7 0.825462962962963 0.8809895833333333 0.1787037037037037 0.0203125
8 0.5330277777777778 0.880859375 0.2587962962962963 0.06380208333333333
8 0.8281296296296297 0.8824895833333334 0.2702962962962963 0.059244791666666664