2 0.06851851851851852 0.06875 0.05925925925925926 0.03125
7 0.2490740740740741 0.07083333333333333 0.22407407407407406 0.03125
7 0.49907407407407406 0.3338541666666667 0.2537037037037037 0.03854166666666667
7 0.5712962962962963 0.40625 0.26481481481481484 0.03125
7 0.5361111111111111 0.5463541666666667 0.3425925925925926 0.023958333333333335
7 0.3425925925925926 0.5895833333333333 0.2 0.027083333333333334
7 0.6712962962962963 0.5895833333333333 0.2833333333333333 0.027083333333333334
7 0.36018518518518516 0.6354166666666666 0.22407407407407406 0.029166666666666667
7 0.6814814814814815 0.6348958333333333 0.24814814814814815 0.03229166666666667
2 0.35555555555555557 0.4046875 0.08888888888888889 0.06979166666666667
0 0.20833333333333334 0.5880208333333333 0.053703703703703705 0.03229166666666667
0 0.21388888888888888 0.6328125 0.05740740740740741 0.03229166666666667
0 0.49537037037037035 0.5890625 0.06111111111111111 0.030208333333333334
0 0.524074074074074 0.6317708333333333 0.05185185185185185 0.030208333333333334
7 0.36944444444444446 0.49166666666666664 0.2537037037037037 0.025
7 0.6481481481481481 0.49166666666666664 0.17777777777777778 0.029166666666666667
7 0.7203703703703703 0.8953125 0.17037037037037037 0.023958333333333335
2 0.5972222222222222 0.8953125 0.06111111111111111 0.028125
2 0.22962962962962963 0.8963541666666667 0.06296296296296296 0.030208333333333334
7 0.387037037037037 0.8963541666666667 0.24814814814814815 0.023958333333333335