7 0.26296296296296295 0.07447916666666667 0.18333333333333332 0.036458333333333336
2 0.07222222222222222 0.07109375 0.05740740740740741 0.0328125
7 0.15138888888888888 0.14453125 0.2324074074074074 0.022395833333333334
7 0.14675925925925926 0.19427083333333334 0.22314814814814815 0.025
7 0.07685185185185185 0.22526041666666666 0.08333333333333333 0.024479166666666666
7 0.1175925925925926 0.2955729166666667 0.15925925925925927 0.0296875
7 0.09444444444444444 0.32317708333333334 0.11296296296296296 0.025520833333333333
7 0.26990740740740743 0.3963541666666667 0.4638888888888889 0.029166666666666667
7 0.43472222222222223 0.4239583333333333 0.7935185185185185 0.026041666666666668
0 0.9222222222222223 0.41041666666666665 0.05925925925925926 0.035416666666666666
7 0.2101851851851852 0.49713541666666666 0.34444444444444444 0.0296875
7 0.36574074074074076 0.525 0.6555555555555556 0.026041666666666668
0 0.9226851851851852 0.5091145833333334 0.06018518518518518 0.0359375
7 0.11481481481481481 0.5971354166666667 0.16111111111111112 0.0234375
7 0.1550925925925926 0.64921875 0.24537037037037038 0.024479166666666666
7 0.07962962962962963 0.6752604166666667 0.08518518518518518 0.0203125
7 0.12222222222222222 0.7510416666666667 0.17962962962962964 0.028125
7 0.18564814814814815 0.7768229166666667 0.2972222222222222 0.022395833333333334
7 0.1648148148148148 0.85234375 0.26481481481481484 0.027604166666666666
7 0.42824074074074076 0.88046875 0.7916666666666666 0.0265625