7 0.28194444444444444 0.20703125 0.10462962962962963 0.024479166666666666
5 0.538425925925926 0.17526041666666667 0.058333333333333334 0.034895833333333334
5 0.5388888888888889 0.22864583333333333 0.06111111111111111 0.03333333333333333
7 0.09212962962962963 0.31640625 0.08055555555555556 0.03177083333333333
7 0.18611111111111112 0.3932291666666667 0.27037037037037037 0.030208333333333334
7 0.35138888888888886 0.4713541666666667 0.6046296296296296 0.030208333333333334
7 0.10138888888888889 0.6502604166666667 0.10277777777777777 0.030729166666666665
2 0.1935185185185185 0.07083333333333333 0.11666666666666667 0.065625
2 0.06435185185185185 0.06875 0.05277777777777778 0.029166666666666667
7 0.47962962962962963 0.07109375 0.44074074074074077 0.03177083333333333
7 0.6898148148148148 0.17526041666666667 0.044444444444444446 0.0234375
7 0.6972222222222222 0.22239583333333332 0.05740740740740741 0.022916666666666665
4 0.500462962962963 0.3171875 0.9305555555555556 0.06875
4 0.5 0.39114583333333336 0.9333333333333333 0.071875
4 0.4986111111111111 0.46953125 0.9305555555555556 0.0765625
4 0.4986111111111111 0.6494791666666667 0.9287037037037037 0.09375
7 0.32222222222222224 0.8609375 0.10185185185185185 0.019791666666666666
7 0.7162037037037037 0.8604166666666667 0.20833333333333334 0.020833333333333332
8 0.32702777777777775 0.857421875 0.28662037037037036 0.07161458333333333
8 0.7141388888888889 0.857421875 0.30157407407407405 0.07682291666666667