7 0.13842592592592592 0.14140625 0.2064814814814815 0.028645833333333332
7 0.09305555555555556 0.19479166666666667 0.11018518518518519 0.030208333333333334
7 0.37453703703703706 0.22265625 0.6731481481481482 0.025520833333333333
0 0.9212962962962963 0.2078125 0.07777777777777778 0.04375
7 0.09953703703703703 0.2955729166666667 0.12314814814814815 0.0296875
7 0.3449074074074074 0.32317708333333334 0.6138888888888889 0.025520833333333333
0 0.9212962962962963 0.30833333333333335 0.07777777777777778 0.04375
7 0.10138888888888889 0.39557291666666666 0.14722222222222223 0.027604166666666666
7 0.1550925925925926 0.44557291666666665 0.23425925925925925 0.0296875
7 0.35648148148148145 0.47317708333333336 0.6370370370370371 0.025520833333333333
7 0.15324074074074073 0.5440104166666667 0.2361111111111111 0.0265625
7 0.3138888888888889 0.5955729166666667 0.5518518518518518 0.0296875
0 0.9212962962962963 0.5953125 0.07777777777777778 0.04375
7 0.23333333333333334 0.6705729166666666 0.3907407407407407 0.0296875
7 0.4759259259259259 0.6981770833333333 0.8759259259259259 0.025520833333333333
7 0.2875 0.7713541666666667 0.49907407407407406 0.029166666666666667
5 0.9212962962962963 0.7713541666666667 0.07777777777777778 0.04375
7 0.26666666666666666 0.8463541666666666 0.45740740740740743 0.029166666666666667
5 0.9212962962962963 0.8463541666666666 0.07777777777777778 0.04375
7 0.15601851851851853 0.9203125 0.2361111111111111 0.027083333333333334
7 0.17037037037037037 0.0703125 0.26481481481481484 0.036458333333333336