7 0.2212962962962963 0.13072916666666667 0.36666666666666664 0.029166666666666667
6 0.9027777777777778 0.13046875 0.11481481481481481 0.03697916666666667
7 0.2152777777777778 0.20572916666666666 0.35462962962962963 0.029166666666666667
6 0.9027777777777778 0.20546875 0.11481481481481481 0.03697916666666667
7 0.2587962962962963 0.28072916666666664 0.44166666666666665 0.029166666666666667
7 0.10092592592592593 0.30833333333333335 0.1259259259259259 0.026041666666666668
7 0.10277777777777777 0.37916666666666665 0.14074074074074075 0.023958333333333335
7 0.25277777777777777 0.4510416666666667 0.42962962962962964 0.030208333333333334
7 0.17777777777777778 0.5260416666666666 0.2796296296296296 0.030208333333333334
7 0.16666666666666666 0.6010416666666667 0.2574074074074074 0.030208333333333334
7 0.1111111111111111 0.6760416666666667 0.14629629629629629 0.030208333333333334
7 0.07777777777777778 0.7471354166666667 0.09814814814814815 0.025520833333333333
7 0.15833333333333333 0.8205729166666667 0.24074074074074073 0.0296875
7 0.18611111111111112 0.8955729166666667 0.2962962962962963 0.0296875
7 0.2638888888888889 0.0703125 0.17962962962962964 0.036458333333333336
2 0.06574074074074074 0.06848958333333334 0.05555555555555555 0.03177083333333333