7 0.27314814814814814 0.0703125 0.4703703703703704 0.036458333333333336
2 0.8273148148148148 0.06979166666666667 0.08425925925925926 0.04583333333333333
2 0.9435185185185185 0.07161458333333333 0.03518518518518519 0.043229166666666666
7 0.16574074074074074 0.14192708333333334 0.1259259259259259 0.0234375
7 0.4986111111111111 0.14348958333333334 0.2064814814814815 0.0265625
7 0.8388888888888889 0.14375 0.24444444444444444 0.029166666666666667
3 0.12546296296296297 0.24817708333333333 0.175 0.0984375
7 0.3597222222222222 0.2513020833333333 0.24166666666666667 0.0328125
3 0.12546296296296297 0.3731770833333333 0.175 0.0984375
7 0.2912037037037037 0.37552083333333336 0.10833333333333334 0.028125
3 0.12546296296296297 0.49921875 0.175 0.0984375
7 0.41759259259259257 0.50234375 0.3611111111111111 0.033854166666666664