7 0.5050925925925925 0.06666666666666667 0.2824074074074074 0.04375
7 0.5032407407407408 0.33177083333333335 0.6083333333333333 0.07083333333333333
2 0.12361111111111112 0.48203125 0.18055555555555555 0.1015625
7 0.12638888888888888 0.5651041666666666 0.1527777777777778 0.020833333333333332
2 0.3736111111111111 0.48203125 0.18055555555555555 0.1015625
7 0.37592592592592594 0.5645833333333333 0.1925925925925926 0.022916666666666665
2 0.6236111111111111 0.48203125 0.18055555555555555 0.1015625
7 0.624537037037037 0.56640625 0.15648148148148147 0.022395833333333334
2 0.8736111111111111 0.48203125 0.18055555555555555 0.1015625
7 0.875 0.5653645833333333 0.1574074074074074 0.021354166666666667
7 0.49907407407407406 0.8611979166666667 0.9518518518518518 0.0453125
2 0.5069444444444444 0.17473958333333334 0.24722222222222223 0.13697916666666668
7 0.25833333333333336 0.7234375 0.15925925925925927 0.029166666666666667
7 0.7337962962962963 0.7236979166666667 0.1175925925925926 0.03177083333333333
8 0.2668425925925926 0.720703125 0.4301388888888889 0.07682291666666667
8 0.7372685185185185 0.72103125 0.4404351851851852 0.072265625