6 0.9023148148148148 0.20807291666666666 0.09166666666666666 0.03697916666666667
6 0.9023148148148148 0.26015625 0.09351851851851851 0.03697916666666667
6 0.9023148148148148 0.3109375 0.09537037037037037 0.041666666666666664
6 0.9027777777777778 0.3658854166666667 0.09259259259259259 0.04114583333333333
6 0.9018518518518519 0.4192708333333333 0.09259259259259259 0.040625
6 0.9046296296296297 0.47213541666666664 0.0962962962962963 0.0328125
6 0.9023148148148148 0.6057291666666667 0.09907407407407408 0.035416666666666666
7 0.24074074074074073 0.0734375 0.19074074074074074 0.030208333333333334
7 0.10925925925925926 0.15286458333333333 0.13148148148148148 0.0265625
7 0.27870370370370373 0.20729166666666668 0.48333333333333334 0.025
7 0.2689814814814815 0.26119791666666664 0.44907407407407407 0.028645833333333332
7 0.2337962962962963 0.31536458333333334 0.38055555555555554 0.024479166666666666
7 0.25462962962962965 0.365625 0.4222222222222222 0.025
7 0.3 0.41822916666666665 0.524074074074074 0.029166666666666667
7 0.2847222222222222 0.47109375 0.4842592592592593 0.0265625
7 0.12407407407407407 0.5528645833333333 0.16111111111111112 0.0296875
7 0.22962962962962963 0.60859375 0.36666666666666664 0.028645833333333332
7 0.19027777777777777 0.6611979166666667 0.30092592592592593 0.028645833333333332
7 0.13796296296296295 0.7408854166666666 0.18333333333333332 0.0265625
7 0.09907407407407408 0.8078125 0.11296296296296296 0.025
7 0.1912037037037037 0.8825520833333333 0.30092592592592593 0.028645833333333332
7 0.8930555555555556 0.6625 0.11388888888888889 0.026041666666666668
2 0.06944444444444445 0.0703125 0.046296296296296294 0.03229166666666667