2 0.06296296296296296 0.0703125 0.05555555555555555 0.026041666666666668
0 0.24537037037037038 0.3921875 0.046296296296296294 0.028125
7 0.45740740740740743 0.146875 0.5444444444444444 0.052083333333333336
2 0.7777777777777778 0.14427083333333332 0.07037037037037037 0.040625
2 0.175 0.2265625 0.046296296296296294 0.028125
7 0.28703703703703703 0.22708333333333333 0.15555555555555556 0.016666666666666666
2 0.6787037037037037 0.22708333333333333 0.05740740740740741 0.029166666666666667
7 0.787962962962963 0.22760416666666666 0.14629629629629629 0.021875
7 0.24537037037037038 0.31875 0.2574074074074074 0.022916666666666665
7 0.2324074074074074 0.46875 0.23148148148148148 0.020833333333333332
7 0.7055555555555556 0.46822916666666664 0.22962962962962963 0.019791666666666666
7 0.2777777777777778 0.5567708333333333 0.3296296296296296 0.021875
7 0.5388888888888889 0.3958333333333333 0.5185185185185185 0.027083333333333334
2 0.08055555555555556 0.4671875 0.06111111111111111 0.030208333333333334
2 0.0787037037037037 0.5567708333333333 0.053703703703703705 0.028125
2 0.5472222222222223 0.46822916666666664 0.06481481481481481 0.030208333333333334
4 0.4981481481481482 0.3171875 0.9333333333333333 0.071875
4 0.262037037037037 0.46770833333333334 0.46111111111111114 0.07083333333333333
4 0.7324074074074074 0.46822916666666664 0.4648148148148148 0.071875
4 0.49722222222222223 0.5557291666666667 0.9351851851851852 0.071875
2 0.08055555555555556 0.3177083333333333 0.046296296296296294 0.03333333333333333
7 0.5 0.6447916666666667 0.2851851851851852 0.027083333333333334
8 0.5066296296296297 0.6484375 0.9266481481481481 0.06770833333333333