2 0.05740740740740741 0.0703125 0.07777777777777778 0.04375
7 0.23703703703703705 0.07213541666666666 0.2 0.03697916666666667
7 0.25092592592592594 0.14244791666666667 0.23703703703703705 0.022395833333333334
7 0.7472222222222222 0.14348958333333334 0.16666666666666666 0.0234375
7 0.18703703703703703 0.21927083333333333 0.08333333333333333 0.023958333333333335
2 0.047685185185185185 0.25859375 0.058333333333333334 0.0328125
2 0.047685185185185185 0.8072916666666666 0.058333333333333334 0.03229166666666667
7 0.3074074074074074 0.7916666666666666 0.1685185185185185 0.023958333333333335
7 0.42592592592592593 0.8260416666666667 0.40555555555555556 0.022916666666666665
6 0.9217592592592593 0.7984375 0.11574074074074074 0.0375
7 0.3458333333333333 0.2671875 0.04722222222222222 0.021875
7 0.7597222222222222 0.2674479166666667 0.04722222222222222 0.021354166666666667
7 0.2722222222222222 0.340625 0.10555555555555556 0.01875
7 0.5513888888888889 0.33958333333333335 0.058333333333333334 0.020833333333333332
7 0.8305555555555556 0.33958333333333335 0.06851851851851852 0.01875
7 0.2763888888888889 0.41380208333333335 0.0824074074074074 0.018229166666666668
7 0.5532407407407407 0.41432291666666665 0.10277777777777777 0.021354166666666667
7 0.8300925925925926 0.41432291666666665 0.07314814814814814 0.022395833333333334
7 0.3449074074074074 0.48776041666666664 0.08796296296296297 0.022395833333333334
7 0.7620370370370371 0.48802083333333335 0.1425925925925926 0.019791666666666666
7 0.7620370370370371 0.5614583333333333 0.18333333333333332 0.020833333333333332
7 0.3439814814814815 0.5614583333333333 0.13055555555555556 0.017708333333333333
7 0.34120370370370373 0.6354166666666666 0.12685185185185185 0.01875
7 0.3435185185185185 0.7088541666666667 0.17407407407407408 0.020833333333333332
7 0.7592592592592593 0.6356770833333333 0.2351851851851852 0.021354166666666667
7 0.7606481481481482 0.7088541666666667 0.16018518518518518 0.020833333333333332