2 0.6703703703703704 0.06822916666666666 0.06666666666666667 0.034375
7 0.7703703703703704 0.0703125 0.1 0.026041666666666668
7 0.08703703703703704 0.134375 0.12962962962962962 0.022916666666666665
7 0.16574074074074074 0.275 0.09814814814814815 0.020833333333333332
7 0.16111111111111112 0.34427083333333336 0.07407407407407407 0.021875
7 0.15925925925925927 0.4166666666666667 0.08148148148148149 0.020833333333333332
7 0.15925925925925927 0.4859375 0.07777777777777778 0.021875
7 0.16111111111111112 0.5526041666666667 0.07037037037037037 0.021875
7 0.15925925925925927 0.6244791666666667 0.07777777777777778 0.023958333333333335
7 0.16574074074074074 0.6921875 0.09074074074074075 0.021875
7 0.1638888888888889 0.7625 0.08703703703703704 0.022916666666666665
7 0.16574074074074074 0.8322916666666667 0.09074074074074075 0.022916666666666665
7 0.1675925925925926 0.9026041666666667 0.09444444444444444 0.021875
0 0.06388888888888888 0.2786458333333333 0.06111111111111111 0.03229166666666667
0 0.06296296296296296 0.34791666666666665 0.05925925925925926 0.035416666666666666
0 0.06296296296296296 0.415625 0.05925925925925926 0.03125
0 0.06481481481481481 0.4859375 0.06296296296296296 0.03229166666666667
0 0.06296296296296296 0.5546875 0.06296296296296296 0.030208333333333334
0 0.06388888888888888 0.6244791666666667 0.06111111111111111 0.030208333333333334
0 0.06296296296296296 0.6927083333333334 0.05925925925925926 0.03333333333333333
0 0.06481481481481481 0.7645833333333333 0.06296296296296296 0.03125
0 0.06481481481481481 0.8333333333333334 0.05555555555555555 0.03125
0 0.06481481481481481 0.9026041666666667 0.05925925925925926 0.030208333333333334
7 0.2574074074074074 0.20104166666666667 0.1111111111111111 0.01875
7 0.7435185185185185 0.20260416666666667 0.05740740740740741 0.019791666666666666