2 0.05092592592592592 0.15989583333333332 0.07777777777777778 0.04375
7 0.29768518518518516 0.125 0.3435185185185185 0.040625
7 0.5125 0.18046875 0.7731481481481481 0.0703125
5 0.9495370370370371 0.16041666666666668 0.062037037037037036 0.03229166666666667
2 0.05092592592592592 0.28541666666666665 0.07777777777777778 0.04375
7 0.3421296296296296 0.25026041666666665 0.4324074074074074 0.04010416666666667
7 0.5125 0.30572916666666666 0.7731481481481481 0.07083333333333333
5 0.9472222222222222 0.2869791666666667 0.06111111111111111 0.03333333333333333
2 0.05092592592592592 0.4 0.07777777777777778 0.04375
7 0.18055555555555555 0.37578125 0.10925925925925926 0.04010416666666667
7 0.5125 0.4200520833333333 0.7731481481481481 0.0484375
5 0.9490740740740741 0.4015625 0.05740740740740741 0.030208333333333334
2 0.05092592592592592 0.5140625 0.07777777777777778 0.04375
7 0.33055555555555555 0.47890625 0.40925925925925927 0.04010416666666667
7 0.5125 0.5341145833333333 0.7731481481481481 0.0703125
5 0.9486111111111111 0.5151041666666667 0.05648148148148148 0.03125
2 0.05092592592592592 0.6286458333333333 0.07777777777777778 0.04375
7 0.387037037037037 0.6078125 0.5259259259259259 0.035416666666666666
7 0.47685185185185186 0.6510416666666666 0.7092592592592593 0.04583333333333333
5 0.950462962962963 0.62890625 0.05648148148148148 0.030729166666666665
2 0.06759259259259259 0.06510416666666667 0.07777777777777778 0.04375
7 0.3435185185185185 0.06510416666666667 0.4537037037037037 0.03333333333333333
2 0.9337962962962963 0.06354166666666666 0.049074074074074076 0.03854166666666667
7 0.49907407407407406 0.9020833333333333 0.14444444444444443 0.026041666666666668
8 0.4976851851851852 0.9016927083333334 0.9797777777777779 0.05859375