3 0.14814814814814814 0.25 0.19444444444444445 0.109375
7 0.5032407407407408 0.23567708333333334 0.44722222222222224 0.027604166666666666
7 0.43472222222222223 0.27421875 0.30648148148148147 0.0296875
3 0.14814814814814814 0.39739583333333334 0.19444444444444445 0.109375
7 0.47175925925925927 0.3815104166666667 0.38055555555555554 0.025520833333333333
7 0.43657407407407406 0.4205729166666667 0.3101851851851852 0.028645833333333332
3 0.14814814814814814 0.5453125 0.19444444444444445 0.109375
7 0.4740740740740741 0.5307291666666667 0.3888888888888889 0.028125
7 0.43472222222222223 0.5703125 0.3101851851851852 0.027083333333333334
3 0.14814814814814814 0.6927083333333334 0.19444444444444445 0.109375
7 0.45 0.6778645833333333 0.337037037037037 0.027604166666666666
7 0.4361111111111111 0.7161458333333334 0.3055555555555556 0.027083333333333334
7 0.5037037037037037 0.12473958333333333 0.46296296296296297 0.033854166666666664