3 0.49907407407407406 0.20052083333333334 0.9222222222222223 0.18333333333333332
2 0.0962962962962963 0.07083333333333333 0.11666666666666667 0.065625
7 0.22175925925925927 0.07369791666666667 0.1361111111111111 0.030729166666666665
7 0.5009259259259259 0.33880208333333334 0.2814814814814815 0.025520833333333333
7 0.5013888888888889 0.44505208333333335 0.41944444444444445 0.027604166666666666
7 0.5009259259259259 0.54453125 0.1962962962962963 0.024479166666666666
7 0.49907407407407406 0.6645833333333333 0.3537037037037037 0.036458333333333336
7 0.49907407407407406 0.77421875 0.25 0.024479166666666666
7 0.500462962962963 0.8671875 0.19722222222222222 0.027083333333333334
8 0.4988425925925926 0.3391927083333333 0.9265462962962963 0.06901041666666667
8 0.4988425925925926 0.447265625 0.9219166666666666 0.08984375
8 0.4982685185185185 0.5459010416666668 0.9207592592592592 0.09700520833333333
8 0.4971111111111111 0.666015625 0.923074074074074 0.11328125
8 0.49942592592592594 0.77571875 0.9184444444444444 0.09309895833333333
8 0.4959537037037037 0.8665364583333334 0.9207592592592592 0.07161458333333333