0 0.9222222222222223 0.5041666666666667 0.06296296296296296 0.03333333333333333
0 0.9231481481481482 0.6072916666666667 0.06481481481481481 0.035416666666666666
0 0.9212962962962963 0.79375 0.06851851851851852 0.035416666666666666
7 0.1361111111111111 0.8838541666666667 0.22777777777777777 0.05520833333333333
7 0.14351851851851852 0.7973958333333333 0.23148148148148148 0.03229166666666667
7 0.14722222222222223 0.7067708333333333 0.2388888888888889 0.05520833333333333
7 0.2611111111111111 0.6067708333333334 0.46296296296296297 0.051041666666666666
7 0.22592592592592592 0.5067708333333333 0.3962962962962963 0.05520833333333333
7 0.13796296296296295 0.4421875 0.21666666666666667 0.021875
7 0.17222222222222222 0.35625 0.28888888888888886 0.05416666666666667
7 0.287962962962963 0.2552083333333333 0.5166666666666667 0.05416666666666667
7 0.16111111111111112 0.19114583333333332 0.26296296296296295 0.021875
7 0.3055555555555556 0.06822916666666666 0.5444444444444444 0.030208333333333334
7 0.2657407407407407 0.11875 0.4759259259259259 0.029166666666666667