2 0.062037037037037036 0.0875 0.04814814814814815 0.028125
2 0.9194444444444444 0.08776041666666666 0.08148148148148149 0.0359375
7 0.48194444444444445 0.0875 0.41574074074074074 0.042708333333333334
7 0.30185185185185187 0.19114583333333332 0.5333333333333333 0.025
2 0.07824074074074074 0.23854166666666668 0.08055555555555556 0.04479166666666667
2 0.18287037037037038 0.23854166666666668 0.08055555555555556 0.04479166666666667
7 0.11064814814814815 0.2869791666666667 0.15462962962962962 0.022916666666666665
2 0.06944444444444445 0.3455729166666667 0.06296296296296296 0.0359375
7 0.43657407407407406 0.3450520833333333 0.4601851851851852 0.0328125
2 0.8972222222222223 0.3455729166666667 0.04814814814814815 0.027604166666666666
2 0.0787037037037037 0.4119791666666667 0.08148148148148149 0.035416666666666666
7 0.2569444444444444 0.4119791666666667 0.09537037037037037 0.030208333333333334
2 0.8972222222222223 0.41171875 0.04814814814814815 0.027604166666666666
2 0.0787037037037037 0.4783854166666667 0.08148148148148149 0.0359375
7 0.2625 0.4786458333333333 0.11574074074074074 0.029166666666666667
2 0.8972222222222223 0.478125 0.04814814814814815 0.028125
2 0.0787037037037037 0.5447916666666667 0.08148148148148149 0.036458333333333336
7 0.26342592592592595 0.54375 0.10648148148148148 0.03125
2 0.8972222222222223 0.54453125 0.04814814814814815 0.027604166666666666
2 0.07916666666666666 0.6111979166666667 0.06388888888888888 0.0359375
7 0.26064814814814813 0.6109375 0.10277777777777777 0.03229166666666667
2 0.8972222222222223 0.6111979166666667 0.04814814814814815 0.027604166666666666
2 0.0787037037037037 0.6776041666666667 0.08148148148148149 0.035416666666666666
7 0.2861111111111111 0.6765625 0.1574074074074074 0.03125
2 0.8972222222222223 0.67734375 0.04814814814814815 0.027604166666666666
2 0.0787037037037037 0.7440104166666667 0.08148148148148149 0.0359375
7 0.29212962962962963 0.74296875 0.16574074074074074 0.03177083333333333
2 0.8972222222222223 0.74375 0.04814814814814815 0.028125
2 0.0787037037037037 0.8104166666666667 0.08148148148148149 0.036458333333333336
7 0.29583333333333334 0.8106770833333333 0.17314814814814813 0.0296875
2 0.8972222222222223 0.81015625 0.04814814814814815 0.027604166666666666
7 0.49166666666666664 0.8703125 0.10925925925925926 0.03125
8 0.4965277777777778 0.8736979166666666 0.9033981481481481 0.078125