3 0.49583333333333335 0.2526041666666667 0.8583333333333333 0.28958333333333336
7 0.4759259259259259 0.4356770833333333 0.8833333333333333 0.0578125
5 0.062037037037037036 0.5578125 0.04814814814814815 0.027083333333333334
7 0.9074074074074074 0.5565104166666667 0.11296296296296296 0.0296875
7 0.20787037037037037 0.55703125 0.20462962962962963 0.025520833333333333
5 0.062037037037037036 0.6052083333333333 0.04814814814814815 0.027083333333333334
7 0.9055555555555556 0.6049479166666667 0.10925925925925926 0.044270833333333336
7 0.25092592592592594 0.60546875 0.29074074074074074 0.0265625
5 0.062037037037037036 0.6526041666666667 0.04814814814814815 0.027083333333333334
7 0.9111111111111111 0.65234375 0.09814814814814815 0.044270833333333336
7 0.22037037037037038 0.65234375 0.22962962962962963 0.027604166666666666
0 0.06157407407407407 0.7627604166666667 0.04722222222222222 0.0265625
7 0.9055555555555556 0.7630208333333334 0.10925925925925926 0.04375
7 0.24351851851851852 0.7630208333333334 0.2777777777777778 0.026041666666666668
0 0.06157407407407407 0.81015625 0.04722222222222222 0.0265625
7 0.9055555555555556 0.81015625 0.10925925925925926 0.044270833333333336
7 0.2689814814814815 0.8111979166666666 0.3287037037037037 0.028645833333333332
7 0.2601851851851852 0.0703125 0.22962962962962963 0.03125
2 0.06898148148148148 0.0703125 0.05277777777777778 0.03229166666666667
7 0.27870370370370373 0.5020833333333333 0.4962962962962963 0.042708333333333334
2 0.9365740740740741 0.5026041666666666 0.10648148148148148 0.04895833333333333
7 0.3597222222222222 0.7013020833333333 0.6583333333333333 0.0296875
7 0.4981481481481482 0.890625 0.5166666666666667 0.030208333333333334
8 0.5046296296296297 0.88671875 0.9566296296296297 0.06770833333333333