0 0.9375 0.14869791666666668 0.058333333333333334 0.030729166666666665
0 0.9402777777777778 0.24661458333333333 0.05648148148148148 0.030729166666666665
0 0.937962962962963 0.546875 0.05555555555555555 0.03229166666666667
0 0.9351851851851852 0.6690104166666667 0.05 0.030729166666666665
0 0.9375 0.7786458333333334 0.058333333333333334 0.03229166666666667
0 0.937962962962963 0.88125 0.05555555555555555 0.03125
2 0.018055555555555554 0.06432291666666666 0.025 0.025520833333333333
2 0.9388888888888889 0.06692708333333333 0.046296296296296294 0.04114583333333333
2 0.06851851851851852 0.06588541666666667 0.07592592592592592 0.043229166666666666
7 0.20092592592592592 0.06744791666666666 0.17962962962962964 0.030729166666666665
7 0.3388888888888889 0.14947916666666666 0.6092592592592593 0.053125
7 0.4060185185185185 0.25104166666666666 0.7546296296296297 0.051041666666666666
7 0.21388888888888888 0.33828125 0.3611111111111111 0.025520833333333333
7 0.49907407407407406 0.42630208333333336 0.9407407407407408 0.0765625
7 0.42407407407407405 0.5479166666666667 0.7870370370370371 0.07291666666666667
7 0.42962962962962964 0.6703125 0.7981481481481482 0.07604166666666666
7 0.38935185185185184 0.7817708333333333 0.7194444444444444 0.058333333333333334
7 0.38796296296296295 0.8830729166666667 0.7185185185185186 0.05572916666666667