7 0.08518518518518518 0.12057291666666667 0.12407407407407407 0.025520833333333333
7 0.07777777777777778 0.26276041666666666 0.10925925925925926 0.025520833333333333
5 0.075 0.3302083333333333 0.05740740740740741 0.035416666666666666
5 0.4162037037037037 0.3307291666666667 0.06018518518518518 0.036458333333333336
5 0.7231481481481481 0.3302083333333333 0.05925925925925926 0.035416666666666666
7 0.05694444444444444 0.4010416666666667 0.06759259259259259 0.026041666666666668
7 0.07175925925925926 0.47369791666666666 0.09722222222222222 0.025520833333333333
7 0.05 0.56171875 0.053703703703703705 0.0234375
7 0.8 0.3328125 0.07407407407407407 0.021875
7 0.5018518518518519 0.065625 0.3 0.028125
7 0.4949074074074074 0.33307291666666666 0.08055555555555556 0.025520833333333333
7 0.17222222222222222 0.3328125 0.12962962962962962 0.020833333333333332
7 0.4981481481481482 0.6625 0.08703703703703704 0.021875
8 0.4982685185185185 0.6656927083333334 0.9161296296296296 0.068359375