0 0.9361111111111111 0.14713541666666666 0.04814814814814815 0.030729166666666665
0 0.9402777777777778 0.24583333333333332 0.058333333333333334 0.03333333333333333
0 0.937962962962963 0.5450520833333333 0.06111111111111111 0.033854166666666664
0 0.937037037037037 0.66953125 0.05740740740740741 0.03177083333333333
0 0.9351851851851852 0.7794270833333333 0.053703703703703705 0.0296875
0 0.9347222222222222 0.8799479166666667 0.049074074074074076 0.030729166666666665
2 0.01712962962962963 0.06510416666666667 0.026851851851851852 0.025
2 0.9342592592592592 0.06510416666666667 0.040740740740740744 0.03854166666666667
2 0.06759259259259259 0.06510416666666667 0.07407407407407407 0.042708333333333334
7 0.1962962962962963 0.06744791666666666 0.1685185185185185 0.027604166666666666
7 0.3351851851851852 0.15026041666666667 0.5981481481481481 0.05364583333333333
7 0.40925925925925927 0.24817708333333333 0.75 0.05260416666666667
7 0.21064814814814814 0.33645833333333336 0.36018518518518516 0.026041666666666668
7 0.5032407407407408 0.428125 0.9416666666666667 0.078125
7 0.42314814814814816 0.54765625 0.7796296296296297 0.0765625
7 0.4310185185185185 0.6669270833333333 0.8083333333333333 0.0734375
7 0.39166666666666666 0.78125 0.7166666666666667 0.057291666666666664
7 0.38981481481481484 0.88359375 0.7148148148148148 0.0546875