2 0.06851851851851852 0.07083333333333333 0.05925925925925926 0.03125
2 0.9407407407407408 0.0703125 0.07037037037037037 0.034375
2 0.17037037037037037 0.0703125 0.08888888888888889 0.053125
7 0.32407407407407407 0.07395833333333333 0.21481481481481482 0.035416666666666666
7 0.5018518518518519 0.15989583333333332 0.36666666666666664 0.036458333333333336
7 0.49537037037037035 0.28489583333333335 0.49444444444444446 0.036458333333333336
7 0.10462962962962963 0.36354166666666665 0.17222222222222222 0.0375
7 0.10740740740740741 0.43697916666666664 0.17037037037037037 0.036458333333333336
7 0.10833333333333334 0.5114583333333333 0.17222222222222222 0.04375
7 0.1111111111111111 0.5864583333333333 0.17407407407407408 0.0375
7 0.49907407407407406 0.7036458333333333 0.1685185185185185 0.036458333333333336
8 0.5026851851851851 0.703125 0.44787037037037036 0.06696875000000001