7 0.12916666666666668 0.14010416666666667 0.19537037037037036 0.026041666666666668
7 0.14305555555555555 0.19479166666666667 0.2101851851851852 0.030208333333333334
7 0.39305555555555555 0.23333333333333334 0.7101851851851851 0.042708333333333334
6 0.912962962962963 0.21770833333333334 0.09444444444444444 0.034375
7 0.15 0.3145833333333333 0.23703703703703705 0.028125
7 0.16620370370370371 0.36692708333333335 0.2564814814814815 0.0296875
7 0.4601851851851852 0.4078125 0.8444444444444444 0.04375
2 0.08472222222222223 0.4901041666666667 0.06388888888888888 0.041666666666666664
7 0.33055555555555555 0.4901041666666667 0.3111111111111111 0.029166666666666667
0 0.9222222222222223 0.4895833333333333 0.06666666666666667 0.03854166666666667
2 0.08657407407407407 0.5669270833333333 0.06018518518518518 0.03802083333333333
7 0.29953703703703705 0.5651041666666666 0.2490740740740741 0.029166666666666667
7 0.1425925925925926 0.6356770833333333 0.21666666666666667 0.0328125
2 0.08564814814814815 0.6890625 0.06574074074074074 0.03854166666666667
7 0.225 0.6893229166666667 0.1 0.0296875
6 0.9097222222222222 0.6890625 0.10092592592592593 0.034375
2 0.08194444444444444 0.76328125 0.07685185185185185 0.0359375
7 0.2361111111111111 0.7643229166666666 0.12222222222222222 0.0296875
6 0.9138888888888889 0.76328125 0.09259259259259259 0.0359375
7 0.23333333333333334 0.07447916666666667 0.19074074074074074 0.036458333333333336
2 0.07037037037037037 0.0703125 0.05185185185185185 0.03229166666666667