2 0.06898148148148148 0.07161458333333333 0.05462962962962963 0.030729166666666665
7 0.29212962962962963 0.07109375 0.3138888888888889 0.034895833333333334
3 0.13518518518518519 0.18020833333333333 0.19444444444444445 0.109375
7 0.36435185185185187 0.1390625 0.18611111111111112 0.03333333333333333
7 0.6157407407407407 0.19661458333333334 0.6888888888888889 0.08177083333333333
3 0.13518518518518519 0.32395833333333335 0.19444444444444445 0.109375
7 0.4111111111111111 0.2828125 0.2796296296296296 0.03333333333333333
7 0.6157407407407407 0.34036458333333336 0.6888888888888889 0.08177083333333333
3 0.13518518518518519 0.46770833333333334 0.19444444444444445 0.109375
7 0.5791666666666667 0.4265625 0.6157407407407407 0.03333333333333333
7 0.6157407407407407 0.48411458333333335 0.6888888888888889 0.08177083333333333
3 0.13518518518518519 0.6114583333333333 0.19444444444444445 0.109375
7 0.4476851851851852 0.5703125 0.3527777777777778 0.03333333333333333
7 0.6157407407407407 0.6278645833333333 0.6888888888888889 0.08177083333333333
3 0.13518518518518519 0.7552083333333334 0.19444444444444445 0.109375
7 0.5814814814814815 0.7140625 0.6203703703703703 0.03333333333333333
7 0.6157407407407407 0.7716145833333333 0.6888888888888889 0.08177083333333333
3 0.13518518518518519 0.8890625 0.19444444444444445 0.08958333333333333
7 0.4564814814814815 0.8578125 0.37037037037037035 0.03333333333333333
7 0.6157407407407407 0.9041666666666667 0.6888888888888889 0.059375