7 0.27314814814814814 0.07395833333333333 0.4740740740740741 0.03333333333333333
2 0.8277777777777777 0.06979166666666667 0.07962962962962963 0.04583333333333333
2 0.9384259259259259 0.06927083333333334 0.049074074074074076 0.04583333333333333
7 0.16574074074074074 0.14322916666666666 0.1259259259259259 0.022916666666666665
3 0.2523148148148148 0.31927083333333334 0.4935185185185185 0.2760416666666667
7 0.5018518518518519 0.14375 0.2111111111111111 0.021875
7 0.8347222222222223 0.14322916666666666 0.24166666666666667 0.021875
3 0.7462962962962963 0.31875 0.4888888888888889 0.275
3 0.25092592592592594 0.5973958333333333 0.4888888888888889 0.275
3 0.7462962962962963 0.5973958333333333 0.4888888888888889 0.275
3 0.25092592592592594 0.80234375 0.4888888888888889 0.1265625
3 0.7462962962962963 0.80234375 0.4888888888888889 0.1265625