7 0.28194444444444444 0.0703125 0.21574074074074073 0.036458333333333336
2 0.06805555555555555 0.07005208333333333 0.05648148148148148 0.030729166666666665
7 0.500462962962963 0.13046875 0.44166666666666665 0.024479166666666666
3 0.1111111111111111 0.19791666666666666 0.14629629629629629 0.08229166666666667
7 0.3194444444444444 0.18671875 0.2 0.024479166666666666
7 0.3726851851851852 0.2125 0.31203703703703706 0.023958333333333335
3 0.1111111111111111 0.296875 0.14629629629629629 0.08229166666666667
7 0.5300925925925926 0.28567708333333336 0.6212962962962963 0.0234375
7 0.3736111111111111 0.3106770833333333 0.30462962962962964 0.022395833333333334
3 0.1111111111111111 0.39557291666666666 0.14629629629629629 0.08177083333333333
7 0.2675925925925926 0.3828125 0.0962962962962963 0.021875
7 0.3731481481481482 0.4114583333333333 0.30925925925925923 0.023958333333333335
3 0.1111111111111111 0.49453125 0.14629629629629629 0.08177083333333333
7 0.5828703703703704 0.4828125 0.7305555555555555 0.021875
7 0.3731481481481482 0.50703125 0.3 0.025520833333333333
3 0.1111111111111111 0.5932291666666667 0.14629629629629629 0.08229166666666667
7 0.3888888888888889 0.5802083333333333 0.34629629629629627 0.023958333333333335
7 0.3731481481481482 0.60625 0.3 0.026041666666666668
7 0.500462962962963 0.6885416666666667 0.35648148148148145 0.027083333333333334