7 0.15138888888888888 0.153125 0.20833333333333334 0.025
7 0.4597222222222222 0.20546875 0.8324074074074074 0.08072916666666667
7 0.4925925925925926 0.265625 0.8907407407407407 0.03958333333333333
7 0.4842592592592593 0.32838541666666665 0.8777777777777778 0.08072916666666667
7 0.16527777777777777 0.37864583333333335 0.1527777777777778 0.022916666666666665
7 0.24305555555555555 0.40286458333333336 0.3175925925925926 0.0203125
7 0.21574074074074073 0.42630208333333336 0.2518518518518518 0.021354166666666667
7 0.24259259259259258 0.44947916666666665 0.30185185185185187 0.023958333333333335
7 0.21296296296296297 0.49947916666666664 0.3314814814814815 0.021875
7 0.4935185185185185 0.5315104166666667 0.8925925925925926 0.0421875
7 0.16666666666666666 0.5903645833333333 0.2388888888888889 0.0234375
7 0.4847222222222222 0.6536458333333334 0.887962962962963 0.10104166666666667
7 0.13055555555555556 0.07447916666666667 0.19074074074074074 0.03229166666666667
7 0.49953703703703706 0.8979166666666667 0.38055555555555554 0.029166666666666667
8 0.4982685185185185 0.894859375 0.897611111111111 0.060546875