7 0.49907407407407406 0.07083333333333333 0.30185185185185187 0.03333333333333333
7 0.4986111111111111 0.10234375 0.2712962962962963 0.0296875
7 0.4842592592592593 0.18984375 0.8481481481481481 0.0296875
5 0.12314814814814815 0.23203125 0.05185185185185185 0.033854166666666664
5 0.125 0.2760416666666667 0.053703703703703705 0.03333333333333333
5 0.125 0.31979166666666664 0.05555555555555555 0.03125
5 0.12407407407407407 0.36354166666666665 0.05 0.030208333333333334
7 0.1912037037037037 0.23385416666666667 0.06388888888888888 0.025
7 0.22916666666666666 0.27760416666666665 0.1398148148148148 0.023958333333333335
7 0.29907407407407405 0.321875 0.2814814814814815 0.025
7 0.2671296296296296 0.36692708333333335 0.21574074074074073 0.0265625
7 0.49907407407407406 0.8911458333333333 0.23333333333333334 0.026041666666666668
8 0.4976851851851852 0.890625 0.9520092592592593 0.0546875