7 0.2351851851851852 0.07369791666666667 0.18888888888888888 0.0296875
2 0.06759259259259259 0.0703125 0.05 0.028125
7 0.13287037037037036 0.14635416666666667 0.2175925925925926 0.027083333333333334
7 0.12361111111111112 0.21953125 0.175 0.028645833333333332
7 0.12777777777777777 0.25052083333333336 0.18333333333333332 0.026041666666666668
2 0.913425925925926 0.23203125 0.09722222222222222 0.0546875
7 0.16898148148148148 0.32317708333333334 0.2657407407407407 0.0296875
7 0.13703703703703704 0.35442708333333334 0.20185185185185187 0.0265625
7 0.20925925925925926 0.4278645833333333 0.3592592592592593 0.0328125
7 0.13333333333333333 0.50078125 0.19444444444444445 0.028645833333333332
7 0.11064814814814815 0.5302083333333333 0.14907407407407408 0.029166666666666667
7 0.25555555555555554 0.60390625 0.4388888888888889 0.030729166666666665
7 0.13564814814814816 0.6354166666666666 0.19907407407407407 0.027083333333333334
7 0.12777777777777777 0.7078125 0.18333333333333332 0.03125
7 0.3800925925925926 0.7544270833333333 0.687962962962963 0.049479166666666664
6 0.9120370370370371 0.7348958333333333 0.1 0.0375
7 0.08518518518518518 0.8377604166666667 0.12037037037037036 0.025520833333333333
7 0.15694444444444444 0.9114583333333334 0.24166666666666667 0.030208333333333334