7 0.10740740740740741 0.14140625 0.1 0.0328125
7 0.2884259259259259 0.2109375 0.462037037037037 0.03333333333333333
7 0.48703703703703705 0.2515625 0.8592592592592593 0.04791666666666667
7 0.2810185185185185 0.328125 0.44722222222222224 0.03333333333333333
7 0.3111111111111111 0.39765625 0.5074074074074074 0.0328125
7 0.4287037037037037 0.43828125 0.7425925925925926 0.0484375
0 0.8796296296296297 0.42109375 0.06111111111111111 0.03802083333333333
7 0.16018518518518518 0.49635416666666665 0.20555555555555555 0.03333333333333333
7 0.48703703703703705 0.5703125 0.8592592592592593 0.11458333333333333
7 0.2513888888888889 0.6614583333333334 0.38796296296296295 0.03333333333333333
7 0.48703703703703705 0.71328125 0.8592592592592593 0.0703125
7 0.2152777777777778 0.80078125 0.31574074074074077 0.0328125
6 0.8115740740740741 0.8010416666666667 0.2490740740740741 0.03854166666666667
7 0.29212962962962963 0.8890625 0.46944444444444444 0.03333333333333333
2 0.06759259259259259 0.06510416666666667 0.07777777777777778 0.04375
7 0.2902777777777778 0.06510416666666667 0.3472222222222222 0.03333333333333333
7 0.750462962962963 0.8018229166666667 0.07314814814814814 0.018229166666666668