7 0.15046296296296297 0.14427083333333332 0.2361111111111111 0.027083333333333334
7 0.23842592592592593 0.19479166666666667 0.4009259259259259 0.030208333333333334
7 0.25 0.22265625 0.42407407407407405 0.025520833333333333
0 0.9212962962962963 0.2078125 0.07777777777777778 0.04375
7 0.19722222222222222 0.2984375 0.3277777777777778 0.028125
7 0.1787037037037037 0.3260416666666667 0.28703703703703703 0.025
0 0.9212962962962963 0.30833333333333335 0.07777777777777778 0.04375
7 0.1537037037037037 0.39869791666666665 0.23703703703703705 0.0265625
7 0.18009259259259258 0.47239583333333335 0.2898148148148148 0.025
7 0.37916666666666665 0.5231770833333333 0.6861111111111111 0.028645833333333332
0 0.9212962962962963 0.5203125 0.07777777777777778 0.04375
7 0.13472222222222222 0.5955729166666667 0.1935185185185185 0.0296875
7 0.15833333333333333 0.6231770833333333 0.24074074074074073 0.025520833333333333
0 0.9212962962962963 0.6083333333333333 0.07777777777777778 0.04375
7 0.17731481481481481 0.6984375 0.2898148148148148 0.029166666666666667
7 0.3736111111111111 0.7388020833333333 0.6861111111111111 0.04739583333333333
0 0.9212962962962963 0.7203125 0.07777777777777778 0.04375
7 0.17592592592592593 0.8223958333333333 0.2796296296296296 0.027083333333333334
7 0.1162037037037037 0.07447916666666667 0.16574074074074074 0.035416666666666666
2 0.9439814814814815 0.07057291666666667 0.041666666666666664 0.033854166666666664