2 0.12546296296296297 0.05859375 0.0712962962962963 0.04010416666666667
2 0.37453703703703706 0.058333333333333334 0.0712962962962963 0.041666666666666664
2 0.6226851851851852 0.0609375 0.075 0.04479166666666667
2 0.8796296296296297 0.06041666666666667 0.08148148148148149 0.040625
7 0.1310185185185185 0.11432291666666666 0.262037037037037 0.0296875
7 0.4134259259259259 0.11432291666666666 0.18796296296296297 0.0296875
7 0.6689814814814815 0.11432291666666666 0.2064814814814815 0.0296875
7 0.9 0.11432291666666666 0.1388888888888889 0.0296875
7 0.14629629629629629 0.178125 0.18888888888888888 0.026041666666666668
7 0.9166666666666666 0.17682291666666666 0.08518518518518518 0.0265625
2 0.9740740740740741 0.17708333333333334 0.024074074074074074 0.013541666666666667
3 0.17407407407407408 0.28567708333333336 0.30925925925925923 0.17447916666666666
7 0.15 0.3875 0.23703703703703705 0.020833333333333332
7 0.12638888888888888 0.4125 0.19722222222222222 0.015625
3 0.49907407407407406 0.28567708333333336 0.30925925925925923 0.17447916666666666
7 0.44675925925925924 0.38776041666666666 0.18055555555555555 0.021354166666666667
7 0.45416666666666666 0.4114583333333333 0.19537037037037036 0.019791666666666666
3 0.8240740740740741 0.28567708333333336 0.30925925925925923 0.17447916666666666
7 0.7768518518518519 0.38776041666666666 0.1962962962962963 0.021354166666666667
7 0.7759259259259259 0.4109375 0.18888888888888888 0.019791666666666666
7 0.13333333333333333 0.4908854166666667 0.15 0.0296875
7 0.9166666666666666 0.4901041666666667 0.08518518518518518 0.027083333333333334
2 0.9740740740740741 0.4903645833333333 0.024074074074074074 0.0140625
3 0.17407407407407408 0.5989583333333334 0.30925925925925923 0.17395833333333333
7 0.15787037037037038 0.7130208333333333 0.25277777777777777 0.04479166666666667
7 0.12685185185185185 0.7471354166666667 0.19444444444444445 0.018229166666666668
3 0.49907407407407406 0.5989583333333334 0.30925925925925923 0.17395833333333333
7 0.45601851851851855 0.7119791666666667 0.19907407407407407 0.042708333333333334
7 0.45046296296296295 0.74765625 0.19166666666666668 0.016145833333333335
3 0.8240740740740741 0.5989583333333334 0.30925925925925923 0.17395833333333333
7 0.8143518518518519 0.7122395833333334 0.2657407407407407 0.043229166666666666
7 0.7699074074074074 0.746875 0.18055555555555555 0.017708333333333333
7 0.12129629629629629 0.80390625 0.1388888888888889 0.027604166666666666
7 0.9166666666666666 0.8033854166666666 0.08518518518518518 0.0265625
2 0.9740740740740741 0.8036458333333333 0.024074074074074074 0.013541666666666667
3 0.17407407407407408 0.8796875 0.30925925925925923 0.10833333333333334
3 0.49907407407407406 0.8796875 0.30925925925925923 0.10833333333333334
3 0.8240740740740741 0.8796875 0.30925925925925923 0.10833333333333334