5 0.8157407407407408 0.14010416666666667 0.06481481481481481 0.034375
5 0.8166666666666667 0.20260416666666667 0.05925925925925926 0.034375
5 0.8157407407407408 0.26614583333333336 0.06851851851851852 0.036458333333333336
5 0.8166666666666667 0.32916666666666666 0.05925925925925926 0.035416666666666666
5 0.8157407407407408 0.3932291666666667 0.06851851851851852 0.034375
5 0.8157407407407408 0.45625 0.06111111111111111 0.03333333333333333
5 0.812962962962963 0.51875 0.06666666666666667 0.035416666666666666
5 0.8175925925925925 0.5833333333333334 0.06111111111111111 0.035416666666666666
5 0.8185185185185185 0.6458333333333334 0.06666666666666667 0.03333333333333333
5 0.8175925925925925 0.7088541666666667 0.06481481481481481 0.03229166666666667
5 0.8157407407407408 0.7734375 0.06851851851851852 0.03854166666666667
5 0.8166666666666667 0.8354166666666667 0.06666666666666667 0.035416666666666666
5 0.8157407407407408 0.8994791666666667 0.06481481481481481 0.034375
7 0.2962962962962963 0.0734375 0.15925925925925927 0.026041666666666668
7 0.17685185185185184 0.140625 0.07592592592592592 0.025
7 0.22962962962962963 0.2046875 0.18518518518518517 0.03229166666666667
7 0.22592592592592592 0.2677083333333333 0.18888888888888888 0.029166666666666667
7 0.17314814814814813 0.3307291666666667 0.07222222222222222 0.028125
7 0.22870370370370371 0.39427083333333335 0.19074074074074074 0.030208333333333334
7 0.2518518518518518 0.4578125 0.23333333333333334 0.03229166666666667
7 0.22685185185185186 0.5208333333333334 0.18703703703703703 0.03333333333333333
7 0.25092592592592594 0.5838541666666667 0.22777777777777777 0.028125
7 0.25 0.6473958333333333 0.23333333333333334 0.026041666666666668
7 0.2518518518518518 0.709375 0.23333333333333334 0.03125
7 0.23055555555555557 0.7744791666666667 0.19074074074074074 0.028125
7 0.22777777777777777 0.8385416666666666 0.18888888888888888 0.03125
7 0.25092592592592594 0.9010416666666666 0.2351851851851852 0.03333333333333333
2 0.17037037037037037 0.07135416666666666 0.06666666666666667 0.040625
2 0.8240740740740741 0.07083333333333333 0.07777777777777778 0.04375