6 0.8712962962962963 0.06666666666666667 0.25 0.04375
0 0.8777777777777778 0.140625 0.05925925925925926 0.029166666666666667
0 0.8805555555555555 0.32083333333333336 0.05740740740740741 0.03333333333333333
0 0.8768518518518519 0.5927083333333333 0.05740740740740741 0.029166666666666667
2 0.013888888888888888 0.06510416666666667 0.024074074074074074 0.030208333333333334
2 0.06759259259259259 0.06458333333333334 0.08333333333333333 0.04791666666666667
7 0.35185185185185186 0.06770833333333333 0.4777777777777778 0.029166666666666667
7 0.2462962962962963 0.14427083333333332 0.3888888888888889 0.053125
7 0.25 0.22916666666666666 0.3925925925925926 0.058333333333333334
7 0.38055555555555554 0.3234375 0.6574074074074074 0.078125
7 0.23703703703703705 0.4203125 0.37777777777777777 0.059375
7 0.21203703703703702 0.5046875 0.3277777777777778 0.057291666666666664
7 0.23148148148148148 0.5942708333333333 0.36666666666666664 0.057291666666666664
7 0.26481481481481484 0.6817708333333333 0.42962962962962964 0.05520833333333333
7 0.3648148148148148 0.7703125 0.6296296296296297 0.059375
7 0.20555555555555555 0.8578125 0.3111111111111111 0.053125
7 0.22870370370370371 0.9260416666666667 0.3574074074074074 0.016666666666666666