2 0.10092592592592593 0.15520833333333334 0.17962962962962964 0.09791666666666667
7 0.24351851851851852 0.1296875 0.06481481481481481 0.021875
7 0.32407407407407407 0.15729166666666666 0.2222222222222222 0.022916666666666665
7 0.2601851851851852 0.1875 0.09444444444444444 0.025
7 0.9268518518518518 0.13072916666666667 0.07962962962962963 0.015625
7 0.9259259259259259 0.165625 0.08148148148148149 0.03125
2 0.06759259259259259 0.06354166666666666 0.07592592592592592 0.041666666666666664
7 0.20833333333333334 0.06875 0.18333333333333332 0.027083333333333334
2 0.9324074074074075 0.06510416666666667 0.06851851851851852 0.036458333333333336
2 0.7962962962962963 0.06510416666666667 0.06296296296296296 0.034375
2 0.16574074074074074 0.8880208333333334 0.06111111111111111 0.026041666666666668
2 0.49722222222222223 0.8854166666666666 0.05 0.029166666666666667
2 0.8287037037037037 0.8875 0.06481481481481481 0.025
7 0.16296296296296298 0.9166666666666666 0.07407407407407407 0.01875
7 0.4981481481481482 0.915625 0.10740740740740741 0.01875
7 0.8324074074074074 0.9171875 0.07592592592592592 0.021875