2 0.06805555555555555 0.0703125 0.06574074074074074 0.027083333333333334
7 0.21064814814814814 0.0703125 0.13055555555555556 0.036458333333333336
2 0.9324074074074075 0.07005208333333333 0.07222222222222222 0.04739583333333333
7 0.2884259259259259 0.14270833333333333 0.23796296296296296 0.03125
7 0.4351851851851852 0.17734375 0.5296296296296297 0.024479166666666666
2 0.95 0.17838541666666666 0.024074074074074074 0.0234375
7 0.2916666666666667 0.26171875 0.2518518518518518 0.03177083333333333
7 0.4925925925925926 0.3046875 0.6407407407407407 0.05520833333333333
2 0.95 0.2955729166666667 0.024074074074074074 0.0234375
7 0.27314814814814814 0.37734375 0.21481481481481482 0.028645833333333332
7 0.4861111111111111 0.41041666666666665 0.6351851851851852 0.027083333333333334
2 0.95 0.4127604166666667 0.024074074074074074 0.0234375
7 0.4861111111111111 0.5286458333333334 0.6314814814814815 0.025
2 0.95 0.5299479166666666 0.024074074074074074 0.0234375
7 0.5393518518518519 0.646875 0.7342592592592593 0.027083333333333334
2 0.95 0.6471354166666666 0.024074074074074074 0.0234375
2 0.09259259259259259 0.18385416666666668 0.09444444444444444 0.051041666666666666
2 0.09074074074074075 0.30130208333333336 0.09814814814814815 0.07552083333333333
2 0.09212962962962963 0.41744791666666664 0.08981481481481482 0.049479166666666664
2 0.09351851851851851 0.53515625 0.0962962962962963 0.0484375
2 0.09027777777777778 0.6510416666666666 0.09537037037037037 0.06354166666666666
7 0.32083333333333336 0.6138020833333333 0.30277777777777776 0.0296875
7 0.2898148148148148 0.49661458333333336 0.24259259259259258 0.027604166666666666