7 0.37222222222222223 0.0734375 0.4740740740740741 0.042708333333333334
2 0.06805555555555555 0.07161458333333333 0.06574074074074074 0.030729166666666665
7 0.16527777777777777 0.14557291666666666 0.18796296296296297 0.025520833333333333
7 0.1814814814814815 0.19479166666666667 0.20925925925925926 0.030208333333333334
7 0.22824074074074074 0.22265625 0.30277777777777776 0.025520833333333333
7 0.1111111111111111 0.2955729166666667 0.06851851851851852 0.0296875
7 0.20462962962962963 0.32317708333333334 0.25555555555555554 0.025520833333333333
7 0.16574074074074074 0.3963541666666667 0.17777777777777778 0.029166666666666667
7 0.30324074074074076 0.4239583333333333 0.4527777777777778 0.026041666666666668
7 0.16944444444444445 0.49713541666666666 0.18518518518518517 0.0296875
7 0.31527777777777777 0.525 0.47685185185185186 0.026041666666666668
7 0.16111111111111112 0.5979166666666667 0.1685185185185185 0.030208333333333334
7 0.3449074074074074 0.62578125 0.5361111111111111 0.025520833333333333
7 0.1527777777777778 0.6986979166666667 0.15185185185185185 0.0296875
7 0.2388888888888889 0.7263020833333333 0.32407407407407407 0.025520833333333333
0 0.8805555555555555 0.7111979166666667 0.05740740740740741 0.0359375
7 0.24722222222222223 0.7994791666666666 0.34074074074074073 0.029166666666666667
7 0.24074074074074073 0.8270833333333333 0.3277777777777778 0.026041666666666668
7 0.2847222222222222 0.9002604166666667 0.41574074074074074 0.0296875
7 0.25462962962962965 0.9244791666666666 0.35555555555555557 0.01875
2 0.8319444444444445 0.8411458333333334 0.14351851851851852 0.08125