7 0.23657407407407408 0.07369791666666667 0.18796296296296297 0.033854166666666664
2 0.06481481481481481 0.06875 0.05740740740740741 0.03333333333333333
7 0.23333333333333334 0.16588541666666667 0.3907407407407407 0.0296875
7 0.09259259259259259 0.19375 0.10925925925925926 0.026041666666666668
7 0.1361111111111111 0.26666666666666666 0.1962962962962963 0.030208333333333334
7 0.06944444444444445 0.29453125 0.06296296296296296 0.025520833333333333
7 0.2361111111111111 0.36744791666666665 0.3962962962962963 0.0296875
7 0.11296296296296296 0.39505208333333336 0.15 0.025520833333333333
7 0.22592592592592592 0.46822916666666664 0.37592592592592594 0.029166666666666667
7 0.13518518518518519 0.49583333333333335 0.19444444444444445 0.026041666666666668
7 0.2518518518518518 0.5690104166666666 0.42777777777777776 0.0296875
7 0.12731481481481483 0.596875 0.1787037037037037 0.026041666666666668
7 0.21388888888888888 0.6697916666666667 0.35185185185185186 0.030208333333333334
7 0.12731481481481483 0.69765625 0.1787037037037037 0.025520833333333333
7 0.2462962962962963 0.7705729166666667 0.4166666666666667 0.0296875
7 0.2916666666666667 0.7981770833333334 0.5074074074074074 0.025520833333333333
0 0.9217592592592593 0.7830729166666667 0.0712962962962963 0.03802083333333333
7 0.2 0.8713541666666667 0.32407407407407407 0.029166666666666667
7 0.21666666666666667 0.8989583333333333 0.3574074074074074 0.026041666666666668