3 0.30462962962962964 0.2635416666666667 0.24259259259259258 0.13645833333333332
7 0.3050925925925926 0.35390625 0.1824074074074074 0.0296875
3 0.6935185185185185 0.2635416666666667 0.24259259259259258 0.13645833333333332
7 0.6949074074074074 0.3533854166666667 0.1287037037037037 0.030729166666666665
3 0.30462962962962964 0.45703125 0.24259259259259258 0.13697916666666668
7 0.3050925925925926 0.5481770833333334 0.21574074074074073 0.030729166666666665
3 0.6935185185185185 0.45703125 0.24259259259259258 0.13697916666666668
7 0.6949074074074074 0.5450520833333333 0.09537037037037037 0.025520833333333333
3 0.30462962962962964 0.6502604166666667 0.24259259259259258 0.13697916666666668
7 0.30416666666666664 0.74296875 0.08796296296296297 0.03177083333333333
3 0.6935185185185185 0.6502604166666667 0.24259259259259258 0.13697916666666668
7 0.6925925925925925 0.7393229166666667 0.1574074074074074 0.0265625
7 0.27685185185185185 0.075 0.26296296296296295 0.036458333333333336
2 0.06620370370370371 0.07109375 0.05462962962962963 0.034895833333333334
2 0.8236111111111111 0.07109375 0.07685185185185185 0.0484375
2 0.9398148148148148 0.07057291666666667 0.07962962962962963 0.0359375
2 0.08055555555555556 0.14166666666666666 0.07777777777777778 0.04375
7 0.19444444444444445 0.14270833333333333 0.1537037037037037 0.021875
2 0.3925925925925926 0.14166666666666666 0.07777777777777778 0.04375
7 0.5078703703703704 0.1421875 0.16203703703703703 0.023958333333333335
2 0.700925925925926 0.14166666666666666 0.07777777777777778 0.04375
7 0.8217592592592593 0.14296875 0.16574074074074074 0.0234375