3 0.5189814814814815 0.15703125 0.18425925925925926 0.10052083333333334
7 0.4981481481481482 0.24322916666666666 0.2740740740740741 0.028125
7 0.49537037037037035 0.26901041666666664 0.12962962962962962 0.021354166666666667
7 0.49583333333333335 0.325 0.23055555555555557 0.021875
7 0.5013888888888889 0.9026041666666667 0.3990740740740741 0.022916666666666665
2 0.12962962962962962 0.38125 0.08333333333333333 0.04791666666666667
2 0.2791666666666667 0.38203125 0.0824074074074074 0.049479166666666664
2 0.42314814814814816 0.3802083333333333 0.09259259259259259 0.051041666666666666
2 0.5736111111111111 0.3809895833333333 0.09166666666666666 0.0515625
2 0.7185185185185186 0.38177083333333334 0.08703703703703704 0.051041666666666666
2 0.8685185185185185 0.38177083333333334 0.08703703703703704 0.04791666666666667
7 0.4981481481481482 0.4578125 0.28888888888888886 0.019791666666666666
8 0.5023518518518518 0.4586614583333333 0.3224537037037037 0.055338541666666664