2 0.9314814814814815 0.06875 0.07222222222222222 0.04791666666666667
2 0.013888888888888888 0.06875 0.016666666666666666 0.03333333333333333
7 0.3365740740740741 0.115625 0.5194444444444445 0.013541666666666667
7 0.23796296296296296 0.17916666666666667 0.337037037037037 0.027083333333333334
7 0.19768518518518519 0.23203125 0.24166666666666667 0.0296875
0 0.8842592592592593 0.23255208333333333 0.06666666666666667 0.0359375
7 0.15601851851851853 0.30703125 0.15833333333333333 0.0296875
0 0.8837962962962963 0.30703125 0.06574074074074074 0.033854166666666664
7 0.15092592592592594 0.38203125 0.14814814814814814 0.0296875
0 0.8819444444444444 0.3809895833333333 0.06388888888888888 0.03697916666666667
7 0.11666666666666667 0.45703125 0.07962962962962963 0.0296875
0 0.8856481481481482 0.4546875 0.06388888888888888 0.036458333333333336
7 0.1763888888888889 0.53203125 0.19907407407407407 0.0296875
0 0.8851851851851852 0.5317708333333333 0.06111111111111111 0.0375
7 0.14722222222222223 0.60703125 0.14074074074074075 0.0296875
0 0.8819444444444444 0.6057291666666667 0.062037037037037036 0.034375
7 0.20879629629629629 0.68203125 0.2638888888888889 0.0296875
0 0.8828703703703704 0.6822916666666666 0.06759259259259259 0.035416666666666666
7 0.21388888888888888 0.7552083333333334 0.28888888888888886 0.028125
7 0.19768518518518519 0.8059895833333334 0.24166666666666667 0.0296875
7 0.3282407407407407 0.8338541666666667 0.5027777777777778 0.026041666666666668
7 0.15601851851851853 0.90703125 0.15833333333333333 0.0296875
2 0.06805555555555555 0.07057291666666667 0.09166666666666666 0.05260416666666667