7 0.2722222222222222 0.07213541666666666 0.26296296296296295 0.03177083333333333
2 0.06712962962962964 0.07083333333333333 0.07314814814814814 0.028125
7 0.075 0.13072916666666667 0.07407407407407407 0.029166666666666667
7 0.2675925925925926 0.15833333333333333 0.45925925925925926 0.026041666666666668
7 0.14351851851851852 0.23229166666666667 0.21666666666666667 0.026041666666666668
7 0.16944444444444445 0.30104166666666665 0.26296296296296295 0.030208333333333334
7 0.1425925925925926 0.32890625 0.20925925925925926 0.025520833333333333
7 0.14074074074074075 0.40182291666666664 0.20555555555555555 0.0296875
7 0.17962962962962964 0.42942708333333335 0.2833333333333333 0.025520833333333333
7 0.1625 0.5026041666666666 0.2490740740740741 0.029166666666666667
7 0.2796296296296296 0.5302083333333333 0.48333333333333334 0.026041666666666668
7 0.13796296296296295 0.6036458333333333 0.2 0.027083333333333334
7 0.15324074074074073 0.6729166666666667 0.23055555555555557 0.030208333333333334
7 0.2037037037037037 0.70078125 0.3314814814814815 0.025520833333333333
7 0.08981481481481482 0.7736979166666667 0.1037037037037037 0.0296875
7 0.10555555555555556 0.8013020833333333 0.13518518518518519 0.025520833333333333
7 0.14583333333333334 0.8744791666666667 0.21574074074074073 0.029166666666666667
7 0.29259259259259257 0.9020833333333333 0.5092592592592593 0.026041666666666668