2 0.05648148148148148 0.06145833333333333 0.06296296296296296 0.046875
2 0.1685185185185185 0.0625 0.09814814814814815 0.04375
2 0.8347222222222223 0.06328125 0.11018518518518519 0.06197916666666667
2 0.9444444444444444 0.06276041666666667 0.10925925925925926 0.06197916666666667
7 0.06851851851851852 0.11145833333333334 0.13703703703703704 0.020833333333333332
7 0.19583333333333333 0.15911458333333334 0.3194444444444444 0.04010416666666667
7 0.29583333333333334 0.19192708333333333 0.5194444444444445 0.025520833333333333
7 0.0824074074074074 0.23255208333333333 0.14444444444444443 0.024479166666666666
7 0.325 0.28151041666666665 0.5777777777777777 0.04010416666666667
7 0.46574074074074073 0.3145833333333333 0.8592592592592593 0.026041666666666668
7 0.14305555555555555 0.37005208333333334 0.21388888888888888 0.04010416666666667
7 0.18518518518518517 0.403125 0.29814814814814816 0.026041666666666668
7 0.09861111111111111 0.44244791666666666 0.175 0.022395833333333334
7 0.2111111111111111 0.49270833333333336 0.35 0.040625
7 0.42592592592592593 0.52578125 0.7796296296296297 0.025520833333333333
0 0.9287037037037037 0.5057291666666667 0.09259259259259259 0.065625
7 0.25833333333333336 0.5809895833333333 0.4444444444444444 0.04010416666666667
7 0.3472222222222222 0.6138020833333333 0.6222222222222222 0.025520833333333333
7 0.24444444444444444 0.6690104166666667 0.4166666666666667 0.04010416666666667
7 0.32592592592592595 0.7020833333333333 0.5796296296296296 0.026041666666666668
7 0.2884259259259259 0.7575520833333333 0.5046296296296297 0.04010416666666667
7 0.4546296296296296 0.790625 0.837037037037037 0.026041666666666668
7 0.21944444444444444 0.8434895833333333 0.36666666666666664 0.04010416666666667
7 0.45185185185185184 0.8875 0.8314814814814815 0.04791666666666667
0 0.9287037037037037 0.8677083333333333 0.09259259259259259 0.065625