2 0.12407407407407407 0.05807291666666667 0.07592592592592592 0.0421875
2 0.37453703703703706 0.059375 0.07685185185185185 0.042708333333333334
2 0.6287037037037037 0.05963541666666667 0.08518518518518518 0.0421875
2 0.8736111111111111 0.05859375 0.0824074074074074 0.044270833333333336
7 0.1310185185185185 0.11432291666666666 0.262037037037037 0.0296875
7 0.4134259259259259 0.11432291666666666 0.18796296296296297 0.0296875
7 0.6685185185185185 0.11458333333333333 0.20925925925925926 0.023958333333333335
7 0.8986111111111111 0.11692708333333333 0.14907407407407408 0.0265625
3 0.17685185185185184 0.24166666666666667 0.3074074074074074 0.17291666666666666
7 0.07592592592592592 0.3421875 0.07962962962962963 0.019791666666666666
7 0.12407407407407407 0.36692708333333335 0.17592592592592593 0.019270833333333334
3 0.4986111111111111 0.24166666666666667 0.30648148148148147 0.17291666666666666
7 0.4842592592592593 0.3421875 0.2537037037037037 0.019791666666666666
7 0.45694444444444443 0.36770833333333336 0.19907407407407407 0.017708333333333333
3 0.8199074074074074 0.24166666666666667 0.30648148148148147 0.17291666666666666
7 0.7935185185185185 0.3536458333333333 0.22962962962962963 0.042708333333333334
7 0.7787037037037037 0.390625 0.2 0.017708333333333333
3 0.17685185185185184 0.5166666666666667 0.3074074074074074 0.17291666666666666
7 0.1449074074074074 0.6174479166666667 0.2175925925925926 0.0203125
7 0.10185185185185185 0.6421875 0.13148148148148148 0.019791666666666666
3 0.4986111111111111 0.5166666666666667 0.30648148148148147 0.17291666666666666
7 0.4185185185185185 0.6174479166666667 0.12222222222222222 0.0203125
7 0.4532407407407407 0.6419270833333334 0.19166666666666668 0.019270833333333334
3 0.8199074074074074 0.5166666666666667 0.30648148148148147 0.17291666666666666
7 0.775 0.6278645833333333 0.1925925925925926 0.04114583333333333
7 0.7777777777777778 0.6640625 0.19814814814814816 0.01875
3 0.17685185185185184 0.7916666666666666 0.3074074074074074 0.17291666666666666
7 0.1310185185185185 0.90234375 0.18981481481481483 0.04010416666666667
3 0.4986111111111111 0.7916666666666666 0.30648148148148147 0.17291666666666666
7 0.4777777777777778 0.9015625 0.24074074074074073 0.03854166666666667
3 0.8199074074074074 0.7916666666666666 0.30648148148148147 0.17291666666666666
7 0.8138888888888889 0.9013020833333333 0.27037037037037037 0.03802083333333333