7 0.12777777777777777 0.0703125 0.17962962962962964 0.036458333333333336
2 0.9328703703703703 0.07135416666666666 0.06574074074074074 0.035416666666666666
7 0.09675925925925925 0.14375 0.1287037037037037 0.030208333333333334
2 0.09074074074074075 0.20885416666666667 0.09074074074074075 0.051041666666666666
7 0.2587962962962963 0.19479166666666667 0.1675925925925926 0.030208333333333334
7 0.36064814814814816 0.22265625 0.3712962962962963 0.025520833333333333
0 0.9226851851851852 0.20729166666666668 0.062037037037037036 0.034375
7 0.09490740740740741 0.29296875 0.13240740740740742 0.027604166666666666
2 0.08333333333333333 0.3453125 0.08703703703703704 0.05
7 0.26944444444444443 0.3463541666666667 0.18888888888888888 0.029166666666666667
2 0.08657407407407407 0.42473958333333334 0.08981481481481482 0.049479166666666664
7 0.30694444444444446 0.4244791666666667 0.2638888888888889 0.029166666666666667
2 0.0875 0.5028645833333333 0.09166666666666666 0.0484375
7 0.2101851851851852 0.5026041666666666 0.07037037037037037 0.029166666666666667
7 0.10462962962962963 0.5770833333333333 0.13703703703703704 0.027083333333333334
2 0.08796296296296297 0.63046875 0.08888888888888889 0.0484375
7 0.23055555555555557 0.6299479166666667 0.1111111111111111 0.0296875
2 0.09027777777777778 0.7104166666666667 0.08796296296296297 0.05
7 0.24212962962962964 0.7080729166666667 0.13425925925925927 0.0296875
7 0.13287037037037036 0.7809895833333333 0.20833333333333334 0.0265625
2 0.08611111111111111 0.8356770833333333 0.08148148148148149 0.04635416666666667
7 0.3384259259259259 0.8354166666666667 0.32685185185185184 0.030208333333333334
0 0.9222222222222223 0.8346354166666666 0.05925925925925926 0.0328125
2 0.08796296296296297 0.9104166666666667 0.08703703703703704 0.04583333333333333
7 0.3337962962962963 0.9135416666666667 0.3175925925925926 0.030208333333333334
0 0.9212962962962963 0.9122395833333333 0.06111111111111111 0.033854166666666664