7 0.2050925925925926 0.0703125 0.33425925925925926 0.036458333333333336
7 0.8916666666666667 0.07161458333333333 0.1259259259259259 0.03177083333333333
2 0.08425925925925926 0.15026041666666667 0.12222222222222222 0.06822916666666666
7 0.34074074074074073 0.15 0.3425925925925926 0.03333333333333333
2 0.5504629629629629 0.14973958333333334 0.028703703703703703 0.016145833333333335
2 0.9157407407407407 0.15 0.06851851851851852 0.03854166666666667
2 0.08425925925925926 0.23932291666666666 0.12222222222222222 0.06822916666666666
7 0.3939814814814815 0.23958333333333334 0.44907407407407407 0.03333333333333333
2 0.08425925925925926 0.3221354166666667 0.12222222222222222 0.06822916666666666
7 0.3101851851851852 0.321875 0.2814814814814815 0.03333333333333333
2 0.08425925925925926 0.4044270833333333 0.12222222222222222 0.06822916666666666
7 0.33564814814814814 0.4044270833333333 0.33240740740740743 0.0328125
2 0.08425925925925926 0.48671875 0.12222222222222222 0.06822916666666666
7 0.32222222222222224 0.4869791666666667 0.3055555555555556 0.03333333333333333
2 0.08425925925925926 0.5692708333333333 0.12222222222222222 0.06875
7 0.30416666666666664 0.5692708333333333 0.26944444444444443 0.03333333333333333
2 0.08425925925925926 0.6515625 0.12222222222222222 0.06875
7 0.35138888888888886 0.6515625 0.3638888888888889 0.03333333333333333
2 0.08425925925925926 0.7341145833333333 0.12222222222222222 0.06822916666666666
7 0.32037037037037036 0.7338541666666667 0.30185185185185187 0.03333333333333333
2 0.08425925925925926 0.81640625 0.12222222222222222 0.06822916666666666
7 0.33935185185185185 0.81640625 0.3398148148148148 0.0328125
2 0.08425925925925926 0.8986979166666667 0.12222222222222222 0.06822916666666666
7 0.3 0.8989583333333333 0.2611111111111111 0.03333333333333333