7 0.49907407407407406 0.07083333333333333 0.30185185185185187 0.03333333333333333
7 0.4986111111111111 0.10234375 0.2490740740740741 0.0296875
7 0.42407407407407405 0.18984375 0.7277777777777777 0.0296875
5 0.12083333333333333 0.23255208333333333 0.05648148148148148 0.0328125
5 0.12268518518518519 0.27786458333333336 0.05277777777777778 0.034895833333333334
5 0.12361111111111112 0.32109375 0.05462962962962963 0.0328125
5 0.12314814814814815 0.36380208333333336 0.05740740740740741 0.03177083333333333
7 0.2199074074074074 0.23255208333333333 0.1175925925925926 0.024479166666666666
7 0.21481481481481482 0.27838541666666666 0.10740740740740741 0.025520833333333333
7 0.2101851851851852 0.32109375 0.1037037037037037 0.025520833333333333
7 0.2162037037037037 0.365625 0.11388888888888889 0.026041666666666668
7 0.25601851851851853 0.890625 0.23055555555555557 0.026041666666666668
7 0.7435185185185185 0.89140625 0.0962962962962963 0.0296875
8 0.25469444444444445 0.890953125 0.45212962962962966 0.060546875
8 0.7471111111111111 0.89290625 0.47399074074074077 0.051432291666666664