7 0.21851851851851853 0.0703125 0.14629629629629629 0.036458333333333336
2 0.07083333333333333 0.07005208333333333 0.06388888888888888 0.0328125
2 0.825925925925926 0.0703125 0.06666666666666667 0.03333333333333333
2 0.9439814814814815 0.07083333333333333 0.07685185185185185 0.03333333333333333
2 0.08425925925925926 0.15026041666666667 0.12222222222222222 0.06822916666666666
7 0.34074074074074073 0.15 0.3425925925925926 0.03333333333333333
2 0.5504629629629629 0.14973958333333334 0.028703703703703703 0.016145833333333335
2 0.08425925925925926 0.23411458333333332 0.12222222222222222 0.06822916666666666
7 0.3939814814814815 0.23385416666666667 0.44907407407407407 0.03333333333333333
2 0.08425925925925926 0.31796875 0.12222222222222222 0.06822916666666666
7 0.3101851851851852 0.3182291666666667 0.2814814814814815 0.03333333333333333
2 0.08425925925925926 0.40182291666666664 0.12222222222222222 0.06822916666666666
7 0.33564814814814814 0.40208333333333335 0.33240740740740743 0.03333333333333333
2 0.08425925925925926 0.4859375 0.12222222222222222 0.06875
7 0.32222222222222224 0.4859375 0.3055555555555556 0.03333333333333333
2 0.08425925925925926 0.5700520833333333 0.12222222222222222 0.06822916666666666
7 0.30416666666666664 0.5700520833333333 0.26944444444444443 0.0328125
2 0.08425925925925926 0.65390625 0.12222222222222222 0.06822916666666666
7 0.35138888888888886 0.65390625 0.3638888888888889 0.0328125
2 0.08425925925925926 0.7380208333333333 0.12222222222222222 0.06875
7 0.32037037037037036 0.7380208333333333 0.30185185185185187 0.03333333333333333
2 0.08425925925925926 0.8221354166666667 0.12222222222222222 0.06822916666666666
7 0.33935185185185185 0.821875 0.3398148148148148 0.03333333333333333
2 0.08425925925925926 0.9028645833333333 0.12222222222222222 0.06197916666666667
7 0.3 0.9057291666666667 0.2611111111111111 0.03333333333333333