7 0.09953703703703703 0.14817708333333332 0.12685185185185185 0.0265625
6 0.9037037037037037 0.14765625 0.11666666666666667 0.0359375
7 0.10138888888888889 0.2 0.13055555555555556 0.028125
6 0.9050925925925926 0.2 0.11388888888888889 0.03854166666666667
7 0.12638888888888888 0.25078125 0.18055555555555555 0.0265625
6 0.9050925925925926 0.25 0.11388888888888889 0.036458333333333336
7 0.10972222222222222 0.30130208333333336 0.14722222222222223 0.025520833333333333
6 0.9055555555555556 0.30078125 0.11296296296296296 0.0359375
7 0.08564814814814815 0.3546875 0.09907407407407408 0.030208333333333334
6 0.9064814814814814 0.3541666666666667 0.1111111111111111 0.03958333333333333
7 0.10555555555555556 0.4046875 0.1388888888888889 0.027083333333333334
6 0.9050925925925926 0.403125 0.11388888888888889 0.035416666666666666
7 0.09444444444444444 0.4557291666666667 0.11666666666666667 0.027083333333333334
6 0.9037037037037037 0.4552083333333333 0.11666666666666667 0.0375
7 0.2814814814814815 0.07109375 0.28888888888888886 0.030729166666666665
2 0.06712962962962964 0.07109375 0.05092592592592592 0.030729166666666665
2 0.9324074074074075 0.0703125 0.08518518518518518 0.04375
7 0.49953703703703706 0.90078125 0.09537037037037037 0.022395833333333334
8 0.5015833333333334 0.8994166666666668 0.9968333333333332 0.064453125