7 0.04861111111111111 0.13151041666666666 0.09722222222222222 0.025520833333333333
7 0.49953703703703706 0.13151041666666666 0.2601851851851852 0.025520833333333333
7 0.49953703703703706 0.19817708333333334 0.2638888888888889 0.025520833333333333
5 0.3453703703703704 0.8091145833333333 0.040740740740740744 0.0265625
7 0.21157407407407408 0.07291666666666667 0.35462962962962963 0.03125
2 0.825925925925926 0.06953125 0.07962962962962963 0.04739583333333333
2 0.9412037037037037 0.07161458333333333 0.07685185185185185 0.0421875
7 0.5203703703703704 0.81015625 0.2722222222222222 0.022395833333333334
7 0.3736111111111111 0.87890625 0.35462962962962963 0.0203125
7 0.7125 0.87890625 0.1787037037037037 0.022395833333333334
8 0.3727314814814815 0.8759791666666668 0.38728703703703704 0.06705729166666667
8 0.7124074074074074 0.879234375 0.2194074074074074 0.068359375