7 0.2337962962962963 0.07604166666666666 0.18796296296296297 0.034375
2 0.06759259259259259 0.06927083333333334 0.04814814814814815 0.03333333333333333
7 0.15462962962962962 0.14713541666666666 0.23333333333333334 0.0296875
0 0.9217592592592593 0.14635416666666667 0.05648148148148148 0.03333333333333333
7 0.18703703703703703 0.22057291666666667 0.3074074074074074 0.025520833333333333
7 0.09953703703703703 0.2916666666666667 0.12314814814814815 0.030208333333333334
7 0.29398148148148145 0.31953125 0.5120370370370371 0.025520833333333333
0 0.9217592592592593 0.30442708333333335 0.05277777777777778 0.030729166666666665
7 0.08055555555555556 0.3924479166666667 0.08518518518518518 0.0296875
7 0.4185185185185185 0.4200520833333333 0.7611111111111111 0.025520833333333333
7 0.1175925925925926 0.4934895833333333 0.1648148148148148 0.0265625
7 0.23564814814814813 0.5627604166666667 0.39537037037037037 0.0296875
7 0.20185185185185187 0.590625 0.3277777777777778 0.026041666666666668
7 0.09953703703703703 0.6635416666666667 0.12314814814814815 0.030208333333333334
7 0.24351851851851852 0.69140625 0.4111111111111111 0.025520833333333333
0 0.9199074074074074 0.6755208333333333 0.05277777777777778 0.030208333333333334
7 0.08055555555555556 0.7643229166666666 0.08518518518518518 0.0296875
7 0.34629629629629627 0.7919270833333333 0.6166666666666667 0.025520833333333333