5 0.06759259259259259 0.14114583333333333 0.05740740740740741 0.034375
5 0.06574074074074074 0.20416666666666666 0.05740740740740741 0.03125
5 0.06574074074074074 0.26666666666666666 0.06111111111111111 0.03125
5 0.06481481481481481 0.32864583333333336 0.05925925925925926 0.03229166666666667
5 0.06666666666666667 0.39114583333333336 0.05925925925925926 0.034375
5 0.06759259259259259 0.45416666666666666 0.06111111111111111 0.03125
5 0.06759259259259259 0.5166666666666667 0.05740740740740741 0.03125
5 0.06759259259259259 0.5791666666666667 0.06111111111111111 0.03125
5 0.06759259259259259 0.6416666666666667 0.05740740740740741 0.03333333333333333
5 0.06759259259259259 0.7041666666666667 0.05740740740740741 0.03333333333333333
5 0.06666666666666667 0.7666666666666667 0.05925925925925926 0.03125
5 0.06666666666666667 0.8286458333333333 0.05925925925925926 0.034375
7 0.2324074074074074 0.07552083333333333 0.39814814814814814 0.034375
7 0.2074074074074074 0.14375 0.12962962962962962 0.025
7 0.18518518518518517 0.20520833333333333 0.08888888888888889 0.029166666666666667
7 0.2101851851851852 0.33177083333333335 0.14629629629629629 0.028125
7 0.21944444444444444 0.3932291666666667 0.1574074074074074 0.026041666666666668
7 0.30092592592592593 0.45625 0.31666666666666665 0.022916666666666665
7 0.21574074074074073 0.51875 0.14629629629629629 0.022916666666666665
7 0.18333333333333332 0.5786458333333333 0.08148148148148149 0.026041666666666668
7 0.25092592592592594 0.64375 0.23148148148148148 0.025
7 0.1962962962962963 0.7078125 0.11481481481481481 0.030208333333333334
7 0.20185185185185187 0.7666666666666667 0.12222222222222222 0.03125
7 0.1962962962962963 0.8307291666666666 0.11481481481481481 0.023958333333333335
7 0.4925925925925926 0.9010416666666666 0.27037037037037037 0.03333333333333333
2 0.9314814814814815 0.07083333333333333 0.07037037037037037 0.03958333333333333