6 0.9115740740740741 0.15546875 0.09351851851851851 0.033854166666666664
7 0.18796296296296297 0.14348958333333334 0.3 0.027604166666666666
7 0.4199074074074074 0.16953125 0.7731481481481481 0.024479166666666666
7 0.15 0.2375 0.22407407407407406 0.027083333333333334
7 0.20185185185185187 0.26328125 0.3388888888888889 0.021354166666666667
7 0.2013888888888889 0.33229166666666665 0.32685185185185184 0.025
7 0.4546296296296296 0.35572916666666665 0.8333333333333334 0.023958333333333335
7 0.21435185185185185 0.42578125 0.3527777777777778 0.025520833333333333
7 0.32083333333333336 0.45234375 0.5694444444444444 0.021354166666666667
7 0.2898148148148148 0.521875 0.5203703703703704 0.029166666666666667
7 0.2689814814814815 0.07213541666666666 0.19907407407407407 0.0359375
2 0.06666666666666667 0.07213541666666666 0.05555555555555555 0.03697916666666667
2 0.9342592592592592 0.5231770833333333 0.06111111111111111 0.03802083333333333