7 0.2439814814814815 0.14140625 0.3731481481481482 0.0328125
7 0.2310185185185185 0.2296875 0.3472222222222222 0.03333333333333333
7 0.21898148148148147 0.29713541666666665 0.33055555555555555 0.027604166666666666
7 0.19907407407407407 0.3625 0.2833333333333333 0.03333333333333333
7 0.3050925925925926 0.43203125 0.49537037037037035 0.0328125
7 0.4287037037037037 0.48385416666666664 0.7425925925925926 0.07083333333333333
0 0.875 0.46848958333333335 0.05555555555555555 0.03802083333333333
7 0.2587962962962963 0.5588541666666667 0.4027777777777778 0.03333333333333333
7 0.38287037037037036 0.58828125 0.6509259259259259 0.025520833333333333
7 0.26064814814814813 0.646875 0.4064814814814815 0.03333333333333333
7 0.40694444444444444 0.6763020833333333 0.6990740740740741 0.025520833333333333
7 0.12685185185185185 0.73515625 0.1388888888888889 0.0328125
7 0.39351851851851855 0.7645833333333333 0.6722222222222223 0.026041666666666668
2 0.01898148148148148 0.06510416666666667 0.03796296296296296 0.021875
2 0.06759259259259259 0.06510416666666667 0.07777777777777778 0.04375
7 0.19583333333333333 0.06510416666666667 0.15833333333333333 0.03333333333333333