2 0.0699074074074074 0.12708333333333333 0.06759259259259259 0.03854166666666667
7 0.26296296296296295 0.13098958333333333 0.19074074074074074 0.030729166666666665
7 0.05555555555555555 0.18072916666666666 0.07777777777777778 0.026041666666666668
2 0.0699074074074074 0.23515625 0.06759259259259259 0.03802083333333333
7 0.36342592592592593 0.23619791666666667 0.39166666666666666 0.03177083333333333
6 0.9171296296296296 0.23515625 0.08981481481481482 0.0296875
2 0.0699074074074074 0.30494791666666665 0.06759259259259259 0.03802083333333333
7 0.36064814814814816 0.3065104166666667 0.38425925925925924 0.03177083333333333
6 0.9171296296296296 0.30494791666666665 0.08981481481481482 0.0296875
2 0.0699074074074074 0.375 0.06759259259259259 0.03854166666666667
7 0.3435185185185185 0.3776041666666667 0.3592592592592593 0.035416666666666666
6 0.9171296296296296 0.37473958333333335 0.08981481481481482 0.0296875
2 0.0699074074074074 0.44479166666666664 0.06759259259259259 0.03854166666666667
7 0.26851851851851855 0.4466145833333333 0.21296296296296297 0.0296875
6 0.9171296296296296 0.44479166666666664 0.08981481481481482 0.030208333333333334
2 0.0699074074074074 0.5145833333333333 0.06759259259259259 0.03854166666666667
7 0.22407407407407406 0.5158854166666667 0.11666666666666667 0.0296875
7 0.08657407407407407 0.5666666666666667 0.1398148148148148 0.026041666666666668
2 0.0699074074074074 0.6208333333333333 0.06759259259259259 0.03854166666666667
7 0.30833333333333335 0.621875 0.2851851851851852 0.029166666666666667
2 0.0699074074074074 0.6908854166666667 0.06759259259259259 0.03802083333333333
7 0.3287037037037037 0.69140625 0.34629629629629627 0.030729166666666665
2 0.0699074074074074 0.7606770833333333 0.06759259259259259 0.03802083333333333
7 0.24212962962962964 0.7622395833333333 0.1638888888888889 0.0265625
7 0.4986111111111111 0.8200520833333333 0.19166666666666668 0.022395833333333334
2 0.02824074074074074 0.06432291666666666 0.03981481481481482 0.03697916666666667
7 0.14814814814814814 0.06796875 0.1648148148148148 0.0296875
7 0.5009259259259259 0.8807291666666667 0.19074074074074074 0.030208333333333334
8 0.4965277777777778 0.87890625 0.9080277777777778 0.0625