2 0.06944444444444445 0.1453125 0.06296296296296296 0.03854166666666667
7 0.3143518518518518 0.1484375 0.28425925925925927 0.028125
2 0.06759259259259259 0.22083333333333333 0.06111111111111111 0.0375
7 0.3712962962962963 0.22291666666666668 0.40185185185185185 0.029166666666666667
2 0.0699074074074074 0.29661458333333335 0.058333333333333334 0.033854166666666664
7 0.3087962962962963 0.2994791666666667 0.26944444444444443 0.028125
2 0.06666666666666667 0.37109375 0.06296296296296296 0.0359375
7 0.2865740740740741 0.37083333333333335 0.2361111111111111 0.026041666666666668
2 0.06851851851851852 0.44557291666666665 0.05925925925925926 0.033854166666666664
7 0.22916666666666666 0.44765625 0.11574074074074074 0.024479166666666666
7 0.2361111111111111 0.07473958333333333 0.1962962962962963 0.0328125
2 0.06620370370370371 0.07161458333333333 0.049074074074074076 0.030729166666666665