2 0.06666666666666667 0.06354166666666666 0.08148148148148149 0.04375
7 0.20833333333333334 0.0671875 0.18703703703703703 0.030208333333333334
2 0.9305555555555556 0.06510416666666667 0.08333333333333333 0.040625
2 0.7916666666666666 0.06458333333333334 0.06851851851851852 0.0375
7 0.4981481481481482 0.51875 0.8777777777777778 0.052083333333333336
2 0.16574074074074074 0.8875 0.053703703703703705 0.025
2 0.4981481481481482 0.8869791666666667 0.04814814814814815 0.026041666666666668
2 0.8287037037037037 0.8864583333333333 0.06111111111111111 0.022916666666666665
7 0.1648148148148148 0.915625 0.07777777777777778 0.01875
7 0.4981481481481482 0.9161458333333333 0.11481481481481481 0.017708333333333333
7 0.8314814814814815 0.9171875 0.08148148148148149 0.021875