5 0.8166666666666667 0.190625 0.06666666666666667 0.03125
5 0.8185185185185185 0.2515625 0.06296296296296296 0.034375
5 0.8148148148148148 0.3151041666666667 0.06296296296296296 0.036458333333333336
5 0.8138888888888889 0.37864583333333335 0.05740740740740741 0.034375
5 0.8148148148148148 0.44166666666666665 0.06296296296296296 0.03333333333333333
5 0.8157407407407408 0.5041666666666667 0.06481481481481481 0.0375
5 0.8175925925925925 0.56875 0.06481481481481481 0.0375
5 0.8185185185185185 0.6322916666666667 0.07037037037037037 0.035416666666666666
5 0.8138888888888889 0.6963541666666667 0.06851851851851852 0.034375
5 0.8185185185185185 0.7583333333333333 0.06666666666666667 0.03958333333333333
5 0.8175925925925925 0.8213541666666667 0.06111111111111111 0.036458333333333336
5 0.8157407407407408 0.8848958333333333 0.06111111111111111 0.034375
7 0.3212962962962963 0.0734375 0.21296296296296297 0.026041666666666668
7 0.45555555555555555 0.13229166666666667 0.11851851851851852 0.035416666666666666
7 0.30925925925925923 0.19166666666666668 0.34814814814814815 0.03333333333333333
7 0.21481481481481482 0.25416666666666665 0.15555555555555556 0.03125
7 0.2351851851851852 0.3177083333333333 0.1962962962962963 0.03125
7 0.25092592592592594 0.3802083333333333 0.22777777777777777 0.025
7 0.23981481481481481 0.44583333333333336 0.20925925925925926 0.03125
7 0.25462962962962965 0.50625 0.2462962962962963 0.03333333333333333
7 0.25555555555555554 0.5677083333333334 0.24444444444444444 0.03125
7 0.30277777777777776 0.6333333333333333 0.3388888888888889 0.03333333333333333
7 0.24537037037037038 0.696875 0.21296296296296297 0.03125
7 0.2074074074074074 0.7619791666666667 0.13333333333333333 0.03229166666666667
7 0.2351851851851852 0.821875 0.1962962962962963 0.027083333333333334
7 0.26851851851851855 0.8875 0.26296296296296295 0.0375
2 0.8231481481481482 0.07135416666666666 0.08333333333333333 0.04479166666666667
2 0.825925925925926 0.13125 0.07407407407407407 0.03958333333333333
2 0.1712962962962963 0.07083333333333333 0.06851851851851852 0.03958333333333333