2 0.04351851851851852 0.13229166666666667 0.05 0.03333333333333333
6 0.8592592592592593 0.13255208333333332 0.2611111111111111 0.044270833333333336
7 0.24074074074074073 0.19791666666666666 0.4351851851851852 0.026041666666666668
7 0.17083333333333334 0.24947916666666667 0.20092592592592592 0.029166666666666667
3 0.9018518518518519 0.24921875 0.09814814814814815 0.05364583333333333
7 0.30092592592592593 0.28515625 0.48148148148148145 0.018229166666666668
7 0.07314814814814814 0.3143229166666667 0.1 0.025520833333333333
6 0.8277777777777777 0.35598958333333336 0.25925925925925924 0.04010416666666667
7 0.1925925925925926 0.39401041666666664 0.3388888888888889 0.025520833333333333
0 0.062037037037037036 0.4390625 0.05740740740740741 0.03125
0 0.06342592592592593 0.4864583333333333 0.05462962962962963 0.03125
0 0.06342592592592593 0.53203125 0.05277777777777778 0.03177083333333333
2 0.06759259259259259 0.06510416666666667 0.07777777777777778 0.04375
7 0.26805555555555555 0.06510416666666667 0.30277777777777776 0.03333333333333333
2 0.9333333333333333 0.065625 0.04259259259259259 0.041666666666666664
7 0.28379629629629627 0.3567708333333333 0.49166666666666664 0.027083333333333334
7 0.4273148148148148 0.44114583333333335 0.6583333333333333 0.025
7 0.4527777777777778 0.4875 0.7092592592592593 0.025
7 0.46111111111111114 0.5346354166666667 0.725925925925926 0.027604166666666666