7 0.34074074074074073 0.071875 0.3925925925925926 0.029166666666666667
2 0.06574074074074074 0.06927083333333334 0.05740740740740741 0.026041666666666668
2 0.9453703703703704 0.07135416666666666 0.03518518518518519 0.03229166666666667
7 0.1175925925925926 0.14114583333333333 0.2351851851851852 0.026041666666666668
7 0.37222222222222223 0.14166666666666666 0.17037037037037037 0.027083333333333334
7 0.912962962962963 0.14270833333333333 0.1 0.025
7 0.65 0.14375 0.2962962962962963 0.027083333333333334
7 0.2824074074074074 0.30833333333333335 0.43148148148148147 0.027083333333333334
7 0.22777777777777777 0.225 0.32222222222222224 0.029166666666666667
2 0.9407407407407408 0.4828125 0.02962962962962963 0.03229166666666667
7 0.20462962962962963 0.3958333333333333 0.2722222222222222 0.029166666666666667
7 0.2222222222222222 0.484375 0.3148148148148148 0.029166666666666667
2 0.9407407407407408 0.22395833333333334 0.03333333333333333 0.03125
7 0.3101851851851852 0.5708333333333333 0.49074074074074076 0.029166666666666667
2 0.9407407407407408 0.396875 0.03333333333333333 0.0375
7 0.35648148148148145 0.6541666666666667 0.587037037037037 0.029166666666666667
2 0.9388888888888889 0.5692708333333333 0.03333333333333333 0.03229166666666667
2 0.9388888888888889 0.31197916666666664 0.037037037037037035 0.030208333333333334
2 0.9398148148148148 0.6552083333333333 0.03148148148148148 0.03125