7 0.274537037037037 0.07265625 0.2064814814814815 0.0328125
7 0.3939814814814815 0.159375 0.18796296296296297 0.028125
7 0.41805555555555557 0.2950520833333333 0.22314814814814815 0.027604166666666666
7 0.45231481481481484 0.4322916666666667 0.2916666666666667 0.030208333333333334
7 0.44537037037037036 0.5700520833333333 0.29074074074074074 0.027604166666666666
7 0.43796296296296294 0.70703125 0.2722222222222222 0.0296875
7 0.45787037037037037 0.8455729166666667 0.30833333333333335 0.0328125
3 0.1449074074074074 0.15989583333333332 0.2490740740740741 0.10104166666666667
3 0.1439814814814815 0.2950520833333333 0.25092592592592594 0.10052083333333334
3 0.14583333333333334 0.4322916666666667 0.25092592592592594 0.1
3 0.14351851851851852 0.5684895833333333 0.2518518518518518 0.1015625
3 0.14444444444444443 0.70625 0.2537037037037037 0.1
3 0.14444444444444443 0.84296875 0.24814814814814815 0.09947916666666666
3 0.899537037037037 0.87265625 0.14166666666666666 0.0796875
2 0.06574074074074074 0.07135416666666666 0.05555555555555555 0.027083333333333334