7 0.27546296296296297 0.05286458333333333 0.4546296296296296 0.028645833333333332
7 0.3337962962962963 0.10390625 0.5527777777777778 0.03802083333333333
7 0.4050925925925926 0.16484375 0.6953703703703704 0.07864583333333333
0 0.8791666666666667 0.1453125 0.062037037037037036 0.034375
7 0.18703703703703703 0.23463541666666668 0.27037037037037037 0.027604166666666666
7 0.29259259259259257 0.28489583333333335 0.4703703703703704 0.0375
7 0.4078703703703704 0.3341145833333333 0.700925925925926 0.050520833333333334
0 0.8796296296296297 0.31276041666666665 0.06111111111111111 0.034895833333333334
7 0.18611111111111112 0.39114583333333336 0.26666666666666666 0.036458333333333336
7 0.3402777777777778 0.43984375 0.5657407407407408 0.03802083333333333
7 0.4703703703703704 0.5143229166666666 0.825925925925926 0.10364583333333334
7 0.3773148148148148 0.6018229166666667 0.6398148148148148 0.03802083333333333
7 0.4324074074074074 0.6619791666666667 0.75 0.08020833333333334
7 0.19953703703703704 0.734375 0.30092592592592593 0.03229166666666667
7 0.26342592592592595 0.7846354166666667 0.41203703703703703 0.03802083333333333
7 0.3351851851851852 0.8182291666666667 0.5555555555555556 0.029166666666666667
0 0.8814814814814815 0.7989583333333333 0.06296296296296296 0.035416666666666666
7 0.1361111111111111 0.87265625 0.1574074074074074 0.03802083333333333
7 0.41203703703703703 0.9065104166666667 0.7092592592592593 0.0296875
0 0.8791666666666667 0.88671875 0.05648148148148148 0.034895833333333334