7 0.3902777777777778 0.12265625 0.6657407407407407 0.0328125
7 0.3453703703703704 0.165625 0.5796296296296296 0.04375
0 0.8805555555555555 0.14609375 0.053703703703703705 0.0296875
7 0.17222222222222222 0.22708333333333333 0.22962962962962963 0.03333333333333333
7 0.37592592592592594 0.2565104166666667 0.6370370370370371 0.025520833333333333
7 0.23703703703703705 0.3151041666666667 0.3592592592592593 0.03333333333333333
7 0.24212962962962964 0.34479166666666666 0.36944444444444446 0.026041666666666668
7 0.13240740740740742 0.4036458333333333 0.15 0.03333333333333333
7 0.23148148148148148 0.43307291666666664 0.34814814814814815 0.025520833333333333
7 0.18425925925925926 0.49192708333333335 0.2537037037037037 0.0328125
7 0.2675925925925926 0.5213541666666667 0.4203703703703704 0.026041666666666668
7 0.2708333333333333 0.5802083333333333 0.42685185185185187 0.03333333333333333
7 0.22361111111111112 0.6096354166666667 0.33240740740740743 0.025520833333333333
7 0.23055555555555557 0.6682291666666667 0.34629629629629627 0.03333333333333333
7 0.24259259259259258 0.6979166666666666 0.37037037037037035 0.026041666666666668
2 0.06759259259259259 0.06510416666666667 0.07777777777777778 0.04375
7 0.37824074074074077 0.06510416666666667 0.5231481481481481 0.03333333333333333