2 0.01574074074074074 0.06510416666666667 0.024074074074074074 0.03229166666666667
7 0.2 0.06614583333333333 0.1259259259259259 0.028125
7 0.6231481481481481 0.06770833333333333 0.29074074074074074 0.025
2 0.8518518518518519 0.06510416666666667 0.05185185185185185 0.03229166666666667
2 0.07407407407407407 0.06458333333333334 0.09259259259259259 0.04583333333333333
7 0.08333333333333333 0.11614583333333334 0.14814814814814814 0.021875
3 0.10648148148148148 0.1796875 0.17592592592592593 0.096875
7 0.2851851851851852 0.18072916666666666 0.14074074074074075 0.023958333333333335
3 0.10740740740740741 0.2760416666666667 0.17407407407407408 0.09583333333333334
7 0.2972222222222222 0.2786458333333333 0.1648148148148148 0.028125
3 0.10740740740740741 0.371875 0.17037037037037037 0.09583333333333334
7 0.3055555555555556 0.3723958333333333 0.1814814814814815 0.023958333333333335
3 0.10648148148148148 0.46822916666666664 0.17222222222222222 0.09479166666666666
7 0.3388888888888889 0.46770833333333334 0.24814814814814815 0.022916666666666665
7 0.1287037037037037 0.5510416666666667 0.17592592592592593 0.027083333333333334
3 0.10740740740740741 0.9026041666666667 0.17407407407407408 0.059375
7 0.4925925925925926 0.9171875 0.562962962962963 0.026041666666666668
3 0.10648148148148148 0.825 0.17962962962962964 0.09375
7 0.4935185185185185 0.825 0.5648148148148148 0.027083333333333334
3 0.10648148148148148 0.7286458333333333 0.17222222222222222 0.09479166666666666
7 0.3509259259259259 0.7317708333333334 0.2796296296296296 0.028125
3 0.10555555555555556 0.6317708333333333 0.17037037037037037 0.096875
7 0.28703703703703703 0.6333333333333333 0.14814814814814814 0.03125
2 0.950925925925926 0.06666666666666667 0.027777777777777776 0.027083333333333334