7 0.09675925925925925 0.14322916666666666 0.125 0.022916666666666665
7 0.26851851851851855 0.19661458333333334 0.4648148148148148 0.03177083333333333
7 0.14629629629629629 0.22265625 0.21666666666666667 0.025520833333333333
7 0.13518518518518519 0.29348958333333336 0.20555555555555555 0.0234375
7 0.13842592592592592 0.34479166666666666 0.20092592592592592 0.030208333333333334
7 0.28379629629629627 0.37265625 0.49166666666666664 0.025520833333333333
0 0.9222222222222223 0.3572916666666667 0.05925925925925926 0.030208333333333334
7 0.09305555555555556 0.44557291666666665 0.11018518518518519 0.0296875
7 0.2152777777777778 0.47317708333333336 0.35462962962962963 0.025520833333333333
0 0.9231481481481482 0.4588541666666667 0.05740740740740741 0.03125
7 0.09953703703703703 0.5463541666666667 0.12314814814814815 0.029166666666666667
7 0.2222222222222222 0.5739583333333333 0.3685185185185185 0.026041666666666668
0 0.9208333333333333 0.5588541666666667 0.05092592592592592 0.03333333333333333
7 0.2638888888888889 0.07291666666666667 0.18333333333333332 0.035416666666666666
2 0.06759259259259259 0.07057291666666667 0.05185185185185185 0.0296875