5 0.8796296296296297 0.09739583333333333 0.06111111111111111 0.035416666666666666
5 0.8819444444444444 0.1859375 0.06759259259259259 0.03333333333333333
5 0.8791666666666667 0.27578125 0.05648148148148148 0.03177083333333333
5 0.8782407407407408 0.3640625 0.058333333333333334 0.03333333333333333
5 0.8791666666666667 0.45364583333333336 0.05462962962962963 0.03125
5 0.8791666666666667 0.5434895833333333 0.05648148148148148 0.0328125
5 0.8800925925925925 0.6317708333333333 0.058333333333333334 0.03229166666666667
5 0.8800925925925925 0.7190104166666667 0.058333333333333334 0.0328125
5 0.8805555555555555 0.8091145833333333 0.05740740740740741 0.03177083333333333
5 0.8819444444444444 0.8963541666666667 0.06018518518518518 0.029166666666666667
7 0.2310185185185185 0.1015625 0.2824074074074074 0.03333333333333333
7 0.13148148148148148 0.18802083333333333 0.09074074074074075 0.03229166666666667
7 0.12962962962962962 0.2752604166666667 0.08518518518518518 0.0328125
7 0.24259259259259258 0.365625 0.31296296296296294 0.035416666666666666
7 0.41759259259259257 0.4546875 0.674074074074074 0.03229166666666667
7 0.24537037037037038 0.5440104166666667 0.32222222222222224 0.033854166666666664
7 0.29259259259259257 0.6328125 0.412962962962963 0.030208333333333334
7 0.2851851851851852 0.7223958333333333 0.39814814814814814 0.0375
7 0.26666666666666666 0.81171875 0.36666666666666664 0.030729166666666665