7 0.19768518518518519 0.07083333333333333 0.12685185185185185 0.025
2 0.06712962962962964 0.07057291666666667 0.05462962962962963 0.03177083333333333
7 0.16574074074074074 0.13723958333333333 0.16666666666666666 0.0265625
7 0.5 0.1375 0.2074074074074074 0.025
7 0.8328703703703704 0.13619791666666667 0.1527777777777778 0.025520833333333333
3 0.49537037037037035 0.3776041666666667 0.5425925925925926 0.36666666666666664
7 0.12777777777777777 0.621875 0.19814814814814816 0.040625
7 0.2912037037037037 0.6221354166666667 0.08981481481481482 0.025520833333333333
7 0.39675925925925926 0.6763020833333333 0.7361111111111112 0.024479166666666666
7 0.47638888888888886 0.7216145833333333 0.8953703703703704 0.0453125
7 0.275 0.7734375 0.4925925925925926 0.020833333333333332
7 0.1287037037037037 0.84296875 0.2 0.022395833333333334
2 0.10694444444444444 0.89609375 0.04722222222222222 0.0296875
2 0.31296296296296294 0.8953125 0.053703703703703705 0.027083333333333334
2 0.5296296296296297 0.8953125 0.044444444444444446 0.030208333333333334
7 0.8148148148148148 0.9049479166666666 0.23148148148148148 0.025520833333333333
7 0.10462962962962963 0.91875 0.05555555555555555 0.013541666666666667
7 0.5263888888888889 0.9182291666666667 0.06574074074074074 0.015625
7 0.3148148148148148 0.9177083333333333 0.09444444444444444 0.015625
7 0.8925925925925926 0.621875 0.12962962962962962 0.016666666666666666
8 0.8163981481481482 0.9036458333333334 0.3672037037037037 0.057291666666666664