2 0.6453703703703704 0.13385416666666666 0.06111111111111111 0.034375
2 0.6453703703703704 0.21770833333333334 0.06111111111111111 0.034375
7 0.19398148148148148 0.05520833333333333 0.10648148148148148 0.03229166666666667
7 0.18055555555555555 0.13932291666666666 0.07962962962962963 0.03177083333333333
7 0.24027777777777778 0.22317708333333333 0.19907407407407407 0.03177083333333333
7 0.22361111111111112 0.3072916666666667 0.16574074074074074 0.03229166666666667
7 0.19305555555555556 0.39140625 0.10462962962962963 0.03177083333333333
7 0.20555555555555555 0.4752604166666667 0.12962962962962962 0.03177083333333333
7 0.6851851851851852 0.053125 0.10185185185185185 0.028125
7 0.7060185185185185 0.13723958333333333 0.06018518518518518 0.027604166666666666
7 0.7060185185185185 0.22109375 0.06018518518518518 0.027604166666666666
7 0.7060185185185185 0.30520833333333336 0.06018518518518518 0.028125
7 0.7060185185185185 0.3893229166666667 0.06018518518518518 0.027604166666666666
7 0.7060185185185185 0.47317708333333336 0.06018518518518518 0.027604166666666666
2 0.08472222222222223 0.5911458333333334 0.16944444444444445 0.09583333333333334
2 0.25462962962962965 0.5911458333333334 0.17037037037037037 0.09583333333333334
2 0.42453703703703705 0.5911458333333334 0.16944444444444445 0.09583333333333334
2 0.6481481481481481 0.5911458333333334 0.17037037037037037 0.09583333333333334
2 0.0763888888888889 0.071875 0.1287037037037037 0.065625
2 0.0763888888888889 0.15625 0.1287037037037037 0.065625
2 0.0763888888888889 0.24010416666666667 0.1287037037037037 0.065625
2 0.0763888888888889 0.32395833333333335 0.1287037037037037 0.065625
2 0.0763888888888889 0.4083333333333333 0.1287037037037037 0.065625
2 0.0763888888888889 0.4921875 0.1287037037037037 0.065625