6 0.9037037037037037 0.35572916666666665 0.07407407407407407 0.028125
6 0.9027777777777778 0.7989583333333333 0.07592592592592592 0.027083333333333334
6 0.9074074074074074 0.8880208333333334 0.07777777777777778 0.028125
2 0.06944444444444445 0.06979166666666667 0.046296296296296294 0.029166666666666667
2 0.9564814814814815 0.07083333333333333 0.03148148148148148 0.03125
2 0.8722222222222222 0.1375 0.07407407407407407 0.022916666666666665
2 0.6222222222222222 0.13802083333333334 0.07407407407407407 0.040625
2 0.37407407407407406 0.13854166666666667 0.06666666666666667 0.035416666666666666
2 0.12222222222222222 0.1375 0.06666666666666667 0.03958333333333333
7 0.22870370370370371 0.18072916666666666 0.3277777777777778 0.023958333333333335
7 0.11666666666666667 0.26875 0.0962962962962963 0.027083333333333334
7 0.22314814814814815 0.35572916666666665 0.31666666666666665 0.051041666666666666
7 0.23333333333333334 0.42291666666666666 0.3592592592592593 0.022916666666666665
7 0.487962962962963 0.5114583333333333 0.8462962962962963 0.1125
7 0.27685185185185185 0.6223958333333334 0.4203703703703704 0.046875
7 0.22592592592592592 0.7109375 0.32592592592592595 0.04895833333333333
7 0.4064814814814815 0.8010416666666667 0.6722222222222223 0.05
7 0.35648148148148145 0.8885416666666667 0.5981481481481481 0.052083333333333336
7 0.30648148148148147 0.07239583333333334 0.3388888888888889 0.03229166666666667