5 0.7916666666666666 0.09661458333333334 0.06481481481481481 0.033854166666666664
5 0.7916666666666666 0.18645833333333334 0.05740740740740741 0.03229166666666667
5 0.7930555555555555 0.27447916666666666 0.05462962962962963 0.029166666666666667
5 0.7921296296296296 0.36276041666666664 0.058333333333333334 0.0359375
5 0.7939814814814815 0.45234375 0.058333333333333334 0.0328125
5 0.7935185185185185 0.5416666666666666 0.05555555555555555 0.03854166666666667
5 0.7930555555555555 0.6315104166666666 0.05648148148148148 0.0328125
5 0.7930555555555555 0.7197916666666667 0.05462962962962963 0.035416666666666666
5 0.7921296296296296 0.8088541666666667 0.05462962962962963 0.03229166666666667
5 0.7925925925925926 0.8955729166666667 0.06111111111111111 0.030729166666666665
7 0.4023148148148148 0.10052083333333334 0.4601851851851852 0.0375
7 0.38842592592592595 0.18671875 0.4305555555555556 0.030729166666666665
7 0.40694444444444444 0.27395833333333336 0.4638888888888889 0.06666666666666667
7 0.28194444444444444 0.3651041666666667 0.2175925925925926 0.034375
7 0.43425925925925923 0.45677083333333335 0.524074074074074 0.06979166666666667
7 0.25416666666666665 0.5440104166666667 0.15092592592592594 0.0296875
7 0.38796296296296295 0.6348958333333333 0.43333333333333335 0.041666666666666664
7 0.31342592592592594 0.7239583333333334 0.28055555555555556 0.036458333333333336
7 0.3148148148148148 0.8109375 0.28703703703703703 0.03333333333333333
7 0.42916666666666664 0.8895833333333333 0.5138888888888888 0.04583333333333333