2 0.1486111111111111 0.17083333333333334 0.2712962962962963 0.153125
7 0.4583333333333333 0.17317708333333334 0.2222222222222222 0.0328125
7 0.13518518518518519 0.28125 0.12037037037037036 0.022916666666666665
7 0.11296296296296296 0.30911458333333336 0.07592592592592592 0.021354166666666667
7 0.20277777777777778 0.3671875 0.25555555555555554 0.03333333333333333
7 0.13055555555555556 0.396875 0.1111111111111111 0.026041666666666668
7 0.3212962962962963 0.46822916666666664 0.4925925925925926 0.03333333333333333
0 0.8981481481481481 0.46979166666666666 0.04814814814814815 0.027083333333333334
7 0.26296296296296295 0.90390625 0.4148148148148148 0.0296875
2 0.9203703703703704 0.8997395833333334 0.04814814814814815 0.0421875
2 0.008796296296296297 0.06510416666666667 0.017592592592592594 0.019791666666666666
7 0.2152777777777778 0.06770833333333333 0.3675925925925926 0.026041666666666668