7 0.3212962962962963 0.1015625 0.24444444444444444 0.03229166666666667
7 0.39675925925925926 0.15494791666666666 0.15462962962962962 0.034895833333333334
7 0.43472222222222223 0.21901041666666668 0.24166666666666667 0.03177083333333333
7 0.43148148148148147 0.28671875 0.22777777777777777 0.0328125
7 0.4550925925925926 0.35078125 0.27870370370370373 0.0328125
7 0.4023148148148148 0.415625 0.16944444444444445 0.03333333333333333
7 0.39351851851851855 0.4817708333333333 0.14814814814814814 0.03229166666666667
7 0.4148148148148148 0.5489583333333333 0.18888888888888888 0.03229166666666667
7 0.41898148148148145 0.6145833333333334 0.19166666666666668 0.028125
7 0.3912037037037037 0.68046875 0.15092592592592594 0.030729166666666665
7 0.4152777777777778 0.7466145833333333 0.18611111111111112 0.033854166666666664
7 0.42824074074074076 0.8104166666666667 0.2175925925925926 0.03125
7 0.5615740740740741 0.8729166666666667 0.16203703703703703 0.023958333333333335
7 0.7467592592592592 0.8729166666666667 0.06388888888888888 0.020833333333333332
5 0.23657407407407408 0.15286458333333333 0.062037037037037036 0.0328125
5 0.23703703703703705 0.21901041666666668 0.06111111111111111 0.033854166666666664
5 0.2351851851851852 0.28359375 0.05740740740740741 0.030729166666666665
5 0.2375 0.3489583333333333 0.06018518518518518 0.034375
5 0.23842592592592593 0.41484375 0.062037037037037036 0.03802083333333333
5 0.2361111111111111 0.48125 0.05925925925925926 0.03229166666666667
5 0.23657407407407408 0.546875 0.058333333333333334 0.03229166666666667
5 0.23703703703703705 0.6122395833333333 0.06296296296296296 0.0328125
5 0.23796296296296296 0.6783854166666666 0.06111111111111111 0.0328125
5 0.23703703703703705 0.7442708333333333 0.06111111111111111 0.034375
5 0.23564814814814813 0.8106770833333333 0.06574074074074074 0.0328125