7 0.549074074074074 0.1328125 0.11296296296296296 0.028125
7 0.5370370370370371 0.20208333333333334 0.08518518518518518 0.03125
7 0.6296296296296297 0.2703125 0.26666666666666666 0.026041666666666668
7 0.6370370370370371 0.3390625 0.28888888888888886 0.023958333333333335
2 0.016666666666666666 0.065625 0.03333333333333333 0.03333333333333333
2 0.07685185185185185 0.0640625 0.08703703703703704 0.046875
7 0.225 0.06458333333333334 0.19074074074074074 0.027083333333333334
2 0.9490740740740741 0.06666666666666667 0.046296296296296294 0.027083333333333334
7 0.10555555555555556 0.11614583333333334 0.2037037037037037 0.026041666666666668
7 0.11388888888888889 0.16614583333333333 0.1388888888888889 0.026041666666666668
7 0.11851851851851852 0.23489583333333333 0.15185185185185185 0.028125
7 0.13703703703703704 0.30520833333333336 0.1925925925925926 0.029166666666666667