7 0.39444444444444443 0.12526041666666668 0.674074074074074 0.03802083333333333
7 0.48703703703703705 0.171875 0.8592592592592593 0.05520833333333333
7 0.1527777777777778 0.22942708333333334 0.19814814814814816 0.030729166666666665
7 0.23194444444444445 0.2799479166666667 0.3490740740740741 0.03802083333333333
7 0.48703703703703705 0.3268229166666667 0.8592592592592593 0.05572916666666667
7 0.36203703703703705 0.39088541666666665 0.6092592592592593 0.03802083333333333
7 0.45046296296296295 0.4393229166666667 0.7861111111111111 0.0515625
7 0.30787037037037035 0.5013020833333334 0.5009259259259259 0.03802083333333333
7 0.48703703703703705 0.5736979166666667 0.8592592592592593 0.10677083333333333
7 0.3537037037037037 0.66328125 0.5925925925925926 0.03802083333333333
7 0.43425925925925923 0.7114583333333333 0.7537037037037037 0.053125
7 0.20277777777777778 0.7736979166666667 0.29074074074074074 0.03802083333333333
7 0.4287037037037037 0.8205729166666667 0.7425925925925926 0.05572916666666667
0 0.8810185185185185 0.8010416666666667 0.062037037037037036 0.034375
7 0.28194444444444444 0.8846354166666667 0.44907407407407407 0.03802083333333333
7 0.35324074074074074 0.9203125 0.5916666666666667 0.027083333333333334
0 0.8814814814814815 0.9114583333333334 0.06296296296296296 0.03229166666666667
2 0.06759259259259259 0.06510416666666667 0.07777777777777778 0.04375
7 0.3106481481481482 0.06510416666666667 0.38796296296296295 0.03333333333333333