3 0.25 0.45 0.4777777777777778 0.3541666666666667
3 0.7425925925925926 0.4510416666666667 0.48148148148148145 0.35625
3 0.25092592592592594 0.7864583333333334 0.47962962962962963 0.29583333333333334
3 0.7472222222222222 0.7848958333333333 0.48703703703703705 0.29270833333333335
7 0.07777777777777778 0.06458333333333334 0.1111111111111111 0.022916666666666665
7 0.24351851851851852 0.057291666666666664 0.12777777777777777 0.020833333333333332
7 0.42407407407407405 0.06666666666666667 0.1259259259259259 0.022916666666666665
7 0.6148148148148148 0.06510416666666667 0.15555555555555556 0.023958333333333335
7 0.8064814814814815 0.0640625 0.13518518518518519 0.023958333333333335
7 0.19722222222222222 0.21822916666666667 0.32407407407407407 0.023958333333333335
3 0.5 0.13697916666666668 0.9703703703703703 0.084375
7 0.24444444444444444 0.07760416666666667 0.13703703703703704 0.013541666666666667
7 0.2064814814814815 0.2453125 0.3351851851851852 0.017708333333333333