7 0.08333333333333333 0.12786458333333334 0.14444444444444443 0.027604166666666666
7 0.23148148148148148 0.15911458333333334 0.43703703703703706 0.0265625
7 0.17083333333333334 0.21223958333333334 0.30648148148148147 0.028645833333333332
7 0.4041666666666667 0.2643229166666667 0.7824074074074074 0.0734375
0 0.9166666666666666 0.24557291666666667 0.05555555555555555 0.030729166666666665
7 0.15185185185185185 0.3375 0.26666666666666666 0.03333333333333333
7 0.2949074074074074 0.36770833333333336 0.5527777777777778 0.028125
7 0.18425925925925926 0.42578125 0.3314814814814815 0.0328125
7 0.42453703703703705 0.4552083333333333 0.812037037037037 0.026041666666666668
0 0.9199074074074074 0.4388020833333333 0.06018518518518518 0.033854166666666664
7 0.09537037037037037 0.50703125 0.14444444444444443 0.0328125
7 0.41064814814814815 0.5364583333333334 0.775 0.026041666666666668
2 0.06759259259259259 0.06510416666666667 0.07777777777777778 0.04375
7 0.3523148148148148 0.06744791666666666 0.4824074074074074 0.030729166666666665
7 0.25462962962962965 0.5916666666666667 0.2518518518518518 0.030208333333333334
7 0.7449074074074075 0.590625 0.2490740740740741 0.025
8 0.2552685185185185 0.5891927083333334 0.4579166666666667 0.05078125
8 0.7459537037037037 0.5908229166666668 0.46705555555555556 0.048828125