3 0.49907407407407406 0.2565104166666667 0.48518518518518516 0.2734375
7 0.49907407407407406 0.41692708333333334 0.65 0.025520833333333333
5 0.20879629629629629 0.46197916666666666 0.06018518518518518 0.035416666666666666
5 0.20833333333333334 0.50625 0.05925925925925926 0.03333333333333333
7 0.6972222222222222 0.471875 0.05925925925925926 0.029166666666666667
7 0.262037037037037 0.07265625 0.4537037037037037 0.030729166666666665
2 0.9467592592592593 0.07005208333333333 0.041666666666666664 0.034895833333333334
7 0.48518518518518516 0.46484375 0.2814814814814815 0.027604166666666666
7 0.49027777777777776 0.5091145833333334 0.29907407407407405 0.027604166666666666
7 0.5 0.5614583333333333 0.18333333333333332 0.020833333333333332
8 0.5017777777777778 0.5625 0.21482407407407406 0.044270833333333336