2 0.9513888888888888 0.06015625 0.049074074074074076 0.0265625
7 0.4981481481481482 0.058333333333333334 0.42407407407407405 0.028125
7 0.31851851851851853 0.18854166666666666 0.44074074074074077 0.021875
7 0.14953703703703702 0.12916666666666668 0.09537037037037037 0.023958333333333335
7 0.08287037037037037 0.24973958333333332 0.10092592592592593 0.0234375
7 0.11296296296296296 0.303125 0.1574074074074074 0.022916666666666665
7 0.19305555555555556 0.36041666666666666 0.3212962962962963 0.021875
7 0.16898148148148148 0.41432291666666665 0.2675925925925926 0.0234375
7 0.19027777777777777 0.46953125 0.31203703703703706 0.025520833333333333
7 0.1787037037037037 0.5234375 0.29814814814814816 0.025
7 0.18287037037037038 0.5791666666666667 0.30462962962962964 0.026041666666666668
2 0.06435185185185185 0.12708333333333333 0.049074074074074076 0.025
2 0.06296296296296296 0.18645833333333334 0.046296296296296294 0.026041666666666668
4 0.49907407407407406 0.12760416666666666 0.9851851851851852 0.059375