2 0.06574074074074074 0.06822916666666666 0.06111111111111111 0.030208333333333334
7 0.23148148148148148 0.07239583333333334 0.12962962962962962 0.030208333333333334
7 0.8027777777777778 0.1390625 0.17962962962962964 0.036458333333333336
7 0.49537037037037035 0.40989583333333335 0.6055555555555555 0.023958333333333335
7 0.8166666666666667 0.5625 0.14444444444444443 0.03333333333333333
7 0.4962962962962963 0.8348958333333333 0.3111111111111111 0.023958333333333335
3 0.4898148148148148 0.2671875 0.43148148148148147 0.22395833333333334
3 0.4962962962962963 0.6901041666666666 0.6185185185185185 0.21145833333333333
7 0.49907407407407406 0.4739583333333333 0.17962962962962964 0.03125
7 0.4981481481481482 0.8973958333333333 0.1814814814814815 0.028125
8 0.5000185185185185 0.4765625 0.7811666666666667 0.0543125
8 0.508611111111111 0.8958333333333334 0.7824814814814816 0.059520833333333335