6 0.9268518518518518 0.1515625 0.09074074074074075 0.03229166666666667
6 0.9259259259259259 0.234375 0.0962962962962963 0.03333333333333333
6 0.924074074074074 0.3182291666666667 0.0962962962962963 0.03229166666666667
6 0.9259259259259259 0.40260416666666665 0.08888888888888889 0.034375
6 0.9259259259259259 0.4864583333333333 0.08888888888888889 0.03333333333333333
6 0.925 0.5692708333333333 0.09444444444444444 0.034375
6 0.9259259259259259 0.6526041666666667 0.09259259259259259 0.03229166666666667
6 0.925 0.7369791666666666 0.09074074074074075 0.03229166666666667
2 0.06574074074074074 0.06979166666666667 0.06111111111111111 0.029166666666666667
7 0.31203703703703706 0.07083333333333333 0.29074074074074074 0.029166666666666667
7 0.07777777777777778 0.15052083333333333 0.11481481481481481 0.026041666666666668
7 0.11481481481481481 0.23333333333333334 0.2 0.025
7 0.06759259259259259 0.31927083333333334 0.09814814814814815 0.028125
7 0.12314814814814815 0.4005208333333333 0.21296296296296297 0.023958333333333335
7 0.08796296296296297 0.484375 0.1388888888888889 0.025
7 0.12314814814814815 0.5677083333333334 0.21296296296296297 0.022916666666666665
7 0.18981481481481483 0.6536458333333334 0.3425925925925926 0.028125
7 0.11296296296296296 0.7359375 0.1962962962962963 0.030208333333333334