7 0.39537037037037037 0.09713541666666667 0.5481481481481482 0.03697916666666667
0 0.15092592592592594 0.15859375 0.04814814814814815 0.025520833333333333
0 0.15046296296296297 0.22369791666666666 0.04722222222222222 0.027604166666666666
0 0.14953703703703702 0.290625 0.04537037037037037 0.025
0 0.14953703703703702 0.3546875 0.04537037037037037 0.023958333333333335
0 0.15046296296296297 0.4203125 0.04537037037037037 0.026041666666666668
0 0.15 0.4869791666666667 0.04814814814814815 0.026041666666666668
0 0.14907407407407408 0.5526041666666667 0.046296296296296294 0.025
0 0.15046296296296297 0.6177083333333333 0.049074074074074076 0.027083333333333334
0 0.14953703703703702 0.68359375 0.04537037037037037 0.025520833333333333
0 0.15046296296296297 0.74921875 0.04722222222222222 0.0265625
0 0.15138888888888888 0.81484375 0.049074074074074076 0.0265625
7 0.6601851851851852 0.8734375 0.13148148148148148 0.025
7 0.8356481481481481 0.8739583333333333 0.05462962962962963 0.023958333333333335
7 0.362962962962963 0.16119791666666666 0.25555555555555554 0.027604166666666666
7 0.32546296296296295 0.22604166666666667 0.1787037037037037 0.027083333333333334
7 0.40879629629629627 0.29192708333333334 0.3527777777777778 0.0296875
7 0.41898148148148145 0.3575520833333333 0.375 0.028645833333333332
7 0.33564814814814814 0.421875 0.21203703703703702 0.026041666666666668
7 0.3578703703703704 0.4875 0.2564814814814815 0.029166666666666667
7 0.3439814814814815 0.5544270833333333 0.21944444444444444 0.0296875
7 0.34953703703703703 0.6182291666666667 0.22685185185185186 0.030208333333333334
7 0.39444444444444443 0.6869791666666667 0.31851851851851853 0.030208333333333334
7 0.42407407407407405 0.75078125 0.37962962962962965 0.025520833333333333
7 0.36342592592592593 0.81484375 0.262037037037037 0.0265625