7 0.1962962962962963 0.07161458333333333 0.12962962962962962 0.028645833333333332
2 0.06342592592592593 0.07135416666666666 0.05462962962962963 0.03125
7 0.16527777777777777 0.1375 0.16944444444444445 0.026041666666666668
7 0.4986111111111111 0.13854166666666667 0.2064814814814815 0.027083333333333334
7 0.8296296296296296 0.13776041666666666 0.15555555555555556 0.021354166666666667
3 0.4824074074074074 0.36666666666666664 0.674074074074074 0.34270833333333334
7 0.1125 0.621875 0.1675925925925926 0.040625
7 0.2537037037037037 0.6221354166666667 0.07592592592592592 0.025520833333333333
7 0.4847222222222222 0.6760416666666667 0.9120370370370371 0.025
7 0.4425925925925926 0.7096354166666666 0.8333333333333334 0.022395833333333334
7 0.18333333333333332 0.7489583333333333 0.31666666666666665 0.021875
7 0.12685185185185185 0.8192708333333333 0.2037037037037037 0.025
7 0.7097222222222223 0.859375 0.10833333333333334 0.021875
2 0.10462962962962963 0.8971354166666666 0.05185185185185185 0.0265625
2 0.3148148148148148 0.8953125 0.044444444444444446 0.027083333333333334
2 0.5268518518518519 0.8971354166666666 0.04814814814814815 0.028645833333333332
7 0.8157407407407408 0.9057291666666667 0.2351851851851852 0.028125
7 0.525 0.9177083333333333 0.07222222222222222 0.013541666666666667
7 0.31157407407407406 0.9182291666666667 0.09351851851851851 0.015625
7 0.10601851851851851 0.9184895833333333 0.05092592592592592 0.015104166666666667
7 0.8916666666666667 0.621875 0.12962962962962962 0.017708333333333333
8 0.8159722222222222 0.904296875 0.3617222222222222 0.06380208333333333