6 0.9032407407407408 0.15494791666666666 0.09537037037037037 0.03802083333333333
7 0.21296296296296297 0.19947916666666668 0.3314814814814815 0.020833333333333332
6 0.9041666666666667 0.2825520833333333 0.09351851851851851 0.0359375
7 0.4134259259259259 0.3380208333333333 0.7324074074074074 0.04583333333333333
6 0.9046296296296297 0.43359375 0.09259259259259259 0.0359375
7 0.4444444444444444 0.47734375 0.7944444444444444 0.0234375
7 0.15555555555555556 0.5651041666666666 0.21666666666666667 0.030208333333333334
7 0.10277777777777777 0.6044270833333333 0.1111111111111111 0.025520833333333333
7 0.2199074074074074 0.69140625 0.3453703703703704 0.0328125
7 0.3768518518518518 0.73203125 0.6592592592592592 0.025520833333333333
7 0.763425925925926 0.7783854166666667 0.33240740740740743 0.027604166666666666
2 0.06805555555555555 0.06927083333333334 0.06388888888888888 0.03125
7 0.2337962962962963 0.07317708333333334 0.18425925925925926 0.0328125
7 0.12222222222222222 0.15625 0.15555555555555556 0.028125
7 0.24351851851851852 0.284375 0.39444444444444443 0.026041666666666668
7 0.2490740740740741 0.4348958333333333 0.4074074074074074 0.028125