7 0.34305555555555556 0.08411458333333334 0.5916666666666667 0.0390625
7 0.23564814814814813 0.14270833333333333 0.3768518518518518 0.028125
7 0.5166666666666667 0.20338541666666668 0.8685185185185185 0.09322916666666667
7 0.3458333333333333 0.28802083333333334 0.5972222222222222 0.028125
7 0.5152777777777777 0.3385416666666667 0.8712962962962963 0.07291666666666667
7 0.2310185185185185 0.41119791666666666 0.375 0.028645833333333332
7 0.5189814814814815 0.47213541666666664 0.8638888888888889 0.09322916666666667
7 0.2449074074074074 0.5578125 0.3990740740740741 0.027083333333333334
7 0.5185185185185185 0.60703125 0.8648148148148148 0.07135416666666666
7 0.2513888888888889 0.6822916666666666 0.4083333333333333 0.025
7 0.5069444444444444 0.7515625 0.8435185185185186 0.11145833333333334
7 0.23194444444444445 0.8497395833333333 0.375 0.027604166666666666
7 0.5166666666666667 0.8979166666666667 0.8685185185185185 0.06979166666666667