7 0.2310185185185185 0.13046875 0.35833333333333334 0.030729166666666665
7 0.48564814814814816 0.15963541666666667 0.8564814814814815 0.028645833333333332
7 0.25462962962962965 0.21927083333333333 0.412962962962963 0.03333333333333333
7 0.4393518518518518 0.24895833333333334 0.7657407407407407 0.026041666666666668
7 0.2740740740740741 0.3078125 0.4444444444444444 0.03125
7 0.38333333333333336 0.33671875 0.6574074074074074 0.024479166666666666
7 0.2574074074074074 0.39010416666666664 0.40555555555555556 0.030208333333333334
7 0.42083333333333334 0.43046875 0.7305555555555555 0.049479166666666664
0 0.8777777777777778 0.41171875 0.05925925925925926 0.0328125
7 0.31157407407407406 0.50859375 0.5175925925925926 0.034895833333333334
7 0.2884259259259259 0.5955729166666667 0.47314814814814815 0.033854166666666664
7 0.1550925925925926 0.6830729166666667 0.20833333333333334 0.0296875
2 0.06759259259259259 0.06510416666666667 0.07777777777777778 0.04375
7 0.19444444444444445 0.06822916666666666 0.16296296296296298 0.028125