7 0.38333333333333336 0.0734375 0.4962962962962963 0.03333333333333333
2 0.0699074074074074 0.07005208333333333 0.06018518518518518 0.0296875
7 0.6055555555555555 0.17526041666666667 0.5907407407407408 0.04010416666666667
7 0.49166666666666664 0.26197916666666665 0.362962962962963 0.023958333333333335
0 0.1597222222222222 0.33098958333333334 0.05648148148148148 0.03177083333333333
0 0.15925925925925927 0.38125 0.05925925925925926 0.03333333333333333
0 0.1597222222222222 0.43203125 0.05277777777777778 0.0296875
7 0.6546296296296297 0.5174479166666667 0.6888888888888889 0.0453125
7 0.6180555555555556 0.6135416666666667 0.6157407407407407 0.023958333333333335
7 0.638425925925926 0.7026041666666667 0.6564814814814814 0.04375
7 0.649537037037037 0.7955729166666666 0.6787037037037037 0.044270833333333336
7 0.5143518518518518 0.8856770833333333 0.4083333333333333 0.024479166666666666
7 0.49074074074074076 0.33177083333333335 0.5962962962962963 0.023958333333333335
7 0.34629629629629627 0.38046875 0.30185185185185187 0.0203125
7 0.3768518518518518 0.4315104166666667 0.362962962962963 0.0265625
7 0.15648148148148147 0.17005208333333333 0.09074074074074075 0.027604166666666666
7 0.15462962962962962 0.26276041666666666 0.09444444444444444 0.027604166666666666
7 0.15462962962962962 0.5151041666666667 0.08518518518518518 0.026041666666666668
7 0.15416666666666667 0.6067708333333334 0.07685185185185185 0.023958333333333335
7 0.15416666666666667 0.7 0.07314814814814814 0.029166666666666667
7 0.15694444444444444 0.7942708333333334 0.08425925925925926 0.026041666666666668
7 0.15555555555555556 0.8861979166666667 0.08333333333333333 0.024479166666666666