6 0.8712962962962963 0.5661458333333333 0.09814814814814815 0.03229166666666667
6 0.8518518518518519 0.6572916666666667 0.09259259259259259 0.03333333333333333
7 0.28055555555555556 0.07135416666666666 0.22407407407407406 0.030208333333333334
7 0.16666666666666666 0.1484375 0.14814814814814814 0.021875
7 0.49907407407407406 0.15052083333333333 0.1574074074074074 0.026041666666666668
7 0.8333333333333334 0.14739583333333334 0.14814814814814814 0.028125
7 0.49074074074074076 0.25416666666666665 0.6222222222222222 0.058333333333333334
7 0.225 0.5651041666666666 0.32037037037037036 0.021875
7 0.1537037037037037 0.6578125 0.15925925925925927 0.028125
7 0.24537037037037038 0.7479166666666667 0.35 0.027083333333333334
7 0.862037037037037 0.7453125 0.13148148148148148 0.026041666666666668
3 0.4861111111111111 0.4005208333333333 0.47962962962962963 0.18854166666666666
2 0.08611111111111111 0.06875 0.08703703703703704 0.04375