7 0.4398148148148148 0.26119791666666664 0.8092592592592592 0.06302083333333333
5 0.11018518518518519 0.459375 0.05555555555555555 0.03125
5 0.1111111111111111 0.5322916666666667 0.053703703703703705 0.030208333333333334
5 0.11064814814814815 0.6052083333333333 0.05462962962962963 0.03125
5 0.1111111111111111 0.6770833333333334 0.05555555555555555 0.03125
7 0.05462962962962963 0.171875 0.05185185185185185 0.026041666666666668
2 0.06527777777777778 0.07135416666666666 0.05092592592592592 0.030208333333333334
2 0.9402777777777778 0.06875 0.07685185185185185 0.036458333333333336
7 0.30833333333333335 0.07005208333333333 0.337037037037037 0.028645833333333332
7 0.2101851851851852 0.4630208333333333 0.08888888888888889 0.026041666666666668
7 0.25462962962962965 0.5328125 0.17037037037037037 0.027083333333333334
7 0.2310185185185185 0.60859375 0.1287037037037037 0.024479166666666666
7 0.2722222222222222 0.6799479166666667 0.20555555555555555 0.021354166666666667
2 0.325 0.12395833333333334 0.03148148148148148 0.019791666666666666
2 0.44212962962962965 0.12421875 0.030555555555555555 0.024479166666666666
2 0.5569444444444445 0.1234375 0.028703703703703703 0.023958333333333335
2 0.674537037037037 0.12421875 0.032407407407407406 0.024479166666666666
2 0.6393518518518518 0.17161458333333332 0.03425925925925926 0.0265625
2 0.8555555555555555 0.17057291666666666 0.040740740740740744 0.028645833333333332
7 0.7189814814814814 0.17083333333333334 0.11944444444444445 0.020833333333333332
7 0.9268518518518518 0.17213541666666668 0.09814814814814815 0.0171875
7 0.8435185185185186 0.89140625 0.12777777777777777 0.021354166666666667
8 0.8431759259259259 0.890953125 0.24483333333333335 0.052734375