7 0.20833333333333334 0.16223958333333333 0.3296296296296296 0.028645833333333332
2 0.08148148148148149 0.23151041666666666 0.08703703703703704 0.033854166666666664
7 0.2875 0.2526041666666667 0.25092592592592594 0.027083333333333334
7 0.20972222222222223 0.21692708333333333 0.09166666666666666 0.028645833333333332
2 0.9125 0.2328125 0.06018518518518518 0.03125
2 0.08148148148148149 0.33697916666666666 0.08703703703703704 0.03333333333333333
7 0.3 0.35703125 0.2722222222222222 0.027604166666666666
7 0.21296296296296297 0.32083333333333336 0.09814814814814815 0.03125
2 0.08148148148148149 0.44244791666666666 0.08703703703703704 0.0328125
7 0.2986111111111111 0.4622395833333333 0.26944444444444443 0.027604166666666666
7 0.22916666666666666 0.42864583333333334 0.13055555555555556 0.03333333333333333
2 0.08148148148148149 0.5479166666666667 0.08703703703703704 0.03333333333333333
7 0.29907407407407405 0.5682291666666667 0.2740740740740741 0.027083333333333334
7 0.2152777777777778 0.534375 0.10462962962962963 0.029166666666666667
2 0.08148148148148149 0.6533854166666667 0.08703703703703704 0.033854166666666664
7 0.30092592592592593 0.6739583333333333 0.27037037037037037 0.026041666666666668
7 0.21064814814814814 0.640625 0.09351851851851851 0.029166666666666667
7 0.2574074074074074 0.07057291666666667 0.1814814814814815 0.0296875
2 0.06851851851851852 0.06979166666666667 0.04259259259259259 0.028125