6 0.9074074074074074 0.24166666666666667 0.0962962962962963 0.035416666666666666
6 0.9046296296296297 0.3453125 0.09444444444444444 0.03229166666666667
6 0.924074074074074 0.43802083333333336 0.1 0.034375
6 0.9064814814814814 0.5208333333333334 0.09074074074074075 0.03333333333333333
2 0.06759259259259259 0.06979166666666667 0.053703703703703705 0.029166666666666667
2 0.9574074074074074 0.14947916666666666 0.04814814814814815 0.03229166666666667
2 0.9583333333333334 0.696875 0.04259259259259259 0.03333333333333333
2 0.9574074074074074 0.7791666666666667 0.037037037037037035 0.029166666666666667
2 0.9583333333333334 0.8598958333333333 0.04259259259259259 0.030208333333333334
7 0.275 0.071875 0.26851851851851855 0.03125
7 0.23148148148148148 0.1296875 0.46296296296296297 0.023958333333333335
7 0.40925925925925927 0.171875 0.8074074074074075 0.020833333333333332
7 0.20925925925925926 0.2140625 0.3962962962962963 0.026041666666666668
7 0.38333333333333336 0.265625 0.7555555555555555 0.04375
7 0.19074074074074074 0.3177083333333333 0.37037037037037035 0.025
7 0.4083333333333333 0.36875 0.8166666666666667 0.04583333333333333
7 0.1675925925925926 0.42083333333333334 0.3277777777777778 0.027083333333333334
7 0.2824074074074074 0.46041666666666664 0.5611111111111111 0.025
7 0.15925925925925927 0.503125 0.3074074074074074 0.027083333333333334
7 0.26296296296296295 0.5432291666666667 0.5222222222222223 0.021875
7 0.15648148148148147 0.5885416666666666 0.2833333333333333 0.027083333333333334
7 0.25462962962962965 0.6796875 0.5055555555555555 0.030208333333333334
7 0.21203703703703702 0.7182291666666667 0.4166666666666667 0.026041666666666668
7 0.2657407407407407 0.7614583333333333 0.5203703703703704 0.029166666666666667
7 0.18796296296296297 0.803125 0.37592592592592594 0.027083333333333334
7 0.09907407407407408 0.8427083333333333 0.19444444444444445 0.027083333333333334
7 0.1675925925925926 0.884375 0.3314814814814815 0.022916666666666665