3 0.1412037037037037 0.21744791666666666 0.2657407407407407 0.1234375
7 0.29907407407407405 0.13567708333333334 0.524074074074074 0.0234375
7 0.6328703703703704 0.209375 0.6527777777777778 0.09270833333333334
7 0.8810185185185185 0.28802083333333334 0.18796296296296297 0.025
3 0.13796296296296295 0.41640625 0.2518518518518518 0.1140625
7 0.3768518518518518 0.33541666666666664 0.6759259259259259 0.023958333333333335
7 0.638425925925926 0.4083333333333333 0.6416666666666667 0.09270833333333334
7 0.9046296296296297 0.4869791666666667 0.14074074074074075 0.022916666666666665
3 0.13796296296296295 0.6369791666666667 0.2518518518518518 0.11458333333333333
7 0.4597222222222222 0.5463541666666667 0.8601851851851852 0.04583333333333333
7 0.6074074074074074 0.6080729166666666 0.5925925925925926 0.050520833333333334
7 0.8949074074074074 0.67578125 0.16018518518518518 0.0265625
3 0.13796296296296295 0.8026041666666667 0.2518518518518518 0.11458333333333333
7 0.45740740740740743 0.7221354166666667 0.8481481481481481 0.024479166666666666
7 0.6333333333333333 0.8171875 0.6518518518518519 0.1375
7 0.8935185185185185 0.9184895833333333 0.16666666666666666 0.024479166666666666
7 0.32546296296296295 0.07291666666666667 0.3731481481481482 0.030208333333333334
2 0.0699074074074074 0.07057291666666667 0.04722222222222222 0.030729166666666665
2 0.9402777777777778 0.071875 0.06388888888888888 0.03854166666666667