2 0.06851851851851852 0.06979166666666667 0.06296296296296296 0.029166666666666667
2 0.9435185185185185 0.07135416666666666 0.06111111111111111 0.036458333333333336
7 0.20555555555555555 0.071875 0.13703703703703704 0.029166666666666667
7 0.1388888888888889 0.1484375 0.22592592592592592 0.028125
7 0.14444444444444443 0.225 0.22962962962962963 0.03333333333333333
7 0.10648148148148148 0.3015625 0.16111111111111112 0.03229166666666667
7 0.09351851851851851 0.37916666666666665 0.1388888888888889 0.03125
7 0.13148148148148148 0.45729166666666665 0.2 0.027083333333333334
7 0.09814814814814815 0.5348958333333333 0.13703703703703704 0.028125
7 0.17962962962962964 0.609375 0.3111111111111111 0.025
7 0.1648148148148148 0.6885416666666667 0.2740740740740741 0.029166666666666667
7 0.1537037037037037 0.7651041666666667 0.24444444444444444 0.028125
7 0.125 0.8401041666666667 0.19444444444444445 0.026041666666666668
7 0.13148148148148148 0.9161458333333333 0.2037037037037037 0.023958333333333335