7 0.5009259259259259 0.05677083333333333 0.14629629629629629 0.026041666666666668
7 0.13425925925925927 0.15833333333333333 0.17962962962962964 0.025
7 0.14722222222222223 0.26979166666666665 0.20925925925925926 0.027083333333333334
7 0.10648148148148148 0.3421875 0.12037037037037036 0.028125
7 0.13148148148148148 0.4083333333333333 0.17407407407407408 0.022916666666666665
7 0.11481481481481481 0.5203125 0.14074074074074075 0.023958333333333335
7 0.7 0.9197916666666667 0.1259259259259259 0.020833333333333332
7 0.49907407407407406 0.9203125 0.08703703703703704 0.019791666666666666
7 0.09814814814814815 0.9203125 0.13333333333333333 0.019791666666666666
7 0.29814814814814816 0.9197916666666667 0.08148148148148149 0.01875
7 0.21944444444444444 0.7692708333333333 0.3537037037037037 0.023958333333333335
7 0.175 0.6557291666666667 0.26481481481481484 0.026041666666666668
7 0.15092592592592594 0.5869791666666667 0.20925925925925926 0.026041666666666668
2 0.9268518518518518 0.2708333333333333 0.05 0.04583333333333333
2 0.9231481481481482 0.159375 0.05740740740740741 0.04583333333333333
7 0.8981481481481481 0.9208333333333333 0.11481481481481481 0.01875
2 0.925 0.3385416666666667 0.05740740740740741 0.041666666666666664
2 0.925 0.40677083333333336 0.053703703703703705 0.046875
2 0.925 0.5192708333333333 0.053703703703703705 0.04895833333333333
2 0.924074074074074 0.5885416666666666 0.05925925925925926 0.04791666666666667
2 0.925 0.6557291666666667 0.05740740740740741 0.04479166666666667
6 0.8898148148148148 0.7666666666666667 0.11296296296296296 0.0375
6 0.8888888888888888 0.8359375 0.11481481481481481 0.042708333333333334
2 0.05648148148148148 0.8369791666666667 0.03148148148148148 0.019791666666666666
2 0.1 0.89375 0.07777777777777778 0.029166666666666667
2 0.2962962962962963 0.8916666666666667 0.06666666666666667 0.03125
2 0.49907407407407406 0.8921875 0.06111111111111111 0.023958333333333335
2 0.7018518518518518 0.8927083333333333 0.05925925925925926 0.03125
2 0.9009259259259259 0.890625 0.06851851851851852 0.027083333333333334