7 0.17592592592592593 0.0703125 0.2851851851851852 0.030208333333333334
7 0.33240740740740743 0.1796875 0.1388888888888889 0.059375
7 0.33425925925925926 0.3296875 0.15 0.05520833333333333
7 0.3314814814814815 0.4791666666666667 0.13703703703703704 0.05416666666666667
7 0.3509259259259259 0.6260416666666667 0.18333333333333332 0.05416666666666667
7 0.3296296296296296 0.7760416666666666 0.13333333333333333 0.05416666666666667
7 0.3351851851851852 0.9109375 0.15185185185185185 0.030208333333333334
3 0.13055555555555556 0.1859375 0.23148148148148148 0.13229166666666667
3 0.13425925925925927 0.3302083333333333 0.2351851851851852 0.12708333333333333
3 0.13425925925925927 0.4869791666666667 0.21666666666666667 0.11145833333333334
3 0.125 0.6276041666666666 0.2351851851851852 0.12395833333333334
3 0.13425925925925927 0.7760416666666666 0.20185185185185187 0.14166666666666666
3 0.13240740740740742 0.8958333333333334 0.17962962962962964 0.075
2 0.9462962962962963 0.06979166666666667 0.025925925925925925 0.03125