7 0.4388888888888889 0.14713541666666666 0.06111111111111111 0.022395833333333334
7 0.22407407407407406 0.175 0.31296296296296294 0.03333333333333333
7 0.1675925925925926 0.36015625 0.21481481481481482 0.025520833333333333
2 0.44074074074074077 0.3572916666666667 0.05740740740740741 0.03229166666666667
7 0.9199074074074074 0.14713541666666666 0.062037037037037036 0.022395833333333334
7 0.6555555555555556 0.19088541666666667 0.2222222222222222 0.05260416666666667
7 0.6476851851851851 0.3606770833333333 0.20833333333333334 0.028645833333333332
2 0.9212962962962963 0.3572916666666667 0.05925925925925926 0.03229166666666667
7 0.4388888888888889 0.41770833333333335 0.06111111111111111 0.021875
7 0.24444444444444444 0.4453125 0.3537037037037037 0.03333333333333333
7 0.16805555555555557 0.6294270833333333 0.20833333333333334 0.028645833333333332
2 0.44074074074074077 0.6276041666666666 0.05740740740740741 0.03333333333333333
7 0.9199074074074074 0.41770833333333335 0.062037037037037036 0.021875
7 0.6074074074074074 0.4453125 0.12037037037037036 0.03333333333333333
7 0.6458333333333334 0.62890625 0.20462962962962963 0.024479166666666666
2 0.9212962962962963 0.6276041666666666 0.05925925925925926 0.03333333333333333
7 0.4388888888888889 0.6877604166666667 0.06111111111111111 0.022395833333333334
7 0.22824074074074074 0.7338541666666667 0.3194444444444444 0.059375
7 0.16620370370370371 0.8989583333333333 0.21388888888888888 0.028125
2 0.44074074074074077 0.8979166666666667 0.05740740740740741 0.03229166666666667
7 0.9199074074074074 0.6877604166666667 0.062037037037037036 0.022395833333333334
7 0.6157407407407407 0.715625 0.13703703703703704 0.03333333333333333
7 0.6449074074074074 0.9010416666666666 0.2101851851851852 0.027083333333333334
2 0.9212962962962963 0.8973958333333333 0.05925925925925926 0.03229166666666667
2 0.06759259259259259 0.0703125 0.05555555555555555 0.029166666666666667
7 0.3111111111111111 0.0734375 0.34814814814814815 0.035416666666666666