7 0.24814814814814815 0.075 0.22962962962962963 0.035416666666666666
2 0.06759259259259259 0.07057291666666667 0.05 0.03177083333333333
3 0.1300925925925926 0.18255208333333334 0.175 0.0984375
7 0.350462962962963 0.16979166666666667 0.21203703703703702 0.036458333333333336
3 0.1300925925925926 0.31640625 0.175 0.0984375
7 0.350462962962963 0.303125 0.21203703703703702 0.036458333333333336
3 0.1300925925925926 0.44973958333333336 0.175 0.0984375
7 0.3851851851851852 0.43671875 0.2814814814814815 0.0359375
3 0.1300925925925926 0.58359375 0.175 0.0984375
7 0.38842592592592595 0.5703125 0.287962962962963 0.036458333333333336
3 0.1300925925925926 0.7169270833333333 0.175 0.0984375
7 0.40046296296296297 0.7041666666666667 0.31203703703703706 0.036458333333333336
3 0.1300925925925926 0.85078125 0.175 0.0984375
7 0.40046296296296297 0.8375 0.31203703703703706 0.036458333333333336