2 0.06898148148148148 0.07838541666666667 0.06018518518518518 0.033854166666666664
7 0.500462962962963 0.08098958333333334 0.19907407407407407 0.03697916666666667
7 0.4986111111111111 0.14114583333333333 0.15833333333333333 0.029166666666666667
7 0.30416666666666664 0.19609375 0.5675925925925925 0.03697916666666667
7 0.1699074074074074 0.3419270833333333 0.2824074074074074 0.0359375
7 0.24444444444444444 0.6020833333333333 0.4444444444444444 0.03854166666666667
7 0.26944444444444443 0.7875 0.4722222222222222 0.041666666666666664
0 0.95 0.7830729166666667 0.08333333333333333 0.04739583333333333
7 0.21666666666666667 0.8744791666666667 0.37037037037037035 0.035416666666666666
0 0.9513888888888888 0.87265625 0.08055555555555556 0.0515625
7 0.18287037037037038 0.50703125 0.20833333333333334 0.021354166666666667
7 0.1763888888888889 0.68125 0.23055555555555557 0.020833333333333332