0 0.08796296296296297 0.14583333333333334 0.04814814814814815 0.030208333333333334
7 0.22037037037037038 0.19947916666666668 0.35 0.03333333333333333
7 0.4634259259259259 0.24557291666666667 0.8490740740740741 0.0484375
7 0.3453703703703704 0.3 0.2814814814814815 0.029166666666666667
7 0.12824074074074074 0.35625 0.16574074074074074 0.029166666666666667
2 0.06759259259259259 0.06510416666666667 0.07777777777777778 0.04375
7 0.3486111111111111 0.06770833333333333 0.47314814814814815 0.030208333333333334
7 0.40185185185185185 0.14869791666666668 0.5592592592592592 0.0296875
7 0.6754629629629629 0.30130208333333336 0.15092592592592594 0.021354166666666667
7 0.7032407407407407 0.40651041666666665 0.08055555555555556 0.025520833333333333
8 0.7083518518518518 0.4059270833333333 0.1835277777777778 0.046223958333333336
8 0.6782685185185185 0.298828125 0.22057407407407406 0.05078125