7 0.16296296296296298 0.24505208333333334 0.2537037037037037 0.03177083333333333
5 0.10972222222222222 0.48098958333333336 0.05462962962962963 0.0328125
5 0.11157407407407408 0.5526041666666667 0.05648148148148148 0.034375
5 0.11157407407407408 0.62421875 0.05092592592592592 0.034895833333333334
7 0.16712962962962963 0.8901041666666667 0.25833333333333336 0.028125
2 0.08148148148148149 0.7752604166666667 0.08703703703703704 0.049479166666666664
7 0.23935185185185184 0.77890625 0.1638888888888889 0.034895833333333334
2 0.324537037037037 0.12604166666666666 0.04351851851851852 0.025
2 0.44074074074074077 0.12526041666666668 0.03888888888888889 0.022395833333333334
2 0.5583333333333333 0.12578125 0.03148148148148148 0.019270833333333334
2 0.675 0.12552083333333333 0.03518518518518519 0.019791666666666666
7 0.05462962962962963 0.171875 0.05185185185185185 0.026041666666666668
2 0.6402777777777777 0.17265625 0.032407407407407406 0.025520833333333333
2 0.06620370370370371 0.07057291666666667 0.05277777777777778 0.027604166666666666
2 0.9416666666666667 0.071875 0.06111111111111111 0.035416666666666666
7 0.31805555555555554 0.07421875 0.36018518518518516 0.0328125
7 0.7189814814814814 0.17135416666666667 0.12129629629629629 0.019791666666666666
2 0.8560185185185185 0.17213541666666668 0.03981481481481482 0.025520833333333333
7 0.33564814814814814 0.4791666666666667 0.33425925925925926 0.026041666666666668
7 0.4023148148148148 0.5536458333333333 0.4638888888888889 0.023958333333333335
7 0.3768518518518518 0.6276041666666666 0.412962962962963 0.028125
7 0.4398148148148148 0.7752604166666667 0.10185185185185185 0.019270833333333334
7 0.8449074074074074 0.8908854166666667 0.18611111111111112 0.022395833333333334
8 0.8425925925925926 0.8922552083333334 0.24367592592592593 0.055338541666666664