7 0.18009259259259258 0.153125 0.29907407407407405 0.03125
7 0.15185185185185185 0.2171875 0.23703703703703705 0.036458333333333336
6 0.9027777777777778 0.2140625 0.11481481481481481 0.0375
7 0.5018518518518519 0.29635416666666664 0.8037037037037037 0.06041666666666667
7 0.1527777777777778 0.40078125 0.23703703703703705 0.030729166666666665
7 0.17592592592592593 0.4622395833333333 0.2759259259259259 0.03802083333333333
7 0.7449074074074075 0.4622395833333333 0.39537037037037037 0.03802083333333333
7 0.1912037037037037 0.52734375 0.30648148148148147 0.03802083333333333
7 0.861574074074074 0.52734375 0.16203703703703703 0.03802083333333333
7 0.11481481481481481 0.5924479166666666 0.1537037037037037 0.03802083333333333
7 0.8449074074074074 0.5924479166666666 0.19537037037037036 0.03802083333333333
7 0.1111111111111111 0.6578125 0.14629629629629629 0.0375
7 0.8449074074074074 0.6578125 0.19537037037037036 0.0375
7 0.49953703703703706 0.73203125 0.7379629629629629 0.0265625
7 0.28379629629629627 0.07239583333333334 0.23425925925925925 0.035416666666666666
2 0.06666666666666667 0.07135416666666666 0.06851851851851852 0.03854166666666667