2 0.06666666666666667 0.06927083333333334 0.05555555555555555 0.028125
2 0.8240740740740741 0.07083333333333333 0.07037037037037037 0.03958333333333333
2 0.9398148148148148 0.06875 0.05740740740740741 0.035416666666666666
7 0.20555555555555555 0.071875 0.14444444444444443 0.029166666666666667
7 0.1398148148148148 0.13958333333333334 0.24259259259259258 0.027083333333333334
7 0.325 0.23697916666666666 0.6166666666666667 0.08229166666666667
7 0.12037037037037036 0.32447916666666665 0.2074074074074074 0.030208333333333334
7 0.47314814814814815 0.3854166666666667 0.9166666666666666 0.0875
7 0.11018518518518519 0.47291666666666665 0.18703703703703703 0.027083333333333334
7 0.4212962962962963 0.5229166666666667 0.812962962962963 0.06041666666666667
7 0.3814814814814815 0.6098958333333333 0.725925925925926 0.057291666666666664
7 0.43796296296296294 0.7114583333333333 0.8388888888888889 0.09166666666666666
7 0.43333333333333335 0.8328125 0.8296296296296296 0.090625
7 0.09444444444444444 0.9213541666666667 0.15185185185185185 0.023958333333333335
0 0.9074074074074074 0.1421875 0.05925925925925926 0.034375
0 0.9101851851851852 0.21510416666666668 0.06481481481481481 0.034375
0 0.9092592592592592 0.4796875 0.06296296296296296 0.03229166666666667
0 0.9092592592592592 0.6020833333333333 0.05925925925925926 0.03333333333333333
0 0.9064814814814814 0.6848958333333334 0.05740740740740741 0.030208333333333334
0 0.9074074074074074 0.80625 0.05925925925925926 0.03333333333333333