7 0.5310185185185186 0.13619791666666667 0.14907407407407408 0.033854166666666664
7 0.5388888888888889 0.20182291666666666 0.1648148148148148 0.03177083333333333
7 0.5685185185185185 0.2671875 0.22407407407407406 0.030208333333333334
7 0.6449074074074074 0.33489583333333334 0.3768518518518518 0.03229166666666667
7 0.5680555555555555 0.40286458333333336 0.22314814814814815 0.0359375
7 0.5842592592592593 0.46901041666666665 0.25555555555555554 0.034895833333333334
7 0.6597222222222222 0.534375 0.4064814814814815 0.03333333333333333
0 0.9032407407407408 0.5341145833333333 0.05648148148148148 0.03177083333333333
7 0.537962962962963 0.6020833333333333 0.16296296296296298 0.030208333333333334
7 0.07453703703703704 0.13151041666666666 0.06388888888888888 0.022395833333333334
7 0.5550925925925926 0.6984375 0.2638888888888889 0.026041666666666668
7 0.49675925925925923 0.8033854166666666 0.9712962962962963 0.025520833333333333
7 0.25324074074074077 0.8486979166666667 0.3453703703703704 0.0234375
7 0.25277777777777777 0.9020833333333333 0.15555555555555556 0.029166666666666667
7 0.7509259259259259 0.9013020833333333 0.29074074074074074 0.030729166666666665
0 0.03981481481481482 0.8450520833333334 0.05740740740740741 0.030729166666666665
3 0.0763888888888889 0.07213541666666666 0.0824074074074074 0.04114583333333333
3 0.20972222222222223 0.27109375 0.31203703703703706 0.08802083333333334
3 0.21388888888888888 0.41484375 0.31666666666666665 0.08072916666666667
3 0.20555555555555555 0.5575520833333333 0.31851851851851853 0.07239583333333334
3 0.2074074074074074 0.69765625 0.3148148148148148 0.07447916666666667
7 0.4398148148148148 0.06848958333333334 0.6296296296296297 0.024479166666666666
2 0.8277777777777777 0.06901041666666667 0.07592592592592592 0.030729166666666665
2 0.9425925925925925 0.06588541666666667 0.03888888888888889 0.03802083333333333