7 0.1736111111111111 0.14348958333333334 0.23055555555555557 0.0296875
7 0.3013888888888889 0.23020833333333332 0.4935185185185185 0.03125
7 0.17824074074074073 0.31614583333333335 0.24537037037037038 0.025
7 0.08564814814814815 0.4036458333333333 0.06018518518518518 0.03125
7 0.28703703703703703 0.40338541666666666 0.12962962962962962 0.0328125
7 0.34074074074074073 0.49765625 0.15925925925925927 0.030729166666666665
2 0.8722222222222222 0.16484375 0.17962962962962964 0.1015625
7 0.4976851851851852 0.06979166666666667 0.14166666666666666 0.03125
2 0.07083333333333333 0.06796875 0.05092592592592592 0.0265625
4 0.3972222222222222 0.14401041666666667 0.7222222222222222 0.06302083333333333
4 0.3962962962962963 0.23046875 0.7185185185185186 0.06302083333333333
4 0.3962962962962963 0.31692708333333336 0.7222222222222222 0.06302083333333333
7 0.49722222222222223 0.7057291666666666 0.18333333333333332 0.019791666666666666
7 0.4986111111111111 0.7872395833333333 0.3287037037037037 0.027604166666666666
7 0.4981481481481482 0.8638020833333333 0.11481481481481481 0.0234375
7 0.8875 0.06953125 0.08796296296296297 0.0234375
7 0.8736111111111111 0.19791666666666666 0.08611111111111111 0.01875
2 0.8717592592592592 0.15364583333333334 0.1287037037037037 0.058333333333333334
8 0.50175 0.7080104166666668 0.6638425925925926 0.056640625
8 0.49828703703703703 0.7825520833333334 0.6615277777777778 0.046875
8 0.4988611111111111 0.8587239583333334 0.6626851851851853 0.053385416666666664