2 0.09074074074074075 0.0703125 0.08518518518518518 0.040625
3 0.12222222222222222 0.1796875 0.1 0.05520833333333333
3 0.12222222222222222 0.28177083333333336 0.0962962962962963 0.053125
3 0.12037037037037036 0.3796875 0.0962962962962963 0.057291666666666664
3 0.12222222222222222 0.48020833333333335 0.09259259259259259 0.052083333333333336
3 0.12129629629629629 0.5807291666666666 0.09444444444444444 0.053125
7 0.28888888888888886 0.07135416666666666 0.24444444444444444 0.03229166666666667
7 0.42407407407407405 0.16770833333333332 0.4740740740740741 0.025
7 0.35555555555555557 0.19635416666666666 0.3296296296296296 0.023958333333333335
7 0.3425925925925926 0.2677083333333333 0.3074074074074074 0.022916666666666665
7 0.3509259259259259 0.29739583333333336 0.32407407407407407 0.021875
7 0.2462962962962963 0.36614583333333334 0.1111111111111111 0.021875
7 0.3537037037037037 0.396875 0.32592592592592595 0.022916666666666665
7 0.4212962962962963 0.4661458333333333 0.46111111111111114 0.023958333333333335
7 0.35 0.49635416666666665 0.32592592592592595 0.021875
7 0.27870370370370373 0.5651041666666666 0.17592592592592593 0.021875
7 0.35555555555555557 0.5979166666666667 0.34074074074074073 0.01875
7 0.8712962962962963 0.16614583333333333 0.12037037037037036 0.021875
7 0.8629629629629629 0.19739583333333333 0.13333333333333333 0.026041666666666668
7 0.8666666666666667 0.26510416666666664 0.11481481481481481 0.019791666666666666
7 0.8629629629629629 0.296875 0.1259259259259259 0.025
7 0.8648148148148148 0.365625 0.11851851851851852 0.020833333333333332
7 0.8601851851851852 0.396875 0.12777777777777777 0.025
7 0.8657407407407407 0.46458333333333335 0.10925925925925926 0.022916666666666665
7 0.8611111111111112 0.49583333333333335 0.1259259259259259 0.022916666666666665
7 0.8638888888888889 0.5651041666666666 0.11666666666666667 0.021875
7 0.8601851851851852 0.5973958333333333 0.12407407407407407 0.023958333333333335