7 0.14814814814814814 0.05364583333333333 0.1925925925925926 0.027083333333333334
7 0.3560185185185185 0.10390625 0.5972222222222222 0.03802083333333333
7 0.41388888888888886 0.14921875 0.7129629629629629 0.05260416666666667
7 0.3597222222222222 0.21432291666666667 0.6046296296296296 0.03802083333333333
7 0.3527777777777778 0.26067708333333334 0.5907407407407408 0.0546875
0 0.8805555555555555 0.240625 0.06296296296296296 0.036458333333333336
7 0.20555555555555555 0.3265625 0.2962962962962963 0.0375
7 0.3912037037037037 0.36041666666666666 0.6675925925925926 0.030208333333333334
0 0.8787037037037037 0.34140625 0.05740740740740741 0.034895833333333334
7 0.27824074074074073 0.4296875 0.44166666666666665 0.0375
7 0.2388888888888889 0.49713541666666666 0.37407407407407406 0.030729166666666665
7 0.33564814814814814 0.5627604166666667 0.5564814814814815 0.03802083333333333
7 0.3962962962962963 0.6265625 0.6907407407407408 0.034375
7 0.14583333333333334 0.68046875 0.17685185185185184 0.03802083333333333
7 0.21388888888888888 0.7143229166666667 0.31296296296296294 0.0296875
7 0.13703703703703704 0.7690104166666667 0.15925925925925927 0.03802083333333333
7 0.20833333333333334 0.8026041666666667 0.30185185185185187 0.029166666666666667
7 0.36342592592592593 0.8721354166666667 0.612037037037037 0.03802083333333333