2 0.500462962962963 0.18489583333333334 0.18425925925925926 0.10520833333333333
7 0.4986111111111111 0.26328125 0.26944444444444443 0.0296875
7 0.3282407407407407 0.28932291666666665 0.062037037037037036 0.022395833333333334
2 0.24768518518518517 0.4786458333333333 0.18611111111111112 0.10520833333333333
7 0.24861111111111112 0.55859375 0.3138888888888889 0.0296875
7 0.24861111111111112 0.584375 0.062037037037037036 0.021875
2 0.75 0.47994791666666664 0.17962962962962964 0.1046875
7 0.7486111111111111 0.55859375 0.3638888888888889 0.0296875
7 0.7486111111111111 0.584375 0.04537037037037037 0.021875
2 0.5 0.7778645833333333 0.17592592592592593 0.09947916666666666
7 0.49907407407407406 0.85390625 0.3148148148148148 0.0296875
7 0.4986111111111111 0.8799479166666667 0.04537037037037037 0.022395833333333334
2 0.06898148148148148 0.07057291666666667 0.06759259259259259 0.028645833333333332
7 0.3314814814814815 0.07447916666666667 0.3814814814814815 0.034375
7 0.49907407407407406 0.36666666666666664 0.3111111111111111 0.021875
7 0.49907407407407406 0.6619791666666667 0.30925925925925923 0.020833333333333332
8 0.5040833333333333 0.3684895833333333 0.3675833333333333 0.0546875
8 0.4977222222222222 0.6611354166666668 0.3641111111111111 0.046223958333333336