7 0.27870370370370373 0.07161458333333333 0.22037037037037038 0.027604166666666666
2 0.06759259259259259 0.07135416666666666 0.05740740740740741 0.03125
7 0.24953703703703703 0.14244791666666667 0.1824074074074074 0.025520833333333333
7 0.749537037037037 0.14375 0.25092592592592594 0.025
7 0.10694444444444444 0.20963541666666666 0.14537037037037037 0.0234375
3 0.12546296296296297 0.27838541666666666 0.175 0.0765625
7 0.3138888888888889 0.28098958333333335 0.12407407407407407 0.024479166666666666
3 0.12546296296296297 0.35494791666666664 0.175 0.0765625
7 0.35648148148148145 0.3567708333333333 0.20925925925925926 0.026041666666666668
3 0.12546296296296297 0.4315104166666667 0.175 0.0765625
7 0.3509259259259259 0.434375 0.20555555555555555 0.025
3 0.12546296296296297 0.5080729166666667 0.175 0.0765625
7 0.3476851851851852 0.5080729166666667 0.19166666666666668 0.0296875
3 0.12546296296296297 0.5846354166666666 0.175 0.0765625
7 0.41805555555555557 0.5864583333333333 0.33240740740740743 0.026041666666666668
3 0.12546296296296297 0.6611979166666667 0.175 0.0765625
7 0.3574074074074074 0.6619791666666667 0.2111111111111111 0.028125
3 0.12546296296296297 0.7377604166666667 0.175 0.0765625
7 0.35833333333333334 0.73984375 0.21296296296296297 0.025520833333333333
3 0.12546296296296297 0.8143229166666667 0.175 0.0765625
7 0.32916666666666666 0.8151041666666666 0.15462962962962962 0.028125
3 0.12546296296296297 0.8908854166666667 0.175 0.0765625
7 0.34305555555555556 0.8919270833333334 0.1824074074074074 0.027604166666666666