7 0.4986111111111111 0.4552083333333333 0.41388888888888886 0.06041666666666667
7 0.500462962962963 0.6393229166666666 0.5453703703703704 0.025520833333333333
7 0.500462962962963 0.29739583333333336 0.11018518518518519 0.026041666666666668
7 0.49953703703703706 0.37864583333333335 0.1398148148148148 0.029166666666666667
7 0.5 0.7028645833333333 0.16111111111111112 0.022395833333333334
7 0.49722222222222223 0.7809895833333333 0.22962962962962963 0.024479166666666666
7 0.4962962962962963 0.86171875 0.1111111111111111 0.022395833333333334
8 0.4988888888888888 0.29525 0.27385185185185185 0.054036458333333336
8 0.4954166666666666 0.376953125 0.2669074074074074 0.05078125
8 0.49943518518518515 0.703125 0.6684722222222222 0.0546875
8 0.4994444444444444 0.783203125 0.6592129629629631 0.053385416666666664
8 0.5011759259259259 0.8639322916666666 0.6626851851851853 0.053385416666666664