2 0.07175925925925926 0.07630208333333334 0.05648148148148148 0.025520833333333333
7 0.49537037037037035 0.08203125 0.2 0.0390625
7 0.4976851851851852 0.14036458333333332 0.1398148148148148 0.03802083333333333
7 0.19444444444444445 0.19609375 0.32407407407407407 0.034895833333333334
7 0.2671296296296296 0.22864583333333333 0.462037037037037 0.027083333333333334
0 0.9490740740740741 0.20572916666666666 0.08333333333333333 0.04791666666666667
7 0.33055555555555555 0.284375 0.5962962962962963 0.03958333333333333
7 0.2949074074074074 0.31666666666666665 0.5175925925925926 0.025
0 0.95 0.2953125 0.08333333333333333 0.04479166666666667
7 0.337037037037037 0.37083333333333335 0.6074074074074074 0.040625
7 0.26990740740740743 0.40520833333333334 0.4675925925925926 0.025
0 0.9495370370370371 0.38255208333333335 0.08055555555555556 0.0453125
7 0.1736111111111111 0.46171875 0.2824074074074074 0.0359375
7 0.2962962962962963 0.49453125 0.5148148148148148 0.0265625
7 0.22175925925925927 0.5515625 0.38425925925925924 0.035416666666666666
7 0.49074074074074076 0.59296875 0.9222222222222223 0.04739583333333333
7 0.37824074074074077 0.74609375 0.6898148148148148 0.0390625
7 0.26805555555555555 0.7809895833333333 0.4601851851851852 0.0265625
0 0.950925925925926 0.7575520833333333 0.07962962962962963 0.04635416666666667