7 0.6157407407407407 0.3143229166666667 0.21851851851851853 0.0296875
2 0.7574074074074074 0.3111979166666667 0.04814814814814815 0.027604166666666666
7 0.5 0.3736979166666667 0.6666666666666666 0.06302083333333333
7 0.4986111111111111 0.43203125 0.5138888888888888 0.0296875
5 0.23148148148148148 0.47552083333333334 0.05555555555555555 0.030208333333333334
5 0.23055555555555557 0.5059895833333333 0.053703703703703705 0.0296875
5 0.2310185185185185 0.5369791666666667 0.05462962962962963 0.029166666666666667
5 0.575462962962963 0.4752604166666667 0.05648148148148148 0.0296875
5 0.5745370370370371 0.50625 0.05462962962962963 0.030208333333333334
5 0.575462962962963 0.5372395833333333 0.05648148148148148 0.0296875
5 0.3875 0.56796875 0.05462962962962963 0.0296875
2 0.08935185185185185 0.065625 0.06388888888888888 0.0375
7 0.38472222222222224 0.47552083333333334 0.2324074074074074 0.021875
7 0.36157407407407405 0.5080729166666667 0.18611111111111112 0.019270833333333334
7 0.3574074074074074 0.5377604166666666 0.17777777777777778 0.021354166666666667
7 0.7041666666666667 0.47630208333333335 0.18611111111111112 0.019270833333333334
7 0.7037037037037037 0.50859375 0.17962962962962964 0.0203125
7 0.6990740740740741 0.5388020833333333 0.17407407407407408 0.019270833333333334
7 0.5333333333333333 0.56953125 0.22037037037037038 0.019270833333333334
7 0.49907407407407406 0.6380208333333334 0.17777777777777778 0.023958333333333335
7 0.5041666666666667 0.696875 0.14166666666666666 0.022916666666666665
8 0.5006018518518518 0.6360677083333334 0.6152407407407408 0.045572916666666664
8 0.49828703703703703 0.6966145833333334 0.6059814814814816 0.046875