3 0.2587962962962963 0.1828125 0.44166666666666665 0.14791666666666667
7 0.13287037037037036 0.2833333333333333 0.18981481481481483 0.021875
3 0.7393518518518518 0.1828125 0.44166666666666665 0.14791666666666667
7 0.7055555555555556 0.2830729166666667 0.37407407407407406 0.022395833333333334
3 0.2587962962962963 0.40911458333333334 0.44166666666666665 0.1859375
7 0.07916666666666666 0.5276041666666667 0.0824074074074074 0.023958333333333335
3 0.7393518518518518 0.40911458333333334 0.44166666666666665 0.1859375
7 0.5736111111111111 0.528125 0.11018518518518519 0.022916666666666665
3 0.2587962962962963 0.6546875 0.44166666666666665 0.18645833333333334
7 0.18611111111111112 0.7739583333333333 0.2962962962962963 0.022916666666666665
3 0.7393518518518518 0.6546875 0.44166666666666665 0.18645833333333334
7 0.6532407407407408 0.7734375 0.26944444444444443 0.023958333333333335
3 0.2587962962962963 0.8705729166666667 0.44166666666666665 0.1265625
3 0.7393518518518518 0.8705729166666667 0.44166666666666665 0.1265625
7 0.2884259259259259 0.07473958333333333 0.23796296296296296 0.030729166666666665
7 0.9365740740740741 0.07135416666666666 0.09722222222222222 0.027083333333333334
2 0.07175925925925926 0.07005208333333333 0.062037037037037036 0.030729166666666665