7 0.49722222222222223 0.12421875 0.5555555555555556 0.030729166666666665
2 0.08657407407407407 0.18541666666666667 0.058333333333333334 0.03229166666666667
7 0.18935185185185185 0.18489583333333334 0.06944444444444445 0.025
0 0.9018518518518519 0.18541666666666667 0.07777777777777778 0.04375
2 0.08657407407407407 0.26197916666666665 0.058333333333333334 0.03333333333333333
7 0.22314814814814815 0.2640625 0.13703703703703704 0.028125
0 0.9018518518518519 0.26197916666666665 0.07777777777777778 0.04375
2 0.08657407407407407 0.3385416666666667 0.058333333333333334 0.03229166666666667
7 0.2273148148148148 0.3390625 0.14537037037037037 0.025
0 0.9018518518518519 0.3385416666666667 0.07777777777777778 0.04375
2 0.08657407407407407 0.41510416666666666 0.058333333333333334 0.03333333333333333
7 0.21898148148148147 0.4158854166666667 0.1287037037037037 0.025520833333333333
0 0.9018518518518519 0.41510416666666666 0.07777777777777778 0.04375
2 0.08657407407407407 0.49166666666666664 0.058333333333333334 0.03229166666666667
7 0.2212962962962963 0.49244791666666665 0.13333333333333333 0.025520833333333333
0 0.9018518518518519 0.49166666666666664 0.07777777777777778 0.04375
2 0.08657407407407407 0.5682291666666667 0.058333333333333334 0.03333333333333333
7 0.25555555555555554 0.5705729166666667 0.20185185185185187 0.028645833333333332
0 0.9018518518518519 0.5682291666666667 0.07777777777777778 0.04375
2 0.08657407407407407 0.6447916666666667 0.058333333333333334 0.03229166666666667
7 0.21203703703703702 0.6450520833333333 0.11481481481481481 0.024479166666666666
0 0.9018518518518519 0.6447916666666667 0.07777777777777778 0.04375
2 0.08657407407407407 0.7213541666666666 0.058333333333333334 0.03333333333333333
7 0.19490740740740742 0.721875 0.08055555555555556 0.025
0 0.9018518518518519 0.7213541666666666 0.07777777777777778 0.04375
2 0.08657407407407407 0.7979166666666667 0.058333333333333334 0.03229166666666667
7 0.2726851851851852 0.7989583333333333 0.2361111111111111 0.026041666666666668
0 0.9018518518518519 0.7979166666666667 0.07777777777777778 0.04375
7 0.8268518518518518 0.890625 0.09814814814814815 0.027083333333333334
2 0.9050925925925926 0.8895833333333333 0.030555555555555555 0.022916666666666665
7 0.500462962962963 0.89140625 0.1175925925925926 0.022395833333333334
8 0.4983055555555555 0.88671875 0.2912037037037037 0.052083333333333336