7 0.3337962962962963 0.07317708333333334 0.4287037037037037 0.034895833333333334
2 0.06712962962962964 0.17994791666666668 0.04537037037037037 0.0296875
7 0.4564814814814815 0.17447916666666666 0.24074074074074073 0.04583333333333333
7 0.45740740740740743 0.22578125 0.2351851851851852 0.025520833333333333
6 0.8888888888888888 0.18776041666666668 0.17037037037037037 0.043229166666666666
7 0.2833333333333333 0.2734375 0.4166666666666667 0.022916666666666665
2 0.06851851851851852 0.3541666666666667 0.044444444444444446 0.03333333333333333
7 0.45925925925925926 0.34739583333333335 0.24259259259259258 0.046875
7 0.45925925925925926 0.39791666666666664 0.2351851851851852 0.026041666666666668
6 0.8888888888888888 0.36015625 0.17037037037037037 0.043229166666666666
7 0.2851851851851852 0.446875 0.42592592592592593 0.01875
7 0.06018518518518518 0.5572916666666666 0.07222222222222222 0.023958333333333335
7 0.44537037037037036 0.5315104166666667 0.3296296296296296 0.021354166666666667
6 0.8888888888888888 0.5294270833333333 0.17037037037037037 0.043229166666666666
2 0.06018518518518518 0.07057291666666667 0.046296296296296294 0.03177083333333333
7 0.06712962962962964 0.21484375 0.09537037037037037 0.0203125
2 0.03564814814814815 0.2734375 0.03611111111111111 0.019791666666666666
2 0.0375 0.44505208333333335 0.032407407407407406 0.018229166666666668
7 0.06851851851851852 0.38776041666666666 0.09444444444444444 0.019270833333333334
2 0.05694444444444444 0.5221354166666666 0.05648148148148148 0.0296875
7 0.9175925925925926 0.18802083333333333 0.07222222222222222 0.020833333333333332
7 0.9171296296296296 0.3606770833333333 0.0712962962962963 0.018229166666666668
7 0.9152777777777777 0.5309895833333333 0.075 0.021354166666666667
7 0.5 0.6291666666666667 0.12962962962962962 0.029166666666666667
8 0.5052222222222222 0.6302083333333334 0.6568981481481482 0.08854166666666667