7 0.14537037037037037 0.07291666666666667 0.22777777777777777 0.03333333333333333
2 0.9398148148148148 0.0703125 0.04259259259259259 0.023958333333333335
5 0.07777777777777778 0.15130208333333334 0.053703703703703705 0.03177083333333333
5 0.07546296296296297 0.19479166666666667 0.05648148148148148 0.03333333333333333
5 0.07777777777777778 0.23984375 0.05185185185185185 0.0296875
5 0.0787037037037037 0.2830729166666667 0.05925925925925926 0.0296875
5 0.0787037037037037 0.3263020833333333 0.05555555555555555 0.0328125
5 0.07777777777777778 0.36953125 0.053703703703703705 0.03177083333333333
5 0.07685185185185185 0.41458333333333336 0.05555555555555555 0.030208333333333334
5 0.07685185185185185 0.45755208333333336 0.05555555555555555 0.0328125
5 0.07685185185185185 0.5020833333333333 0.053703703703703705 0.03125
5 0.07592592592592592 0.54609375 0.05 0.027604166666666666
5 0.07685185185185185 0.5890625 0.053703703703703705 0.03333333333333333
5 0.07731481481481481 0.6328125 0.05462962962962963 0.03125
5 0.07546296296296297 0.6770833333333334 0.058333333333333334 0.030208333333333334
5 0.0763888888888889 0.7203125 0.05277777777777778 0.03125
7 0.48009259259259257 0.8661458333333333 0.8842592592592593 0.08958333333333333
7 0.32592592592592595 0.15442708333333333 0.43148148148148147 0.0265625
7 0.1486111111111111 0.23984375 0.075 0.021354166666666667
7 0.1712962962962963 0.28463541666666664 0.11481481481481481 0.018229166666666668
7 0.17685185185185184 0.32916666666666666 0.12962962962962962 0.027083333333333334
7 0.17175925925925925 0.37135416666666665 0.12129629629629629 0.023958333333333335
7 0.17777777777777778 0.4166666666666667 0.13148148148148148 0.01875
7 0.16296296296296298 0.46119791666666665 0.10185185185185185 0.0203125
7 0.18055555555555555 0.5036458333333333 0.13703703703703704 0.022916666666666665
7 0.17777777777777778 0.59140625 0.12777777777777777 0.019270833333333334
7 0.1699074074074074 0.6341145833333334 0.11203703703703703 0.0203125
7 0.15462962962962962 0.67890625 0.08888888888888889 0.018229166666666668
7 0.500462962962963 0.7872395833333333 0.09907407407407408 0.0203125
8 0.5 0.7916666666666666 0.8964537037037037 0.046875