7 0.09259259259259259 0.07916666666666666 0.14814814814814814 0.03333333333333333
7 0.11388888888888889 0.1546875 0.18703703703703703 0.030208333333333334
7 0.10092592592592593 0.22760416666666666 0.1537037037037037 0.030208333333333334
7 0.11944444444444445 0.30520833333333336 0.18333333333333332 0.0375
7 0.1685185185185185 0.37916666666666665 0.2962962962962963 0.035416666666666666
7 0.14722222222222223 0.453125 0.2351851851851852 0.035416666666666666
7 0.15925925925925927 0.5286458333333334 0.26296296296296295 0.036458333333333336
7 0.14166666666666666 0.6041666666666666 0.2351851851851852 0.03333333333333333
7 0.20092592592592592 0.6770833333333334 0.3537037037037037 0.03333333333333333
7 0.2111111111111111 0.7536458333333333 0.36666666666666664 0.034375
7 0.2175925925925926 0.8270833333333333 0.38333333333333336 0.03333333333333333
7 0.20185185185185187 0.9041666666666667 0.35555555555555557 0.03125
0 0.9212962962962963 0.078125 0.07592592592592592 0.04375
0 0.9212962962962963 0.15208333333333332 0.06851851851851852 0.0375
0 0.9203703703703704 0.2265625 0.06666666666666667 0.03854166666666667
0 0.9212962962962963 0.3015625 0.07592592592592592 0.042708333333333334
0 0.9222222222222223 0.37916666666666665 0.07777777777777778 0.03958333333333333
0 0.9222222222222223 0.4515625 0.06296296296296296 0.040625
0 0.9222222222222223 0.5276041666666667 0.07037037037037037 0.036458333333333336
0 0.9212962962962963 0.6015625 0.06851851851851852 0.036458333333333336
0 0.9222222222222223 0.6765625 0.07407407407407407 0.03854166666666667
0 0.9212962962962963 0.7515625 0.07222222222222222 0.04479166666666667
0 0.9203703703703704 0.8260416666666667 0.06666666666666667 0.041666666666666664
0 0.9231481481481482 0.9026041666666667 0.07222222222222222 0.040625