7 0.475 0.06979166666666667 0.09074074074074075 0.021875
2 0.7782407407407408 0.06848958333333334 0.07685185185185185 0.0359375
2 0.9287037037037037 0.06614583333333333 0.07407407407407407 0.042708333333333334
2 0.09490740740740741 0.87890625 0.07314814814814814 0.0390625
2 0.2953703703703704 0.8791666666666667 0.08148148148148149 0.03958333333333333
2 0.5018518518518519 0.8796875 0.09444444444444444 0.040625
2 0.700925925925926 0.8807291666666667 0.09259259259259259 0.03854166666666667
2 0.9046296296296297 0.884375 0.05555555555555555 0.025
2 0.07731481481481481 0.14140625 0.07314814814814814 0.03802083333333333
2 0.07777777777777778 0.21536458333333333 0.07407407407407407 0.0421875
7 0.2300925925925926 0.29140625 0.1824074074074074 0.027604166666666666
7 0.22453703703703703 0.21614583333333334 0.16944444444444445 0.027083333333333334
7 0.25277777777777777 0.36770833333333336 0.23148148148148148 0.028125
7 0.2449074074074074 0.5140625 0.2101851851851852 0.026041666666666668
7 0.23935185185185184 0.590625 0.20462962962962963 0.030208333333333334
7 0.3560185185185185 0.6625 0.4287037037037037 0.03229166666666667
7 0.19537037037037036 0.7411458333333333 0.11851851851851852 0.03125
7 0.2912037037037037 0.8151041666666666 0.30092592592592593 0.034375
7 0.19444444444444445 0.14166666666666666 0.10925925925925926 0.030208333333333334
2 0.9476851851851852 0.14192708333333334 0.041666666666666664 0.0296875
2 0.07685185185185185 0.2921875 0.07407407407407407 0.03854166666666667
2 0.07407407407407407 0.3645833333333333 0.08888888888888889 0.030208333333333334
2 0.07777777777777778 0.4390625 0.05740740740740741 0.04583333333333333
7 0.2851851851851852 0.4393229166666667 0.29259259259259257 0.028645833333333332
2 0.07731481481481481 0.5135416666666667 0.07685185185185185 0.029166666666666667
2 0.07546296296296297 0.5895833333333333 0.06944444444444445 0.040625
2 0.07407407407407407 0.6627604166666666 0.07592592592592592 0.033854166666666664
2 0.07777777777777778 0.7393229166666667 0.07592592592592592 0.0421875
2 0.07731481481481481 0.8138020833333334 0.062037037037037036 0.043229166666666666
2 0.9476851851851852 0.21510416666666668 0.03611111111111111 0.023958333333333335
2 0.9513888888888888 0.28958333333333336 0.04351851851851852 0.028125
2 0.9476851851851852 0.36354166666666665 0.03425925925925926 0.028125
2 0.9476851851851852 0.4393229166666667 0.03796296296296296 0.027604166666666666
2 0.9467592592592593 0.51328125 0.032407407407407406 0.027604166666666666
2 0.9495370370370371 0.5885416666666666 0.030555555555555555 0.026041666666666668
2 0.9458333333333333 0.6638020833333333 0.03981481481481482 0.030729166666666665
2 0.950925925925926 0.7380208333333333 0.02962962962962963 0.028125
2 0.9476851851851852 0.81328125 0.030555555555555555 0.0265625
7 0.09907407407407408 0.9119791666666667 0.08518518518518518 0.020833333333333332
7 0.2972222222222222 0.9130208333333333 0.0962962962962963 0.01875
7 0.5009259259259259 0.9140625 0.09444444444444444 0.020833333333333332
7 0.7023148148148148 0.91328125 0.07685185185185185 0.0171875
7 0.9013888888888889 0.9104166666666667 0.07685185185185185 0.016666666666666666