3 0.2513888888888889 0.11848958333333333 0.1824074074074074 0.10052083333333334
7 0.25324074074074077 0.19635416666666666 0.21574074074074073 0.029166666666666667
3 0.7509259259259259 0.12005208333333334 0.18518518518518517 0.1046875
7 0.75 0.19739583333333333 0.24444444444444444 0.023958333333333335
3 0.2490740740740741 0.4234375 0.1814814814814815 0.09895833333333333
7 0.25462962962962965 0.49453125 0.22407407407407406 0.028645833333333332
3 0.7527777777777778 0.42890625 0.18888888888888888 0.0890625
7 0.7476851851851852 0.49713541666666666 0.11944444444444445 0.027604166666666666
3 0.24953703703703703 0.7135416666666666 0.19907407407407407 0.11354166666666667
7 0.25092592592592594 0.7981770833333334 0.20555555555555555 0.0359375
3 0.7490740740740741 0.73046875 0.1685185185185185 0.08697916666666666
7 0.7486111111111111 0.79609375 0.22685185185185186 0.028645833333333332