7 0.4986111111111111 0.03333333333333333 0.700925925925926 0.040625
3 0.1736111111111111 0.12734375 0.21574074074074073 0.11927083333333334
7 0.1736111111111111 0.209375 0.20833333333333334 0.020833333333333332
3 0.49675925925925923 0.128125 0.2175925925925926 0.12083333333333333
7 0.4949074074074074 0.20963541666666666 0.18796296296296297 0.0203125
3 0.8236111111111111 0.1265625 0.21388888888888888 0.121875
7 0.8231481481481482 0.20963541666666666 0.15 0.0203125
3 0.17314814814814813 0.30833333333333335 0.21851851851851853 0.12291666666666666
7 0.17407407407407408 0.39010416666666664 0.18703703703703703 0.021875
3 0.4986111111111111 0.30833333333333335 0.23981481481481481 0.134375
7 0.4981481481481482 0.39010416666666664 0.06666666666666667 0.022916666666666665
3 0.8231481481481482 0.30833333333333335 0.24074074074074073 0.134375
7 0.8240740740740741 0.39088541666666665 0.1037037037037037 0.022395833333333334
3 0.17407407407407408 0.48932291666666666 0.21481481481481482 0.12135416666666667
7 0.17407407407407408 0.5697916666666667 0.12777777777777777 0.020833333333333332
3 0.4981481481481482 0.48880208333333336 0.21481481481481482 0.1203125
7 0.4986111111111111 0.5700520833333333 0.19537037037037036 0.018229166666666668
3 0.8231481481481482 0.48880208333333336 0.22037037037037038 0.12447916666666667
7 0.8217592592592593 0.5697916666666667 0.13240740740740742 0.020833333333333332
7 0.49953703703703706 0.8908854166666667 0.24537037037037038 0.03177083333333333
8 0.4976851851851852 0.8876979166666668 0.9149722222222222 0.048828125