7 0.31851851851851853 0.10572916666666667 0.40555555555555556 0.036458333333333336
7 0.2962962962962963 0.1765625 0.18518518518518517 0.029166666666666667
7 0.38935185185185184 0.24479166666666666 0.3768518518518518 0.034375
7 0.38796296296296295 0.3078125 0.3611111111111111 0.03333333333333333
7 0.4273148148148148 0.37421875 0.45092592592592595 0.03177083333333333
7 0.38842592592592595 0.44036458333333334 0.3675925925925926 0.034895833333333334
7 0.35185185185185186 0.5057291666666667 0.28703703703703703 0.03125
7 0.4083333333333333 0.5700520833333333 0.40185185185185185 0.028645833333333332
7 0.35555555555555557 0.6356770833333333 0.28888888888888886 0.0296875
7 0.34953703703703703 0.7 0.28425925925925927 0.03125
7 0.3731481481481482 0.76796875 0.3351851851851852 0.030729166666666665
7 0.27685185185185185 0.8322916666666667 0.13518518518518519 0.029166666666666667
0 0.1587962962962963 0.1734375 0.06574074074074074 0.034375
0 0.16018518518518518 0.2390625 0.06296296296296296 0.034375
0 0.15925925925925927 0.30572916666666666 0.07222222222222222 0.041666666666666664
0 0.1597222222222222 0.37083333333333335 0.062037037037037036 0.036458333333333336
0 0.1597222222222222 0.43645833333333334 0.06018518518518518 0.03854166666666667
0 0.16157407407407406 0.5015625 0.06574074074074074 0.04375
0 0.16018518518518518 0.5692708333333333 0.07407407407407407 0.0375
0 0.16157407407407406 0.634375 0.06574074074074074 0.03854166666666667
0 0.16111111111111112 0.69765625 0.06481481481481481 0.04010416666666667
0 0.15833333333333333 0.7669270833333334 0.06481481481481481 0.04114583333333333
0 0.15787037037037038 0.8302083333333333 0.0712962962962963 0.03333333333333333
7 0.19398148148148148 0.8796875 0.1638888888888889 0.022916666666666665
7 0.8208333333333333 0.87734375 0.06388888888888888 0.0234375