7 0.5009259259259259 0.06458333333333334 0.28703703703703703 0.029166666666666667
7 0.899074074074074 0.9197916666666667 0.06111111111111111 0.016666666666666666
7 0.21203703703703702 0.11875 0.39814814814814814 0.020833333333333332
7 0.4842592592592593 0.16979166666666667 0.9351851851851852 0.041666666666666664
7 0.4685185185185185 0.24270833333333333 0.9 0.06458333333333334
7 0.4212962962962963 0.32135416666666666 0.1685185185185185 0.026041666666666668
7 0.6962962962962963 0.9213541666666667 0.08518518518518518 0.015625
7 0.49722222222222223 0.9213541666666667 0.06111111111111111 0.015625
7 0.29814814814814816 0.9213541666666667 0.14814814814814814 0.015625
7 0.0962962962962963 0.9213541666666667 0.1037037037037037 0.015625
2 0.09722222222222222 0.89375 0.05740740740740741 0.027083333333333334
2 0.29814814814814816 0.896875 0.05555555555555555 0.025
2 0.4962962962962963 0.8953125 0.044444444444444446 0.030208333333333334
2 0.6962962962962963 0.8958333333333334 0.05185185185185185 0.025
2 0.899074074074074 0.8947916666666667 0.06481481481481481 0.016666666666666666
4 0.49722222222222223 0.32135416666666666 0.37222222222222223 0.051041666666666666
7 0.49722222222222223 0.39427083333333335 0.3907407407407407 0.021875
7 0.49907407407407406 0.47708333333333336 0.46111111111111114 0.022916666666666665
8 0.49672222222222223 0.39285416666666667 0.5946851851851852 0.047614583333333335
8 0.5059814814814815 0.4761875 0.6132037037037037 0.05059375