2 0.06666666666666667 0.07083333333333333 0.05185185185185185 0.029166666666666667
7 0.5055555555555555 0.071875 0.6814814814814815 0.03333333333333333
7 0.1425925925925926 0.4083333333333333 0.2111111111111111 0.041666666666666664
7 0.4740740740740741 0.4083333333333333 0.2111111111111111 0.035416666666666666
7 0.7759259259259259 0.4088541666666667 0.17407407407407408 0.040625
7 0.14166666666666666 0.7296875 0.21296296296296297 0.021875
7 0.4361111111111111 0.7380208333333333 0.1388888888888889 0.040625
7 0.7824074074074074 0.7296875 0.1685185185185185 0.021875
2 0.9222222222222223 0.06979166666666667 0.06296296296296296 0.03333333333333333
2 0.287962962962963 0.4083333333333333 0.03888888888888889 0.035416666666666666
2 0.6111111111111112 0.40729166666666666 0.03333333333333333 0.03333333333333333
2 0.9388888888888889 0.40729166666666666 0.037037037037037035 0.03333333333333333
2 0.9416666666666667 0.7395833333333334 0.03888888888888889 0.03333333333333333
2 0.6148148148148148 0.7380208333333333 0.037037037037037035 0.036458333333333336
2 0.2851851851851852 0.7401041666666667 0.025925925925925925 0.034375
3 0.1712962962962963 0.24739583333333334 0.31296296296296294 0.2635416666666667
3 0.4981481481481482 0.24739583333333334 0.3148148148148148 0.2635416666666667
3 0.8240740740740741 0.24583333333333332 0.32222222222222224 0.26666666666666666
3 0.1685185185185185 0.5791666666666667 0.3148148148148148 0.2625
3 0.16944444444444445 0.8557291666666667 0.30925925925925923 0.15729166666666666
3 0.49722222222222223 0.5786458333333333 0.32037037037037036 0.26145833333333335
3 0.825925925925926 0.5796875 0.31851851851851853 0.2635416666666667
3 0.8240740740740741 0.8567708333333334 0.31851851851851853 0.15729166666666666
3 0.49537037037037035 0.8552083333333333 0.31296296296296294 0.15833333333333333