7 0.5009259259259259 0.06875 0.43148148148148147 0.03125
7 0.225 0.19322916666666667 0.3055555555555556 0.023958333333333335
7 0.675 0.1921875 0.2796296296296296 0.023958333333333335
7 0.14629629629629629 0.325 0.1259259259259259 0.025
7 0.3824074074074074 0.32395833333333335 0.20925925925925926 0.022916666666666665
7 0.6203703703703703 0.325 0.13333333333333333 0.025
7 0.8527777777777777 0.325 0.1388888888888889 0.022916666666666665
7 0.85 0.4703125 0.14814814814814814 0.021875
7 0.6157407407407407 0.47291666666666665 0.1425925925925926 0.027083333333333334
7 0.3787037037037037 0.47239583333333335 0.12407407407407407 0.023958333333333335
7 0.14537037037037037 0.4713541666666667 0.10555555555555556 0.023958333333333335
7 0.14444444444444443 0.6192708333333333 0.14814814814814814 0.023958333333333335
7 0.3814814814814815 0.6197916666666666 0.14444444444444443 0.025
7 0.6148148148148148 0.6291666666666667 0.18518518518518517 0.041666666666666664
7 0.8518518518518519 0.6208333333333333 0.23333333333333334 0.022916666666666665
7 0.8481481481481481 0.7671875 0.14074074074074075 0.021875
7 0.8490740740740741 0.9140625 0.1648148148148148 0.026041666666666668
7 0.6138888888888889 0.9145833333333333 0.1685185185185185 0.025
7 0.3814814814814815 0.9135416666666667 0.13703703703703704 0.020833333333333332
7 0.14166666666666666 0.9151041666666667 0.1685185185185185 0.026041666666666668
7 0.14814814814814814 0.76875 0.18518518518518517 0.027083333333333334
7 0.37962962962962965 0.7682291666666666 0.0962962962962963 0.026041666666666668
7 0.6185185185185185 0.7682291666666666 0.18518518518518517 0.023958333333333335
3 0.22407407407407406 0.14010416666666667 0.10740740740740741 0.057291666666666664
3 0.675 0.1421875 0.09814814814814815 0.053125
3 0.1425925925925926 0.2760416666666667 0.11481481481481481 0.06666666666666667
3 0.3787037037037037 0.27708333333333335 0.12777777777777777 0.06666666666666667
3 0.6185185185185185 0.2760416666666667 0.12222222222222222 0.06875
3 0.8481481481481481 0.2765625 0.11851851851851852 0.06770833333333333
3 0.14351851851851852 0.4234375 0.12037037037037036 0.065625
3 0.3814814814814815 0.42291666666666666 0.12222222222222222 0.06666666666666667
3 0.6212962962962963 0.42239583333333336 0.12777777777777777 0.06979166666666667
3 0.8490740740740741 0.4234375 0.11666666666666667 0.06979166666666667
3 0.1388888888888889 0.5729166666666666 0.1259259259259259 0.06875
3 0.37962962962962965 0.5697916666666667 0.11851851851851852 0.07083333333333333
3 0.6111111111111112 0.5708333333333333 0.11851851851851852 0.07083333333333333
3 0.85 0.5708333333333333 0.11481481481481481 0.07291666666666667
3 0.8472222222222222 0.7208333333333333 0.12037037037037036 0.07083333333333333
3 0.6138888888888889 0.7197916666666667 0.12037037037037036 0.06875
3 0.38425925925925924 0.7203125 0.12407407407407407 0.065625
3 0.1425925925925926 0.7213541666666666 0.1259259259259259 0.065625
3 0.14444444444444443 0.8671875 0.11851851851851852 0.06979166666666667
3 0.38425925925925924 0.8666666666666667 0.12407407407407407 0.06666666666666667
3 0.6138888888888889 0.8661458333333333 0.12037037037037036 0.06979166666666667
3 0.850925925925926 0.8651041666666667 0.13148148148148148 0.06770833333333333