0 0.9203703703703704 0.32864583333333336 0.05925925925925926 0.03229166666666667
0 0.9203703703703704 0.43020833333333336 0.05555555555555555 0.03125
0 0.9194444444444444 0.5302083333333333 0.05740740740740741 0.03125
0 0.9212962962962963 0.63125 0.053703703703703705 0.03125
0 0.9194444444444444 0.7322916666666667 0.053703703703703705 0.03333333333333333
0 0.9212962962962963 0.8333333333333334 0.053703703703703705 0.029166666666666667
2 0.06388888888888888 0.06979166666666667 0.05 0.027083333333333334
7 0.2638888888888889 0.071875 0.19814814814814816 0.03333333333333333
7 0.1685185185185185 0.14427083333333332 0.27037037037037037 0.021875
7 0.46111111111111114 0.21770833333333334 0.8592592592592593 0.07083333333333333
7 0.20555555555555555 0.3302083333333333 0.35185185185185186 0.05416666666666667
7 0.39814814814814814 0.43125 0.7333333333333333 0.052083333333333336
7 0.3111111111111111 0.5328125 0.562962962962963 0.051041666666666666
7 0.19722222222222222 0.6328125 0.3388888888888889 0.05520833333333333
7 0.2601851851851852 0.7359375 0.45740740740740743 0.053125
7 0.3074074074074074 0.8369791666666667 0.5518518518518518 0.05520833333333333
7 0.17222222222222222 0.9213541666666667 0.2814814814814815 0.019791666666666666