5 0.8759259259259259 0.09895833333333333 0.05185185185185185 0.027083333333333334
5 0.8768518518518519 0.18541666666666667 0.053703703703703705 0.029166666666666667
5 0.8796296296296297 0.27395833333333336 0.05185185185185185 0.029166666666666667
5 0.8796296296296297 0.36302083333333335 0.05185185185185185 0.030208333333333334
5 0.8759259259259259 0.4510416666666667 0.05185185185185185 0.029166666666666667
5 0.8787037037037037 0.5390625 0.05 0.030208333333333334
5 0.8787037037037037 0.6276041666666666 0.053703703703703705 0.03229166666666667
5 0.8768518518518519 0.7161458333333334 0.05 0.028125
5 0.8768518518518519 0.803125 0.05 0.029166666666666667
5 0.8777777777777778 0.8921875 0.05555555555555555 0.028125
7 0.10648148148148148 0.09791666666666667 0.05 0.03125
7 0.10740740740740741 0.1875 0.037037037037037035 0.03333333333333333
7 0.10648148148148148 0.2760416666666667 0.05 0.029166666666666667
7 0.10833333333333334 0.3651041666666667 0.05 0.030208333333333334
7 0.10555555555555556 0.45208333333333334 0.037037037037037035 0.03125
7 0.125 0.5401041666666667 0.07222222222222222 0.030208333333333334
7 0.12407407407407407 0.6302083333333334 0.06666666666666667 0.03333333333333333
7 0.1259259259259259 0.7182291666666667 0.07777777777777778 0.030208333333333334
7 0.125 0.8046875 0.06851851851851852 0.030208333333333334
7 0.12037037037037036 0.8932291666666666 0.07407407407407407 0.03229166666666667