2 0.11342592592592593 0.17057291666666666 0.11018518518518519 0.06197916666666667
7 0.11342592592592593 0.23151041666666666 0.1675925925925926 0.0296875
2 0.3050925925925926 0.171875 0.11018518518518519 0.06354166666666666
7 0.3055555555555556 0.23151041666666666 0.1425925925925926 0.0296875
2 0.49722222222222223 0.17213541666666668 0.1111111111111111 0.06197916666666667
7 0.4986111111111111 0.23151041666666666 0.11944444444444445 0.0296875
2 0.6893518518518519 0.17161458333333332 0.11574074074074074 0.0640625
7 0.6907407407407408 0.23151041666666666 0.10925925925925926 0.0296875
2 0.8851851851851852 0.17265625 0.1111111111111111 0.0640625
7 0.8828703703703704 0.23151041666666666 0.14351851851851852 0.0296875
2 0.11388888888888889 0.2955729166666667 0.11296296296296296 0.059895833333333336
7 0.11388888888888889 0.35546875 0.08518518518518518 0.0296875
2 0.30416666666666664 0.29609375 0.10648148148148148 0.06197916666666667
7 0.30648148148148147 0.35546875 0.1 0.0296875
2 0.49907407407407406 0.29609375 0.10740740740740741 0.059895833333333336
7 0.4981481481481482 0.35546875 0.06111111111111111 0.0296875
2 0.6902777777777778 0.296875 0.10833333333333334 0.06041666666666667
2 0.05277777777777778 0.06796875 0.03148148148148148 0.0296875
2 0.1398148148148148 0.06666666666666667 0.04814814814814815 0.027083333333333334
7 0.300462962962963 0.06744791666666666 0.2490740740740741 0.022395833333333334
2 0.950925925925926 0.06744791666666666 0.04814814814814815 0.0296875
2 0.09814814814814815 0.90390625 0.03888888888888889 0.025520833333333333
2 0.29907407407407405 0.9078125 0.03518518518518519 0.028125
2 0.5 0.90703125 0.05740740740740741 0.03177083333333333
2 0.700925925925926 0.90625 0.05740740740740741 0.03333333333333333
2 0.8986111111111111 0.9075520833333334 0.05462962962962963 0.030729166666666665
2 0.13333333333333333 0.6708333333333333 0.06851851851851852 0.03854166666666667
7 0.13287037037037036 0.71640625 0.1675925925925926 0.025520833333333333
2 0.3768518518518518 0.6708333333333333 0.06851851851851852 0.03854166666666667
7 0.3763888888888889 0.71640625 0.10648148148148148 0.025520833333333333
2 0.6203703703703703 0.6708333333333333 0.06851851851851852 0.03854166666666667
7 0.6203703703703703 0.71640625 0.07962962962962963 0.025520833333333333
2 0.8643518518518518 0.6708333333333333 0.06759259259259259 0.03854166666666667
7 0.8643518518518518 0.71640625 0.14351851851851852 0.025520833333333333
2 0.13333333333333333 0.7825520833333334 0.06851851851851852 0.03802083333333333
7 0.13287037037037036 0.8283854166666667 0.16203703703703703 0.025520833333333333
2 0.3768518518518518 0.7825520833333334 0.06851851851851852 0.03802083333333333
7 0.3763888888888889 0.8283854166666667 0.1638888888888889 0.025520833333333333
2 0.6203703703703703 0.7825520833333334 0.06851851851851852 0.03802083333333333
7 0.6199074074074075 0.8283854166666667 0.12129629629629629 0.025520833333333333
2 0.8643518518518518 0.7825520833333334 0.06759259259259259 0.03802083333333333
7 0.8638888888888889 0.8283854166666667 0.05555555555555555 0.025520833333333333
4 0.500462962962963 0.06822916666666666 0.8101851851851852 0.06145833333333333