7 0.3138888888888889 0.11822916666666666 0.5518518518518518 0.029166666666666667
7 0.1259259259259259 0.14583333333333334 0.17592592592592593 0.026041666666666668
7 0.09259259259259259 0.246875 0.10925925925925926 0.026041666666666668
7 0.1685185185185185 0.31979166666666664 0.2611111111111111 0.030208333333333334
7 0.21064814814814814 0.34765625 0.3453703703703704 0.025520833333333333
7 0.225 0.4205729166666667 0.37407407407407406 0.0296875
7 0.34444444444444444 0.44817708333333334 0.6129629629629629 0.025520833333333333
6 0.912962962962963 0.43463541666666666 0.11481481481481481 0.03697916666666667
7 0.1875 0.5213541666666667 0.29907407407407405 0.029166666666666667
7 0.2972222222222222 0.5489583333333333 0.5185185185185185 0.026041666666666668
6 0.9092592592592592 0.5346354166666667 0.11481481481481481 0.03697916666666667
7 0.15925925925925927 0.6221354166666667 0.24259259259259258 0.0296875
7 0.29398148148148145 0.65 0.5120370370370371 0.026041666666666668
6 0.9027777777777778 0.6348958333333333 0.11481481481481481 0.0375
7 0.20555555555555555 0.7229166666666667 0.3351851851851852 0.030208333333333334
7 0.3199074074074074 0.75078125 0.5638888888888889 0.025520833333333333
6 0.9027777777777778 0.7356770833333334 0.11481481481481481 0.03697916666666667
7 0.21666666666666667 0.8236979166666667 0.3574074074074074 0.0296875
7 0.25046296296296294 0.8513020833333333 0.425 0.025520833333333333
7 0.10092592592592593 0.921875 0.1259259259259259 0.023958333333333335
7 0.29305555555555557 0.22083333333333333 0.5138888888888888 0.028125
7 0.09768518518518518 0.0671875 0.13055555555555556 0.019791666666666666