2 0.058333333333333334 0.07395833333333333 0.044444444444444446 0.023958333333333335
7 0.49907407407407406 0.07395833333333333 0.24814814814814815 0.041666666666666664
7 0.17546296296296296 0.165625 0.2935185185185185 0.034375
7 0.19398148148148148 0.23125 0.33055555555555555 0.041666666666666664
2 0.9574074074074074 0.23098958333333333 0.024074074074074074 0.022395833333333334
7 0.19907407407407407 0.30572916666666666 0.34074074074074073 0.041666666666666664
7 0.2023148148148148 0.3932291666666667 0.3472222222222222 0.034375
7 0.2796296296296296 0.4588541666666667 0.5018518518518519 0.041666666666666664
6 0.9120370370370371 0.45859375 0.11481481481481481 0.03697916666666667
7 0.1685185185185185 0.5333333333333333 0.2796296296296296 0.041666666666666664
6 0.9120370370370371 0.5330729166666667 0.11481481481481481 0.03697916666666667
7 0.18472222222222223 0.6208333333333333 0.31203703703703706 0.034375
7 0.1398148148148148 0.6859375 0.2222222222222222 0.041666666666666664
7 0.8379629629629629 0.6859375 0.26296296296296295 0.041666666666666664
7 0.1875 0.7606770833333333 0.3175925925925926 0.0421875
7 0.8777777777777778 0.7606770833333333 0.18333333333333332 0.0421875
7 0.22592592592592592 0.8479166666666667 0.39444444444444443 0.034375
7 0.1638888888888889 0.9130208333333333 0.27037037037037037 0.041666666666666664
6 0.9120370370370371 0.91328125 0.11481481481481481 0.03697916666666667