7 0.49907407407407406 0.031510416666666666 0.45 0.04010416666666667
3 0.11990740740740741 0.0671875 0.12129629629629629 0.022916666666666665
7 0.12175925925925926 0.13385416666666666 0.1175925925925926 0.019791666666666666
2 0.11990740740740741 0.23489583333333333 0.12129629629629629 0.06875
7 0.12175925925925926 0.32369791666666664 0.14907407407407408 0.021354166666666667
3 0.11990740740740741 0.42526041666666664 0.12129629629629629 0.06822916666666666
7 0.12129629629629629 0.515625 0.1814814814814815 0.022916666666666665
3 0.11990740740740741 0.6153645833333333 0.12129629629629629 0.06822916666666666
7 0.12175925925925926 0.70390625 0.09166666666666666 0.019270833333333334
7 0.12407407407407407 0.8950520833333333 0.1 0.018229166666666668
7 0.6171296296296296 0.4984375 0.3212962962962963 0.035416666666666666