0 0.9222222222222223 0.21666666666666667 0.06296296296296296 0.03333333333333333
0 0.9222222222222223 0.2828125 0.05925925925925926 0.03229166666666667
0 0.9203703703703704 0.41458333333333336 0.05925925925925926 0.035416666666666666
0 0.9194444444444444 0.48020833333333335 0.06481481481481481 0.03333333333333333
0 0.9203703703703704 0.5458333333333333 0.05925925925925926 0.035416666666666666
2 0.06388888888888888 0.07083333333333333 0.05740740740740741 0.029166666666666667
7 0.20092592592592592 0.07083333333333333 0.10555555555555556 0.027083333333333334
7 0.13148148148148148 0.153125 0.2 0.025
7 0.19907407407407407 0.2203125 0.3351851851851852 0.026041666666666668
7 0.24351851851851852 0.284375 0.42407407407407405 0.025
7 0.30277777777777776 0.35052083333333334 0.5462962962962963 0.04479166666666667
7 0.22685185185185186 0.41458333333333336 0.39444444444444443 0.027083333333333334
7 0.20185185185185187 0.48333333333333334 0.34074074074074073 0.027083333333333334
7 0.1648148148148148 0.5463541666666667 0.2740740740740741 0.023958333333333335