7 0.1814814814814815 0.11979166666666667 0.2574074074074074 0.027083333333333334
7 0.2412037037037037 0.1859375 0.3675925925925926 0.03333333333333333
0 0.8773148148148148 0.18489583333333334 0.06388888888888888 0.036458333333333336
7 0.21574074074074073 0.26145833333333335 0.31666666666666665 0.03333333333333333
7 0.412962962962963 0.2908854166666667 0.7111111111111111 0.025520833333333333
0 0.8791666666666667 0.275 0.062037037037037036 0.035416666666666666
7 0.12175925925925926 0.3419270833333333 0.1527777777777778 0.030729166666666665
7 0.18935185185185185 0.38828125 0.2638888888888889 0.0328125
7 0.4287037037037037 0.42890625 0.7425925925925926 0.0484375
0 0.8810185185185185 0.4122395833333333 0.06944444444444445 0.0359375
7 0.20879629629629629 0.48333333333333334 0.3101851851851852 0.025
7 0.24583333333333332 0.5369791666666667 0.3768518518518518 0.03333333333333333
7 0.09583333333333334 0.5666666666666667 0.07685185185185185 0.026041666666666668
7 0.20046296296296295 0.6255208333333333 0.2861111111111111 0.03333333333333333
7 0.16435185185185186 0.6549479166666666 0.21388888888888888 0.025520833333333333
2 0.01712962962962963 0.06380208333333333 0.021296296296296296 0.0296875
2 0.06805555555555555 0.06380208333333333 0.0787037037037037 0.03802083333333333
7 0.19583333333333333 0.06510416666666667 0.15833333333333333 0.03333333333333333