7 0.22824074074074074 0.07395833333333333 0.21388888888888888 0.03333333333333333
7 0.13472222222222222 0.175 0.22314814814814815 0.025
2 0.9634259259259259 0.17395833333333333 0.023148148148148147 0.014583333333333334
7 0.21342592592592594 0.2640625 0.38055555555555554 0.034375
2 0.9634259259259259 0.26328125 0.023148148148148147 0.0140625
7 0.32037037037037036 0.35078125 0.5944444444444444 0.0296875
2 0.9634259259259259 0.35260416666666666 0.023148148148148147 0.014583333333333334
7 0.21342592592592594 0.44140625 0.38055555555555554 0.03177083333333333
2 0.9634259259259259 0.4421875 0.023148148148148147 0.014583333333333334
7 0.3037037037037037 0.5325520833333334 0.5611111111111111 0.034895833333333334
2 0.9634259259259259 0.5317708333333333 0.023148148148148147 0.014583333333333334
2 0.06018518518518518 0.07083333333333333 0.04259259259259259 0.035416666666666666