6 0.8898148148148148 0.7890625 0.12407407407407407 0.040625
2 0.062037037037037036 0.06979166666666667 0.06111111111111111 0.03333333333333333
7 0.21851851851851853 0.07291666666666667 0.1814814814814815 0.0375
7 0.18425925925925926 0.13385416666666666 0.32037037037037036 0.030208333333333334
7 0.13240740740740742 0.1921875 0.20925925925925926 0.030208333333333334
7 0.8342592592592593 0.19322916666666667 0.2574074074074074 0.034375
7 0.8277777777777777 0.26458333333333334 0.27037037037037037 0.029166666666666667
7 0.8861111111111111 0.33541666666666664 0.14629629629629629 0.029166666666666667
7 0.8629629629629629 0.40625 0.1925925925925926 0.027083333333333334
7 0.1935185185185185 0.26510416666666664 0.32037037037037036 0.036458333333333336
7 0.1787037037037037 0.3359375 0.29814814814814816 0.03229166666666667
7 0.1527777777777778 0.4078125 0.2388888888888889 0.034375
7 0.22314814814814815 0.47760416666666666 0.37962962962962965 0.034375
7 0.13148148148148148 0.5380208333333333 0.2074074074074074 0.03229166666666667
7 0.8916666666666667 0.5963541666666666 0.15 0.034375
7 0.175 0.5979166666666667 0.29814814814814816 0.035416666666666666
7 0.23425925925925925 0.6578125 0.4166666666666667 0.034375
7 0.10462962962962963 0.7171875 0.1685185185185185 0.034375
7 0.17962962962962964 0.7890625 0.3 0.03229166666666667
7 0.14074074074074075 0.8484375 0.21851851851851853 0.034375
7 0.16296296296296298 0.909375 0.2740740740740741 0.029166666666666667