7 0.3055555555555556 0.07109375 0.26851851851851855 0.03177083333333333
2 0.06805555555555555 0.06953125 0.049074074074074076 0.027604166666666666
7 0.07916666666666666 0.14401041666666667 0.09166666666666666 0.0203125
7 0.19583333333333333 0.19427083333333334 0.3175925925925926 0.026041666666666668
7 0.2777777777777778 0.22265625 0.48518518518518516 0.021354166666666667
6 0.9125 0.20833333333333334 0.09351851851851851 0.0375
7 0.18425925925925926 0.29635416666666664 0.29814814814814816 0.026041666666666668
7 0.20324074074074075 0.34661458333333334 0.33055555555555555 0.0265625
7 0.4097222222222222 0.41848958333333336 0.7472222222222222 0.10989583333333333
6 0.9087962962962963 0.40234375 0.09907407407407408 0.03697916666666667
7 0.1875 0.5348958333333333 0.30277777777777776 0.022916666666666665
7 0.4097222222222222 0.5856770833333333 0.7546296296296297 0.06822916666666666
6 0.9106481481481481 0.5697916666666667 0.10462962962962963 0.0375
7 0.19166666666666668 0.6794270833333333 0.32222222222222224 0.024479166666666666
7 0.3347222222222222 0.71015625 0.600925925925926 0.024479166666666666
6 0.9027777777777778 0.6924479166666667 0.11481481481481481 0.03697916666666667
7 0.17407407407407408 0.7791666666666667 0.2833333333333333 0.026041666666666668
7 0.18611111111111112 0.8299479166666667 0.30925925925925923 0.024479166666666666
7 0.40879629629629627 0.86953125 0.7546296296296297 0.043229166666666666
6 0.9092592592592592 0.8544270833333333 0.10555555555555556 0.033854166666666664