3 0.1712962962962963 0.08072916666666667 0.29074074074074074 0.153125
3 0.4898148148148148 0.08072916666666667 0.20925925925925926 0.16145833333333334
3 0.8361111111111111 0.08177083333333333 0.2574074074074074 0.16145833333333334
3 0.16203703703703703 0.24166666666666667 0.2722222222222222 0.15
3 0.48703703703703705 0.24583333333333332 0.25925925925925924 0.14375
3 0.8314814814814815 0.2421875 0.28888888888888886 0.109375
3 0.175 0.40989583333333335 0.20555555555555555 0.15104166666666666
3 0.16203703703703703 0.5692708333333333 0.29444444444444445 0.15104166666666666
3 0.1685185185185185 0.7307291666666667 0.27037037037037037 0.146875
3 0.16018518518518518 0.8786458333333333 0.29074074074074074 0.109375
3 0.4935185185185185 0.8786458333333333 0.2833333333333333 0.10729166666666666
3 0.8333333333333334 0.8760416666666667 0.2740740740740741 0.11666666666666667
3 0.8305555555555556 0.7328125 0.2388888888888889 0.16354166666666667
3 0.49074074074074076 0.7333333333333333 0.3 0.15833333333333333
3 0.4925925925925926 0.56875 0.2 0.15833333333333333
3 0.8296296296296296 0.5682291666666667 0.2851851851851852 0.08020833333333334
3 0.8277777777777777 0.4088541666666667 0.25555555555555554 0.15729166666666666
3 0.5 0.40677083333333336 0.2814814814814815 0.12604166666666666