7 0.2361111111111111 0.07317708333333334 0.19444444444444445 0.033854166666666664
2 0.06712962962962964 0.06927083333333334 0.05648148148148148 0.034375
7 0.22407407407407406 0.16067708333333333 0.34629629629629627 0.03177083333333333
7 0.9125 0.15833333333333333 0.05648148148148148 0.03333333333333333
7 0.2263888888888889 0.2630208333333333 0.3490740740740741 0.03125
0 0.9041666666666667 0.26484375 0.06388888888888888 0.034895833333333334
7 0.37222222222222223 0.35833333333333334 0.6425925925925926 0.028125
7 0.13564814814814816 0.40859375 0.175 0.027604166666666666
7 0.24537037037037038 0.5036458333333333 0.3907407407407407 0.036458333333333336
0 0.9004629629629629 0.5044270833333333 0.05277777777777778 0.0328125
7 0.40370370370370373 0.5958333333333333 0.6962962962962963 0.028125
7 0.14166666666666666 0.6463541666666667 0.1685185185185185 0.03229166666666667