7 0.21296296296296297 0.16588541666666667 0.35 0.0296875
7 0.27037037037037037 0.19375 0.4648148148148148 0.026041666666666668
7 0.14166666666666666 0.26666666666666666 0.2074074074074074 0.030208333333333334
7 0.2898148148148148 0.29453125 0.5037037037037037 0.025520833333333333
7 0.1527777777777778 0.36744791666666665 0.22962962962962963 0.0296875
7 0.2412037037037037 0.39505208333333336 0.4064814814814815 0.025520833333333333
0 0.9222222222222223 0.3802083333333333 0.05185185185185185 0.03125
7 0.1699074074074074 0.46822916666666664 0.2638888888888889 0.029166666666666667
7 0.33055555555555555 0.49583333333333335 0.5851851851851851 0.026041666666666668
0 0.9222222222222223 0.48046875 0.05 0.0296875
7 0.19444444444444445 0.5690104166666666 0.31296296296296294 0.0296875
7 0.28055555555555556 0.596875 0.48518518518518516 0.026041666666666668
7 0.24212962962962964 0.6697916666666667 0.4083333333333333 0.030208333333333334
7 0.24212962962962964 0.69765625 0.4083333333333333 0.025520833333333333
0 0.9212962962962963 0.6822916666666666 0.05185185185185185 0.03229166666666667
7 0.08101851851851852 0.7705729166666667 0.08611111111111111 0.0296875
7 0.3537037037037037 0.7981770833333334 0.6314814814814815 0.025520833333333333
7 0.1037037037037037 0.8713541666666667 0.13148148148148148 0.029166666666666667
7 0.09537037037037037 0.8989583333333333 0.11481481481481481 0.026041666666666668
7 0.21898148148148147 0.07291666666666667 0.36944444444444446 0.03333333333333333