7 0.2796296296296296 0.49765625 0.09074074074074075 0.0328125
7 0.4310185185185185 0.5638020833333334 0.39351851851851855 0.030729166666666665
7 0.4875 0.63203125 0.5064814814814815 0.0265625
7 0.44675925925925924 0.7015625 0.42685185185185187 0.029166666666666667
7 0.48564814814814816 0.76875 0.5101851851851852 0.029166666666666667
7 0.27870370370370373 0.8341145833333333 0.0962962962962963 0.021354166666666667
7 0.2949074074074074 0.9026041666666667 0.1287037037037037 0.022916666666666665
2 0.3037037037037037 0.41484375 0.2222222222222222 0.0984375
2 0.6935185185185185 0.4153645833333333 0.22407407407407406 0.09947916666666666
2 0.49583333333333335 0.18411458333333333 0.21944444444444444 0.1234375
2 0.07453703703703704 0.054947916666666666 0.032407407407407406 0.0234375
7 0.500462962962963 0.054947916666666666 0.14722222222222223 0.021354166666666667
7 0.5013888888888889 0.31796875 0.11018518518518519 0.021354166666666667
8 0.5011759259259259 0.3203125 0.6812037037037038 0.059895833333333336