2 0.9490740740740741 0.1671875 0.06296296296296296 0.03229166666666667
7 0.5 0.225 0.20185185185185187 0.029166666666666667
3 0.4949074074074074 0.43463541666666666 0.7916666666666666 0.16822916666666668
7 0.49675925925925923 0.5528645833333333 0.5472222222222223 0.025520833333333333
7 0.49583333333333335 0.5921875 0.6601851851851852 0.027083333333333334
7 0.44305555555555554 0.6684895833333333 0.1398148148148148 0.021354166666666667
2 0.5601851851851852 0.6669270833333333 0.03518518518518519 0.0234375
7 0.4981481481481482 0.3184895833333333 0.6 0.05364583333333333
7 0.14629629629629629 0.78359375 0.12407407407407407 0.025520833333333333
7 0.8444444444444444 0.78359375 0.14444444444444443 0.025520833333333333
8 0.15228703703703703 0.7848333333333334 0.25194444444444447 0.054036458333333336
8 0.8449074074074074 0.7805989583333334 0.2575648148148148 0.05078125