5 0.06157407407407407 0.13645833333333332 0.05277777777777778 0.03125
5 0.062037037037037036 0.18776041666666668 0.05185185185185185 0.030729166666666665
5 0.0625 0.23854166666666668 0.05277777777777778 0.03125
2 0.01898148148148148 0.06510416666666667 0.03796296296296296 0.021875
2 0.06759259259259259 0.06510416666666667 0.07777777777777778 0.04375
7 0.3236111111111111 0.06510416666666667 0.41388888888888886 0.03333333333333333
7 0.17592592592592593 0.14114583333333333 0.1537037037037037 0.042708333333333334
7 0.22268518518518518 0.1890625 0.24722222222222223 0.0375
7 0.17592592592592593 0.24010416666666667 0.14814814814814814 0.036458333333333336
7 0.2490740740740741 0.88515625 0.10740740740740741 0.024479166666666666
7 0.7277777777777777 0.8854166666666666 0.14629629629629629 0.026041666666666668
8 0.2552685185185185 0.8854166666666666 0.4579166666666667 0.06770833333333333
8 0.7332222222222222 0.8863958333333334 0.49713888888888885 0.07486979166666667