7 0.4986111111111111 0.17213541666666668 0.3768518518518518 0.0328125
7 0.4986111111111111 0.23828125 0.21574074074074073 0.022395833333333334
2 0.21064814814814814 0.30390625 0.14351851851851852 0.049479166666666664
2 0.35462962962962963 0.30390625 0.14444444444444443 0.049479166666666664
2 0.4986111111111111 0.30390625 0.14351851851851852 0.049479166666666664
2 0.6421296296296296 0.30390625 0.14351851851851852 0.049479166666666664
2 0.7861111111111111 0.30390625 0.14444444444444443 0.049479166666666664
7 0.4981481481481482 0.39609375 0.07592592592592592 0.022395833333333334
7 0.5324074074074074 0.4388020833333333 0.32222222222222224 0.04114583333333333
7 0.5342592592592592 0.4908854166666667 0.31851851851851853 0.0421875
7 0.5138888888888888 0.5434895833333333 0.2777777777777778 0.024479166666666666
7 0.5328703703703703 0.59609375 0.3212962962962963 0.044270833333333336
7 0.4981481481481482 0.69921875 0.13148148148148148 0.058854166666666666
7 0.4986111111111111 0.7354166666666667 0.11574074074074074 0.021875
7 0.7870370370370371 0.7932291666666667 0.07407407407407407 0.028125
5 0.34120370370370373 0.4401041666666667 0.06018518518518518 0.0375
5 0.3398148148148148 0.4921875 0.053703703703703705 0.036458333333333336
5 0.3421296296296296 0.54453125 0.062037037037037036 0.0359375
5 0.3416666666666667 0.5953125 0.06296296296296296 0.03333333333333333