7 0.4986111111111111 0.4869791666666667 0.7564814814814815 0.036458333333333336
7 0.4986111111111111 0.51796875 0.7564814814814815 0.025520833333333333
7 0.17314814814814813 0.5440104166666667 0.05740740740740741 0.0203125
7 0.5152777777777777 0.5549479166666667 0.6268518518518519 0.0484375
2 0.06759259259259259 0.06510416666666667 0.07777777777777778 0.04375
2 0.10185185185185185 0.11640625 0.06111111111111111 0.03177083333333333
7 0.10231481481481482 0.14322916666666666 0.0787037037037037 0.021875
2 0.30277777777777776 0.11640625 0.06111111111111111 0.03177083333333333
7 0.30324074074074076 0.14322916666666666 0.06388888888888888 0.021875
2 0.5037037037037037 0.11640625 0.06111111111111111 0.03177083333333333
7 0.5037037037037037 0.14322916666666666 0.07037037037037037 0.021875
2 0.7046296296296296 0.11640625 0.06111111111111111 0.03177083333333333
7 0.7041666666666667 0.14322916666666666 0.10462962962962963 0.021875
2 0.9046296296296297 0.11640625 0.06111111111111111 0.03177083333333333
7 0.9050925925925926 0.14322916666666666 0.10092592592592593 0.021875
2 0.6747962962962962 0.060546875 0.13030555555555554 0.053385416666666664
2 0.8263981481481482 0.06152604166666666 0.11406481481481481 0.050130208333333336
2 0.9398148148148148 0.061848958333333336 0.07700925925925926 0.045572916666666664