7 0.4986111111111111 0.12942708333333333 0.18425925925925926 0.04114583333333333
7 0.4986111111111111 0.17786458333333333 0.2101851851851852 0.05572916666666667
7 0.13564814814814816 0.26197916666666665 0.20092592592592592 0.040625
7 0.07037037037037037 0.3377604166666667 0.14074074074074075 0.059895833333333336
7 0.21203703703703702 0.3377604166666667 0.1425925925925926 0.059895833333333336
7 0.35462962962962963 0.3377604166666667 0.1425925925925926 0.059895833333333336
7 0.49722222222222223 0.3377604166666667 0.1425925925925926 0.059895833333333336
7 0.6398148148148148 0.3377604166666667 0.1425925925925926 0.059895833333333336
7 0.7824074074074074 0.3377604166666667 0.1425925925925926 0.059895833333333336
7 0.925 0.3377604166666667 0.1425925925925926 0.059895833333333336
7 0.925 0.4078125 0.1425925925925926 0.08020833333333334
7 0.07037037037037037 0.4921875 0.14074074074074075 0.08020833333333334
7 0.21203703703703702 0.4921875 0.1425925925925926 0.08020833333333334
7 0.35462962962962963 0.4921875 0.1425925925925926 0.08020833333333334
7 0.49722222222222223 0.4921875 0.1425925925925926 0.08020833333333334
7 0.6398148148148148 0.4921875 0.1425925925925926 0.08020833333333334
7 0.7824074074074074 0.4921875 0.1425925925925926 0.08020833333333334
7 0.925 0.4921875 0.1425925925925926 0.08020833333333334
7 0.07037037037037037 0.5765625 0.14074074074074075 0.08020833333333334
7 0.21203703703703702 0.5765625 0.1425925925925926 0.08020833333333334
7 0.35462962962962963 0.5765625 0.1425925925925926 0.08020833333333334
7 0.49722222222222223 0.5765625 0.1425925925925926 0.08020833333333334
7 0.6398148148148148 0.5765625 0.1425925925925926 0.08020833333333334
7 0.7824074074074074 0.5765625 0.1425925925925926 0.08020833333333334
7 0.925 0.5765625 0.1425925925925926 0.08020833333333334
7 0.07037037037037037 0.6609375 0.14074074074074075 0.08020833333333334
7 0.21203703703703702 0.6609375 0.1425925925925926 0.08020833333333334
7 0.35462962962962963 0.6609375 0.1425925925925926 0.08020833333333334
7 0.49722222222222223 0.6609375 0.1425925925925926 0.08020833333333334
7 0.6398148148148148 0.6609375 0.1425925925925926 0.08020833333333334
7 0.7824074074074074 0.6609375 0.1425925925925926 0.08020833333333334
7 0.925 0.6609375 0.1425925925925926 0.08020833333333334
7 0.07037037037037037 0.7453125 0.14074074074074075 0.08020833333333334
7 0.21203703703703702 0.7453125 0.1425925925925926 0.08020833333333334
7 0.35462962962962963 0.7453125 0.1425925925925926 0.08020833333333334
7 0.49722222222222223 0.7453125 0.1425925925925926 0.08020833333333334
7 0.6398148148148148 0.7453125 0.1425925925925926 0.08020833333333334
7 0.7824074074074074 0.7453125 0.1425925925925926 0.08020833333333334
7 0.925 0.7453125 0.1425925925925926 0.08020833333333334
7 0.23564814814814813 0.8408854166666667 0.1675925925925926 0.04739583333333333
7 0.23564814814814813 0.9010416666666666 0.32685185185185184 0.051041666666666666
7 0.7611111111111111 0.8408854166666667 0.2388888888888889 0.04739583333333333
7 0.7611111111111111 0.9010416666666666 0.32592592592592595 0.051041666666666666
2 0.06620370370370371 0.071875 0.05462962962962963 0.03125
2 0.13564814814814816 0.0703125 0.000925925925925926 0.042708333333333334
7 0.40925925925925927 0.0703125 0.5462962962962963 0.03958333333333333