7 0.34120370370370373 0.15598958333333332 0.6268518518518519 0.0296875
7 0.1050925925925926 0.23072916666666668 0.13425925925925927 0.026041666666666668
7 0.16342592592592592 0.31875 0.25092592592592594 0.026041666666666668
7 0.15648148148148147 0.40651041666666665 0.23703703703703705 0.0265625
7 0.24444444444444444 0.4942708333333333 0.412962962962963 0.026041666666666668
7 0.23055555555555557 0.5822916666666667 0.3851851851851852 0.026041666666666668
5 0.9212962962962963 0.5822916666666667 0.07777777777777778 0.04375
7 0.31712962962962965 0.6763020833333333 0.5675925925925925 0.034895833333333334
7 0.2518518518518518 0.7484375 0.42777777777777776 0.026041666666666668
5 0.9212962962962963 0.7484375 0.07777777777777778 0.04375
7 0.23055555555555557 0.8359375 0.3851851851851852 0.026041666666666668
5 0.9212962962962963 0.8359375 0.07777777777777778 0.04375
7 0.49953703703703706 0.9067708333333333 0.9990740740740741 0.05416666666666667
2 0.06759259259259259 0.07057291666666667 0.13518518518518519 0.0765625
2 0.49907407407407406 0.0703125 0.07777777777777778 0.04375