2 0.8231481481481482 0.065625 0.06111111111111111 0.035416666666666666
7 0.3736111111111111 0.0703125 0.3990740740740741 0.036458333333333336
2 0.06851851851851852 0.06901041666666667 0.06111111111111111 0.0296875
2 0.07916666666666666 0.15390625 0.1361111111111111 0.0765625
7 0.3199074074074074 0.15755208333333334 0.27314814814814814 0.028645833333333332
2 0.9472222222222222 0.15390625 0.02962962962962963 0.016145833333333335
2 0.07916666666666666 0.23203125 0.1361111111111111 0.0765625
7 0.28379629629629627 0.23307291666666666 0.19907407407407407 0.027604166666666666
2 0.9472222222222222 0.23203125 0.02962962962962963 0.016145833333333335
2 0.07916666666666666 0.31015625 0.1361111111111111 0.0765625
7 0.2638888888888889 0.31536458333333334 0.1685185185185185 0.0328125
2 0.9472222222222222 0.31015625 0.02962962962962963 0.016145833333333335
2 0.1375 0.38828125 0.175 0.0765625
7 0.43703703703703706 0.38828125 0.34629629629629627 0.025520833333333333
2 0.1375 0.46484375 0.175 0.0765625
7 0.4708333333333333 0.46484375 0.41388888888888886 0.025520833333333333
2 0.1375 0.54140625 0.175 0.0765625
7 0.5550925925925926 0.54140625 0.5824074074074074 0.025520833333333333
2 0.1375 0.61796875 0.175 0.0765625
7 0.43657407407407406 0.61796875 0.3453703703703704 0.025520833333333333
2 0.1375 0.69453125 0.175 0.0765625
7 0.48657407407407405 0.69453125 0.44537037037037036 0.025520833333333333
2 0.1375 0.77109375 0.175 0.0765625
7 0.5990740740740741 0.77109375 0.6703703703703704 0.025520833333333333
2 0.1375 0.8338541666666667 0.175 0.04895833333333333
7 0.625 0.8408854166666667 0.7222222222222222 0.034895833333333334
2 0.8921296296296296 0.8049479166666667 0.1361111111111111 0.0765625