2 0.062037037037037036 0.4328125 0.04814814814814815 0.027083333333333334
7 0.1439814814814815 0.43333333333333335 0.07685185185185185 0.026041666666666668
7 0.09490740740740741 0.5065104166666666 0.09537037037037037 0.0328125
7 0.21064814814814814 0.5065104166666666 0.1361111111111111 0.0328125
7 0.2375 0.5411458333333333 0.38055555555555554 0.026041666666666668
7 0.2439814814814815 0.5729166666666666 0.39351851851851855 0.026041666666666668
3 0.49953703703703706 0.7171875 0.9990740740740741 0.21875
2 0.08611111111111111 0.8802083333333334 0.07777777777777778 0.04375
7 0.24351851851851852 0.8638020833333333 0.1388888888888889 0.019270833333333334
7 0.32592592592592595 0.8864583333333333 0.3037037037037037 0.026041666666666668
2 0.08611111111111111 0.9309895833333334 0.07777777777777778 0.005729166666666666
7 0.20092592592592592 0.92890625 0.053703703703703705 0.009895833333333333
2 0.06759259259259259 0.07057291666666667 0.13518518518518519 0.0765625