7 0.49907407407407406 0.08463541666666667 0.9222222222222223 0.0015625
3 0.18703703703703703 0.15104166666666666 0.29814814814814816 0.109375
3 0.4986111111111111 0.15104166666666666 0.29907407407407405 0.109375
3 0.8101851851851852 0.15104166666666666 0.3 0.109375
2 0.11157407407407408 0.26510416666666664 0.06388888888888888 0.035416666666666666
2 0.06944444444444445 0.26510416666666664 0.06296296296296296 0.035416666666666666
7 0.2162037037037037 0.2559895833333333 0.10648148148148148 0.018229166666666668
7 0.21574074074074073 0.27447916666666666 0.10555555555555556 0.01875
7 0.362962962962963 0.3203125 0.65 0.059375
3 0.8263888888888888 0.35052083333333334 0.2675925925925926 0.109375
2 0.11157407407407408 0.46432291666666664 0.06388888888888888 0.0359375
2 0.06944444444444445 0.46432291666666664 0.06296296296296296 0.0359375
7 0.2162037037037037 0.45546875 0.10648148148148148 0.018229166666666668
7 0.24074074074074073 0.47369791666666666 0.15555555555555556 0.018229166666666668
7 0.362962962962963 0.53359375 0.65 0.08697916666666666
3 0.8263888888888888 0.5494791666666666 0.2675925925925926 0.109375
2 0.11157407407407408 0.6635416666666667 0.06388888888888888 0.035416666666666666
2 0.06944444444444445 0.6635416666666667 0.06296296296296296 0.035416666666666666
7 0.2162037037037037 0.6544270833333333 0.10648148148148148 0.018229166666666668
7 0.2222222222222222 0.6729166666666667 0.11851851851851852 0.01875
7 0.362962962962963 0.7325520833333333 0.65 0.08697916666666666
3 0.8263888888888888 0.7489583333333333 0.2675925925925926 0.109375
2 0.11157407407407408 0.8583333333333333 0.06388888888888888 0.027083333333333334
2 0.06944444444444445 0.8583333333333333 0.06296296296296296 0.027083333333333334
7 0.2162037037037037 0.85390625 0.10648148148148148 0.018229166666666668
7 0.20879629629629629 0.8674479166666667 0.09166666666666666 0.008854166666666666
2 0.950462962962963 0.05807291666666667 0.09722222222222222 0.0515625
7 0.08611111111111111 0.0578125 0.11296296296296296 0.026041666666666668
7 0.2773148148148148 0.0578125 0.14907407407407408 0.026041666666666668
7 0.49953703703703706 0.0578125 0.1787037037037037 0.026041666666666668
7 0.7055555555555556 0.0578125 0.11296296296296296 0.026041666666666668
7 0.8625 0.0578125 0.0787037037037037 0.026041666666666668
2 0.08703703703703704 0.9028645833333333 0.17407407407407408 0.06197916666666667
2 0.29212962962962963 0.9028645833333333 0.175 0.06197916666666667
2 0.4986111111111111 0.9028645833333333 0.175 0.06197916666666667
2 0.7050925925925926 0.9028645833333333 0.175 0.06197916666666667
2 0.9115740740740741 0.9028645833333333 0.175 0.06197916666666667