2 0.13287037037037036 0.21744791666666666 0.24351851851851852 0.0765625
2 0.13240740740740742 0.2171875 0.06481481481481481 0.036458333333333336
7 0.44537037037037036 0.18984375 0.3333333333333333 0.028645833333333332
7 0.5564814814814815 0.21927083333333333 0.5555555555555556 0.025
2 0.13287037037037036 0.30703125 0.24351851851851852 0.0765625
2 0.13240740740740742 0.3067708333333333 0.06481481481481481 0.036458333333333336
7 0.4925925925925926 0.28072916666666664 0.42777777777777776 0.026041666666666668
7 0.5657407407407408 0.30885416666666665 0.5740740740740741 0.025
2 0.13287037037037036 0.3971354166666667 0.24351851851851852 0.0765625
2 0.13240740740740742 0.396875 0.06481481481481481 0.036458333333333336
7 0.43796296296296294 0.37057291666666664 0.31851851851851853 0.0265625
7 0.5652777777777778 0.39921875 0.5731481481481482 0.024479166666666666
2 0.13287037037037036 0.48671875 0.24351851851851852 0.0765625
2 0.13240740740740742 0.4864583333333333 0.06481481481481481 0.036458333333333336
7 0.44537037037037036 0.4609375 0.3333333333333333 0.025
7 0.5574074074074075 0.48880208333333336 0.5574074074074075 0.024479166666666666
2 0.13287037037037036 0.5768229166666666 0.24351851851851852 0.0765625
2 0.13240740740740742 0.5765625 0.06481481481481481 0.036458333333333336
7 0.43287037037037035 0.5497395833333333 0.30833333333333335 0.027604166666666666
7 0.5560185185185185 0.5776041666666667 0.5546296296296296 0.027083333333333334
2 0.13287037037037036 0.66640625 0.24351851851851852 0.0765625
2 0.13240740740740742 0.6661458333333333 0.06481481481481481 0.036458333333333336
7 0.49166666666666664 0.6401041666666667 0.42592592592592593 0.026041666666666668
7 0.5662037037037037 0.6684895833333333 0.575 0.0234375
2 0.13287037037037036 0.7565104166666666 0.24351851851851852 0.0765625
2 0.13240740740740742 0.75625 0.06481481481481481 0.036458333333333336
7 0.4513888888888889 0.7296875 0.3453703703703704 0.027083333333333334
7 0.5574074074074075 0.7591145833333334 0.5574074074074075 0.0234375
2 0.13287037037037036 0.84609375 0.24351851851851852 0.0765625
2 0.13240740740740742 0.8458333333333333 0.06481481481481481 0.036458333333333336
7 0.5 0.81953125 0.4425925925925926 0.0265625
7 0.5550925925925926 0.8479166666666667 0.5527777777777778 0.025
2 0.13287037037037036 0.9122395833333333 0.24351851851851852 0.028645833333333332
7 0.43657407407407406 0.9091145833333333 0.31574074074074077 0.027604166666666666
2 0.12083333333333333 0.12447916666666667 0.24166666666666667 0.04791666666666667
7 0.5708333333333333 0.12447916666666667 0.15833333333333333 0.04791666666666667
2 0.9435185185185185 0.12447916666666667 0.08518518518518518 0.034375