7 0.45185185185185184 0.09505208333333333 0.7833333333333333 0.05677083333333333
7 0.49907407407407406 0.18203125 0.8777777777777778 0.07552083333333333
7 0.38055555555555554 0.2609375 0.4462962962962963 0.05
7 0.3921296296296296 0.32916666666666666 0.46944444444444444 0.05
7 0.26064814814814813 0.39791666666666664 0.2064814814814815 0.05
7 0.27546296296296297 0.4661458333333333 0.2361111111111111 0.05
7 0.23935185185185184 0.534375 0.1638888888888889 0.05
7 0.27685185185185185 0.6026041666666667 0.2388888888888889 0.05
7 0.44675925925925924 0.6713541666666667 0.5787037037037037 0.05
7 0.22916666666666666 0.7395833333333334 0.14351851851851852 0.05
5 0.08472222222222223 0.25885416666666666 0.06574074074074074 0.0375
5 0.08657407407407407 0.3299479166666667 0.06388888888888888 0.03802083333333333
5 0.08472222222222223 0.3984375 0.058333333333333334 0.036458333333333336
5 0.08564814814814815 0.46640625 0.06018518518518518 0.0328125
5 0.0875 0.5341145833333333 0.062037037037037036 0.0328125
5 0.08472222222222223 0.6018229166666667 0.06759259259259259 0.0328125
5 0.08703703703703704 0.6708333333333333 0.06111111111111111 0.034375
5 0.08611111111111111 0.7395833333333334 0.06111111111111111 0.03854166666666667
7 0.5266574074074074 0.8587239583333334 0.3617962962962963 0.053385416666666664
8 0.49016666666666664 0.8502604166666666 0.8953055555555555 0.08072916666666667