7 0.3384259259259259 0.0703125 0.3287037037037037 0.036458333333333336
2 0.06666666666666667 0.071875 0.06851851851851852 0.034375
7 0.5782407407407407 0.41510416666666666 0.0824074074074074 0.04375
7 0.5782407407407407 0.4588541666666667 0.0824074074074074 0.04375
7 0.5736111111111111 0.5026041666666666 0.09166666666666666 0.04375
2 0.8245370370370371 0.15911458333333334 0.08796296296296297 0.049479166666666664
7 0.8245370370370371 0.19140625 0.06018518518518518 0.025520833333333333
7 0.8245370370370371 0.2171875 0.058333333333333334 0.026041666666666668
7 0.8245370370370371 0.24296875 0.13425925925925927 0.025520833333333333
2 0.8245370370370371 0.3203125 0.08796296296296297 0.04895833333333333
7 0.8245370370370371 0.3528645833333333 0.13240740740740742 0.025520833333333333
7 0.8245370370370371 0.37864583333333335 0.175 0.026041666666666668
2 0.8245370370370371 0.45598958333333334 0.08796296296296297 0.049479166666666664
7 0.8245370370370371 0.48828125 0.06018518518518518 0.025520833333333333
7 0.8245370370370371 0.5140625 0.175 0.026041666666666668
2 0.9407407407407408 0.5786458333333333 0.07777777777777778 0.04375
2 0.8921296296296296 0.8049479166666667 0.1361111111111111 0.0765625
2 0.9402777777777778 0.07161458333333333 0.06944444444444445 0.03802083333333333
7 0.35648148148148145 0.2596354166666667 0.20555555555555555 0.043229166666666666
7 0.3347222222222222 0.33984375 0.1175925925925926 0.019270833333333334
7 0.1625 0.4161458333333333 0.25462962962962965 0.030208333333333334
7 0.1587962962962963 0.46171875 0.24722222222222223 0.025520833333333333
7 0.13842592592592592 0.503125 0.20092592592592592 0.023958333333333335
7 0.17731481481481481 0.5872395833333334 0.062037037037037036 0.022395833333333334
7 0.37962962962962965 0.5880208333333333 0.06481481481481481 0.020833333333333332
7 0.5828703703703704 0.5880208333333333 0.05648148148148148 0.022916666666666665
7 0.7875 0.5872395833333334 0.05648148148148148 0.024479166666666666