2 0.2847222222222222 0.20442708333333334 0.22314814814814815 0.12552083333333333
7 0.28425925925925927 0.2877604166666667 0.08518518518518518 0.0296875
2 0.7125 0.20442708333333334 0.22314814814814815 0.12552083333333333
7 0.7125 0.2877604166666667 0.12685185185185185 0.0296875
7 0.08888888888888889 0.3734375 0.11481481481481481 0.03125
2 0.08148148148148149 0.44114583333333335 0.08703703703703704 0.035416666666666666
7 0.2847222222222222 0.42578125 0.24166666666666667 0.03802083333333333
7 0.36157407407407405 0.46041666666666664 0.39537037037037037 0.03125
2 0.08148148148148149 0.546875 0.08703703703703704 0.04791666666666667
7 0.31712962962962965 0.5346354166666667 0.31574074074074077 0.033854166666666664
7 0.4912037037037037 0.5658854166666667 0.6546296296296297 0.03177083333333333
2 0.937962962962963 0.5466145833333333 0.1111111111111111 0.06302083333333333
2 0.08148148148148149 0.6520833333333333 0.08703703703703704 0.04791666666666667
7 0.3296296296296296 0.6388020833333333 0.37592592592592594 0.03802083333333333
7 0.41759259259259257 0.6713541666666667 0.5074074074074074 0.03125
2 0.937962962962963 0.65234375 0.1111111111111111 0.06302083333333333
2 0.08148148148148149 0.7578125 0.08703703703703704 0.04791666666666667
7 0.3023148148148148 0.7427083333333333 0.2935185185185185 0.034375
7 0.4759259259259259 0.7786458333333334 0.6240740740740741 0.028125
2 0.937962962962963 0.7575520833333333 0.1111111111111111 0.06302083333333333
2 0.08148148148148149 0.8630208333333333 0.08703703703703704 0.04791666666666667
7 0.23842592592592593 0.85 0.1527777777777778 0.036458333333333336
7 0.4925925925925926 0.8822916666666667 0.6574074074074074 0.03125
2 0.937962962962963 0.86328125 0.1111111111111111 0.06302083333333333
7 0.2800925925925926 0.0703125 0.21203703703703702 0.036458333333333336
2 0.07037037037037037 0.07135416666666666 0.05925925925925926 0.034375
2 0.8518518518518519 0.5489583333333333 0.05740740740740741 0.028125