2 0.06759259259259259 0.07057291666666667 0.13518518518518519 0.0765625
7 0.2412037037037037 0.0703125 0.1935185185185185 0.036458333333333336
3 0.4986111111111111 0.3958333333333333 0.975 0.5739583333333333
7 0.4986111111111111 0.71328125 0.975 0.0359375
7 0.10138888888888889 0.7591145833333334 0.18055555555555555 0.033854166666666664
7 0.07453703703703704 0.7859375 0.12685185185185185 0.019791666666666666
7 0.2023148148148148 0.7859375 0.10833333333333334 0.019791666666666666
7 0.06481481481481481 0.8286458333333333 0.10740740740740741 0.041666666666666664
2 0.16527777777777777 0.8815104166666666 0.058333333333333334 0.0328125
7 0.16527777777777777 0.9109375 0.275 0.026041666666666668
2 0.4986111111111111 0.8846354166666667 0.058333333333333334 0.0328125
7 0.4986111111111111 0.9127604166666666 0.275 0.022395833333333334
2 0.8319444444444445 0.8846354166666667 0.058333333333333334 0.0328125
7 0.8319444444444445 0.9127604166666666 0.275 0.022395833333333334
2 0.4981481481481482 0.6403645833333333 0.1814814814814815 0.022395833333333334
8 0.8061388888888888 0.77734375 0.2957592592592593 0.07291666666666667
7 0.8125092592592592 0.777671875 0.2297962962962963 0.034505208333333336