7 0.4981481481481482 0.19010416666666666 0.337037037037037 0.03333333333333333
7 0.4986111111111111 0.26328125 0.2824074074074074 0.058854166666666666
7 0.7731481481481481 0.37109375 0.11481481481481481 0.024479166666666666
7 0.7476851851851852 0.4140625 0.15833333333333333 0.022916666666666665
7 0.7587962962962963 0.45729166666666665 0.13425925925925927 0.023958333333333335
7 0.7592592592592593 0.5020833333333333 0.12962962962962962 0.026041666666666668
7 0.7787037037037037 0.54609375 0.0962962962962963 0.0265625
2 0.17824074074074073 0.6330729166666667 0.058333333333333334 0.0328125
7 0.7712962962962963 0.6354166666666666 0.09814814814814815 0.030208333333333334
2 0.17824074074074073 0.6768229166666667 0.058333333333333334 0.0328125
7 0.7384259259259259 0.67890625 0.1712962962962963 0.0359375
2 0.17824074074074073 0.7205729166666667 0.058333333333333334 0.0328125
7 0.7648148148148148 0.7216145833333333 0.12407407407407407 0.033854166666666664
7 0.7833333333333333 0.7747395833333334 0.06481481481481481 0.030729166666666665
7 0.3578703703703704 0.3697916666666667 0.21203703703703702 0.027083333333333334
7 0.3106481481481482 0.41302083333333334 0.12314814814814815 0.022916666666666665
7 0.3435185185185185 0.45677083333333335 0.19444444444444445 0.027083333333333334
7 0.3055555555555556 0.50234375 0.11481481481481481 0.0234375
7 0.375 0.5471354166666667 0.2518518518518518 0.024479166666666666
7 0.3277777777777778 0.6348958333333333 0.2 0.026041666666666668
7 0.35 0.6778645833333333 0.2388888888888889 0.0265625
7 0.32407407407407407 0.72265625 0.18888888888888888 0.024479166666666666