7 0.4986111111111111 0.07083333333333333 0.47314814814814815 0.036458333333333336
7 0.49907407407407406 0.11119791666666666 0.07222222222222222 0.0328125
7 0.24259259259259258 0.18802083333333333 0.48518518518518516 0.035416666666666666
7 0.34120370370370373 0.22395833333333334 0.6824074074074075 0.026041666666666668
6 0.9203703703703704 0.20260416666666667 0.10740740740740741 0.03958333333333333
7 0.15138888888888888 0.28177083333333336 0.30277777777777776 0.035416666666666666
7 0.3648148148148148 0.3177083333333333 0.7296296296296296 0.026041666666666668
6 0.9217592592592593 0.2984375 0.10092592592592593 0.041666666666666664
7 0.22824074074074074 0.37552083333333336 0.4564814814814815 0.035416666666666666
7 0.4263888888888889 0.43359375 0.8527777777777777 0.0703125
6 0.9222222222222223 0.41354166666666664 0.11296296296296296 0.036458333333333336
7 0.31203703703703706 0.5138020833333333 0.6240740740740741 0.034895833333333334
7 0.4263888888888889 0.5609375 0.8527777777777777 0.04791666666666667
6 0.9217592592592593 0.54140625 0.10462962962962963 0.0390625
7 0.2726851851851852 0.6296875 0.5453703703703704 0.035416666666666666
6 0.9199074074074074 0.6315104166666666 0.11018518518518519 0.0390625
7 0.21296296296296297 0.6799479166666667 0.14444444444444443 0.0328125
7 0.1986111111111111 0.7455729166666667 0.11574074074074074 0.0328125
7 0.22962962962962963 0.8111979166666666 0.17777777777777778 0.0328125
0 0.09583333333333334 0.6802083333333333 0.06759259259259259 0.034375
0 0.09722222222222222 0.7447916666666666 0.06111111111111111 0.035416666666666666
0 0.09537037037037037 0.81171875 0.06111111111111111 0.033854166666666664
7 0.5027777777777778 0.8973958333333333 0.12962962962962962 0.029166666666666667
8 0.5038981481481482 0.8994166666666668 0.9922037037037036 0.080078125