7 0.12962962962962962 0.15989583333333332 0.14444444444444443 0.03333333333333333
7 0.26944444444444443 0.15859375 0.11481481481481481 0.030729166666666665
2 0.13055555555555556 0.2755208333333333 0.19444444444444445 0.109375
7 0.6296296296296297 0.25494791666666666 0.7 0.06302083333333333
7 0.3939814814814815 0.30911458333333336 0.22870370370370371 0.03177083333333333
7 0.37546296296296294 0.35572916666666665 0.23055555555555557 0.034375
2 0.31157407407407406 0.4049479166666667 0.075 0.0421875
7 0.38333333333333336 0.4049479166666667 0.06851851851851852 0.0421875
2 0.45555555555555555 0.4049479166666667 0.07592592592592592 0.0421875
7 0.8824074074074074 0.40260416666666665 0.15925925925925927 0.0375
7 0.9277777777777778 0.48984375 0.05925925925925926 0.033854166666666664
7 0.48009259259259257 0.48984375 0.8361111111111111 0.033854166666666664
7 0.8777777777777778 0.5393229166666667 0.15925925925925927 0.03802083333333333
7 0.11203703703703703 0.5372395833333333 0.1 0.033854166666666664
7 0.225 0.6114583333333333 0.3296296296296296 0.03333333333333333
2 0.9412037037037037 0.6114583333333333 0.017592592592592594 0.015625
7 0.274537037037037 0.6958333333333333 0.16203703703703703 0.028125
7 0.7277777777777777 0.6950520833333333 0.32407407407407407 0.027604166666666666
7 0.4861111111111111 0.79921875 0.4074074074074074 0.033854166666666664
2 0.07268518518518519 0.07109375 0.06574074074074074 0.0359375
7 0.33287037037037037 0.0703125 0.39351851851851855 0.036458333333333336
7 0.9361111111111111 0.07005208333333333 0.07037037037037037 0.03177083333333333
8 0.4947962962962963 0.8841145833333334 0.9739907407407408 0.07552083333333333
7 0.5243333333333333 0.8860677083333334 0.44975000000000004 0.037760416666666664