7 0.12361111111111112 0.14140625 0.11944444444444445 0.0296875
7 0.37407407407407406 0.14140625 0.06666666666666667 0.0296875
7 0.6231481481481481 0.14140625 0.10925925925925926 0.0296875
7 0.8731481481481481 0.14140625 0.11481481481481481 0.0296875
7 0.07453703703703704 0.3229166666666667 0.08981481481481482 0.034375
2 0.2361111111111111 0.3684895833333333 0.412962962962963 0.0015625
2 0.4986111111111111 0.32369791666666664 0.11203703703703703 0.06302083333333333
7 0.9458333333333333 0.3229166666666667 0.04351851851851852 0.034375
7 0.16296296296296298 0.4088541666666667 0.26666666666666666 0.027083333333333334
2 0.06759259259259259 0.07057291666666667 0.13518518518518519 0.0765625
7 0.5087962962962963 0.0703125 0.1638888888888889 0.04479166666666667
2 0.9402777777777778 0.07057291666666667 0.058333333333333334 0.0328125
5 0.04722222222222222 0.22552083333333334 0.05185185185185185 0.028125
5 0.3962962962962963 0.22760416666666666 0.05 0.027083333333333334
8 0.5011574074074074 0.5026041666666666 0.9450648148148147 0.07291666666666667
7 0.5046666666666666 0.5029322916666666 0.34097222222222223 0.039713541666666664