2 0.06759259259259259 0.07057291666666667 0.13518518518518519 0.0765625
7 0.22037037037037038 0.0703125 0.15185185185185185 0.036458333333333336
2 0.950462962962963 0.0703125 0.09722222222222222 0.065625
2 0.25092592592592594 0.234375 0.48518518518518516 0.240625
7 0.21712962962962962 0.32734375 0.3398148148148148 0.022395833333333334
2 0.4356481481481482 0.32734375 0.058333333333333334 0.0328125
3 0.25092592592592594 0.234375 0.48518518518518516 0.240625
7 0.7125 0.32734375 0.3398148148148148 0.022395833333333334
2 0.9310185185185185 0.32734375 0.058333333333333334 0.0328125
7 0.21712962962962962 0.5731770833333333 0.3398148148148148 0.022395833333333334
2 0.4356481481481482 0.5736979166666667 0.058333333333333334 0.0328125
7 0.7125 0.5731770833333333 0.3398148148148148 0.022395833333333334
2 0.9310185185185185 0.5736979166666667 0.058333333333333334 0.0328125
7 0.21712962962962962 0.81953125 0.3398148148148148 0.022395833333333334
2 0.4356481481481482 0.81953125 0.058333333333333334 0.0328125
7 0.7125 0.81953125 0.3398148148148148 0.022395833333333334
2 0.9310185185185185 0.81953125 0.058333333333333334 0.0328125