7 0.4986111111111111 0.07552083333333333 0.11574074074074074 0.03229166666666667
7 0.4981481481481482 0.10494791666666667 0.5351851851851852 0.0265625
7 0.4986111111111111 0.07552083333333333 0.1361111111111111 0.03229166666666667
7 0.4986111111111111 0.10494791666666667 0.5009259259259259 0.0265625
2 0.09259259259259259 0.8049479166666667 0.05185185185185185 0.027604166666666666
2 0.3731481481481482 0.76875 0.17777777777777778 0.1
2 0.6240740740740741 0.76875 0.17777777777777778 0.1
2 0.9050925925925926 0.8049479166666667 0.05092592592592592 0.027604166666666666
2 0.14166666666666666 0.8953125 0.07777777777777778 0.04375
2 0.37962962962962965 0.8953125 0.07777777777777778 0.04375
2 0.6166666666666667 0.8953125 0.07777777777777778 0.04375
2 0.8546296296296296 0.8953125 0.07777777777777778 0.04375
2 0.06759259259259259 0.07057291666666667 0.13518518518518519 0.0765625
2 0.9471851851851852 0.07682291666666667 0.10562962962962963 0.06510416666666667