7 0.2 0.17708333333333334 0.34074074074074073 0.03229166666666667
7 0.8587962962962963 0.26979166666666665 0.09907407407407408 0.028125
7 0.20879629629629629 0.2721354166666667 0.35833333333333334 0.0265625
7 0.7453703703703703 0.3260416666666667 0.3333333333333333 0.030208333333333334
7 0.5125 0.39036458333333335 0.9027777777777778 0.06302083333333333
2 0.33611111111111114 0.46979166666666666 0.08148148148148149 0.034375
7 0.5388888888888889 0.47369791666666666 0.32407407407407407 0.0421875
7 0.4981481481481482 0.5848958333333333 0.10740740740740741 0.03333333333333333
2 0.06759259259259259 0.07057291666666667 0.13518518518518519 0.0765625
2 0.13564814814814816 0.0703125 0.000925925925925926 0.042708333333333334
7 0.3148148148148148 0.0703125 0.3574074074074074 0.03958333333333333
7 0.8787037037037037 0.07005208333333333 0.17222222222222222 0.03802083333333333
8 0.4988518518518518 0.4752604166666667 0.8385925925925926 0.0859375
8 0.5046388888888889 0.7018229166666666 0.8409074074074073 0.09895833333333333
8 0.5046388888888889 0.8310572916666668 0.8362777777777778 0.09700520833333333