7 0.12361111111111112 0.14140625 0.11944444444444445 0.0296875
7 0.37407407407407406 0.14140625 0.06666666666666667 0.0296875
7 0.6231481481481481 0.14140625 0.10925925925925926 0.0296875
7 0.8731481481481481 0.14140625 0.11481481481481481 0.0296875
7 0.09027777777777778 0.21536458333333333 0.08981481481481482 0.0296875
7 0.14583333333333334 0.2578125 0.20092592592592592 0.03333333333333333
2 0.4981481481481482 0.2518229166666667 0.053703703703703705 0.0296875
7 0.9305555555555556 0.21536458333333333 0.04259259259259259 0.0296875
7 0.8898148148148148 0.2578125 0.12407407407407407 0.03333333333333333
7 0.15462962962962962 0.3684895833333333 0.21851851851851853 0.025520833333333333
7 0.1875 0.40911458333333334 0.28425925925925927 0.033854166666666664
3 0.4986111111111111 0.7260416666666667 0.9064814814814814 0.2989583333333333
2 0.06759259259259259 0.07057291666666667 0.13518518518518519 0.0765625
2 0.13564814814814816 0.0703125 0.000925925925925926 0.042708333333333334
7 0.5087962962962963 0.0703125 0.1638888888888889 0.04479166666666667
2 0.9402777777777778 0.07057291666666667 0.058333333333333334 0.0328125
8 0.5005833333333334 0.5094427083333334 0.9022407407407407 0.08138020833333333
7 0.5116111111111111 0.5061875 0.3363333333333333 0.030598958333333332