7 0.49907407407407406 0.146875 0.4666666666666667 0.03854166666666667
2 0.1259259259259259 0.22135416666666666 0.1 0.04375
7 0.1259259259259259 0.2671875 0.040740740740740744 0.034375
2 0.3351851851851852 0.22135416666666666 0.1 0.04375
7 0.33564814814814814 0.2671875 0.12314814814814815 0.034375
2 0.5453703703703704 0.22135416666666666 0.1 0.04375
7 0.5449074074074074 0.2671875 0.10833333333333334 0.034375
2 0.7546296296296297 0.22135416666666666 0.1 0.04375
7 0.7546296296296297 0.2671875 0.10185185185185185 0.034375
2 0.9569444444444445 0.22135416666666666 0.08425925925925926 0.04375
7 0.9625 0.2671875 0.07314814814814814 0.034375
7 0.4986111111111111 0.33046875 0.35462962962962963 0.03802083333333333
2 0.1259259259259259 0.4046875 0.1 0.04375
7 0.1259259259259259 0.4510416666666667 0.16666666666666666 0.034375
2 0.3351851851851852 0.4046875 0.1 0.04375
7 0.3351851851851852 0.4510416666666667 0.16666666666666666 0.034375
2 0.5453703703703704 0.4046875 0.1 0.04375
7 0.5449074074074074 0.4510416666666667 0.10648148148148148 0.034375
2 0.7546296296296297 0.4046875 0.1 0.04375
7 0.7546296296296297 0.4510416666666667 0.04814814814814815 0.034375
2 0.9569444444444445 0.4046875 0.08425925925925926 0.04375
7 0.9643518518518519 0.4510416666666667 0.05277777777777778 0.034375
7 0.4981481481481482 0.5364583333333334 0.28703703703703703 0.03854166666666667
7 0.12546296296296297 0.5721354166666667 0.10833333333333334 0.019270833333333334
2 0.1259259259259259 0.6104166666666667 0.1 0.04375
7 0.12546296296296297 0.6567708333333333 0.08611111111111111 0.034375
2 0.3351851851851852 0.6104166666666667 0.1 0.04375
7 0.3351851851851852 0.6567708333333333 0.040740740740740744 0.034375
2 0.5453703703703704 0.6104166666666667 0.1 0.04375
7 0.5449074074074074 0.6567708333333333 0.07314814814814814 0.034375
2 0.7546296296296297 0.6104166666666667 0.1 0.04375
7 0.7546296296296297 0.6567708333333333 0.06111111111111111 0.034375
2 0.9569444444444445 0.6104166666666667 0.08425925925925926 0.04375
7 0.9546296296296296 0.6567708333333333 0.08888888888888889 0.034375
3 0.2601851851851852 0.78515625 0.4740740740740741 0.1328125
3 0.7583333333333333 0.78515625 0.4740740740740741 0.1328125
2 0.12361111111111112 0.8828125 0.06759259259259259 0.042708333333333334
7 0.12361111111111112 0.91484375 0.075 0.021354166666666667
2 0.3736111111111111 0.8828125 0.06759259259259259 0.042708333333333334
7 0.3731481481481482 0.91484375 0.053703703703703705 0.021354166666666667
2 0.6236111111111111 0.8828125 0.06759259259259259 0.042708333333333334
7 0.6231481481481481 0.91484375 0.07962962962962963 0.021354166666666667
2 0.8736111111111111 0.8794270833333333 0.06759259259259259 0.0359375
7 0.8731481481481481 0.91484375 0.15925925925925927 0.021354166666666667
2 0.06759259259259259 0.07057291666666667 0.13518518518518519 0.0765625
2 0.2324074074074074 0.07057291666666667 0.19444444444444445 0.0546875
2 0.9402777777777778 0.07057291666666667 0.058333333333333334 0.0328125
2 0.8171481481481482 0.068359375 0.08166666666666667 0.053385416666666664