7 0.2638888888888889 0.0703125 0.17962962962962964 0.036458333333333336
2 0.06527777777777778 0.0703125 0.05462962962962963 0.03229166666666667
7 0.22685185185185186 0.14557291666666666 0.37777777777777777 0.0296875
7 0.12314814814814815 0.22057291666666667 0.17037037037037037 0.0296875
7 0.29212962962962963 0.259375 0.5083333333333333 0.04791666666666667
7 0.18935185185185185 0.34348958333333335 0.30277777777777776 0.0296875
7 0.1476851851851852 0.37109375 0.21944444444444444 0.025520833333333333
7 0.3449074074074074 0.4440104166666667 0.6138888888888889 0.0296875
7 0.09490740740740741 0.471875 0.11388888888888889 0.026041666666666668
7 0.18518518518518517 0.5450520833333333 0.29444444444444445 0.0296875
7 0.13564814814814816 0.57265625 0.19537037037037036 0.025520833333333333
0 0.9212962962962963 0.5578125 0.07777777777777778 0.04375
7 0.1712962962962963 0.6455729166666667 0.26666666666666666 0.0296875
7 0.375 0.6734375 0.674074074074074 0.026041666666666668
0 0.9212962962962963 0.6588541666666666 0.07777777777777778 0.04375