7 0.20694444444444443 0.07005208333333333 0.06574074074074074 0.027604166666666666
7 0.3138888888888889 0.0703125 0.14814814814814814 0.036458333333333336
2 0.07083333333333333 0.06953125 0.06759259259259259 0.034895833333333334
7 0.10046296296296296 0.146875 0.14537037037037037 0.026041666666666668
7 0.30833333333333335 0.146875 0.1537037037037037 0.026041666666666668
7 0.6324074074074074 0.146875 0.37777777777777777 0.026041666666666668
7 0.9393518518518519 0.146875 0.11944444444444445 0.026041666666666668
7 0.4986111111111111 0.21041666666666667 0.975 0.036458333333333336
7 0.412962962962963 0.6234375 0.1425925925925926 0.035416666666666666
2 0.9009259259259259 0.6223958333333334 0.17037037037037037 0.09583333333333334
7 0.07268518518518519 0.6971354166666667 0.08611111111111111 0.0265625