7 0.2638888888888889 0.0703125 0.17962962962962964 0.036458333333333336
2 0.06759259259259259 0.06979166666666667 0.05740740740740741 0.035416666666666666
7 0.14722222222222223 0.14557291666666666 0.2388888888888889 0.025520833333333333
7 0.11018518518518519 0.19453125 0.14444444444444443 0.0296875
7 0.324537037037037 0.22239583333333332 0.5731481481481482 0.026041666666666668
7 0.09398148148148149 0.29375 0.1361111111111111 0.026041666666666668
7 0.10231481481481482 0.34453125 0.1287037037037037 0.0296875
7 0.2 0.3723958333333333 0.32407407407407407 0.026041666666666668
7 0.16111111111111112 0.4434895833333333 0.2722222222222222 0.025520833333333333
2 0.08703703703703704 0.5072916666666667 0.11666666666666667 0.065625
7 0.2884259259259259 0.49453125 0.22870370370370371 0.0296875
7 0.40324074074074073 0.5223958333333333 0.4583333333333333 0.026041666666666668
2 0.06759259259259259 0.6192708333333333 0.07777777777777778 0.04375
7 0.3060185185185185 0.5955729166666667 0.2638888888888889 0.0296875
7 0.5078703703703704 0.634375 0.6675925925925926 0.04791666666666667
2 0.08703703703703704 0.7197916666666667 0.11666666666666667 0.065625
7 0.26296296296296295 0.7200520833333334 0.17777777777777778 0.0296875
7 0.09027777777777778 0.7966145833333333 0.10462962962962963 0.0296875
7 0.15787037037037038 0.82421875 0.23981481481481481 0.025520833333333333