7 0.2611111111111111 0.10052083333333334 0.40185185185185185 0.04583333333333333
8 0.5005833333333334 0.738609375 0.8744722222222222 0.09440104166666667
7 0.5168148148148148 0.7418645833333334 0.34212037037037035 0.046223958333333336
4 0.5034722222222222 0.6044947916666668 0.9311759259259259 0.06315104166666667
4 0.4965277777777778 0.5048854166666666 0.917287037037037 0.056640625
4 0.48785185185185187 0.406578125 0.9184444444444444 0.055338541666666664
4 0.4884351851851852 0.30176041666666664 0.9010925925925926 0.051432291666666664
4 0.5115740740740741 0.20377604166666666 0.9149722222222222 0.048177083333333336
7 0.16733333333333333 0.20377604166666666 0.1987037037037037 0.037760416666666664
7 0.13550925925925925 0.3040364583333333 0.1720925925925926 0.037760416666666664
7 0.3773518518518519 0.4095052083333333 0.6742870370370371 0.037760416666666664
7 0.4022314814814815 0.5130208333333334 0.6916481481481481 0.049479166666666664
7 0.2541111111111111 0.605796875 0.40467592592592594 0.039713541666666664