2 0.4986111111111111 0.246875 0.9416666666666667 0.24895833333333334
7 0.0824074074074074 0.41041666666666665 0.06111111111111111 0.034375
7 0.5291666666666667 0.43125 0.8324074074074074 0.09166666666666666
7 0.0824074074074074 0.5296875 0.06111111111111111 0.034375
7 0.5291666666666667 0.5505208333333333 0.8324074074074074 0.09166666666666666
7 0.0824074074074074 0.6494791666666667 0.06111111111111111 0.034375
7 0.4726851851851852 0.6557291666666667 0.7194444444444444 0.0625
7 0.0824074074074074 0.7395833333333334 0.06111111111111111 0.034375
7 0.5291666666666667 0.7604166666666666 0.8324074074074074 0.09166666666666666
7 0.2625 0.8802083333333334 0.46944444444444444 0.065625
8 0.7358796296296296 0.8795572916666666 0.46944444444444444 0.065625
2 0.06759259259259259 0.07057291666666667 0.13518518518518519 0.0765625
7 0.2537037037037037 0.0703125 0.2351851851851852 0.03958333333333333
8 0.2691574074074074 0.8798854166666668 0.4717962962962963 0.06966145833333333
7 0.2766944444444444 0.8756510416666666 0.2137222222222222 0.040364583333333336
7 0.7511759259259259 0.8798854166666668 0.22287037037037036 0.038411458333333336