7 0.25925925925925924 0.09166666666666666 0.39814814814814814 0.05
7 0.49422222222222223 0.83040625 0.871 0.08528645833333333
7 0.5104444444444444 0.8352864583333334 0.4173425925925926 0.048177083333333336
7 0.25296296296296295 0.69759375 0.37922222222222224 0.038411458333333336
7 0.14592592592592593 0.59375 0.20681481481481484 0.0390625
7 0.2385 0.4876302083333333 0.3317777777777778 0.040364583333333336
7 0.2211388888888889 0.383140625 0.3202037037037037 0.037109375
7 0.3466851851851852 0.2845052083333333 0.5898148148148148 0.04296875
7 0.3380092592592593 0.18294270833333334 0.5863518518518518 0.037760416666666664
2 0.8912129629629629 0.08528645833333333 0.08164814814814815 0.04296875
4 0.47975 0.17447916666666666 0.9300185185185185 0.07291666666666667
4 0.4895833333333333 0.27571875 0.9358055555555556 0.061848958333333336
4 0.48496296296296293 0.3766302083333333 0.8848888888888888 0.06575520833333333
4 0.48264814814814816 0.4817708333333333 0.908037037037037 0.0625
4 0.48669444444444443 0.5865885416666666 0.8976203703703703 0.055989583333333336
4 0.48726851851851855 0.6832708333333334 0.9265462962962963 0.061848958333333336