2 0.10972222222222222 0.17057291666666666 0.125 0.0703125
7 0.5564814814814815 0.17395833333333333 0.6703703703703704 0.06875
2 0.10972222222222222 0.29401041666666666 0.125 0.0703125
7 0.4634259259259259 0.29739583333333336 0.4583333333333333 0.0375
2 0.10972222222222222 0.41484375 0.125 0.0703125
7 0.4597222222222222 0.4153645833333333 0.45092592592592595 0.0296875
2 0.10972222222222222 0.5377604166666666 0.125 0.0703125
7 0.524074074074074 0.54296875 0.6055555555555555 0.07135416666666666
2 0.10972222222222222 0.66328125 0.125 0.0703125
7 0.5712962962962963 0.66875 0.7037037037037037 0.06770833333333333
2 0.10972222222222222 0.78671875 0.125 0.0703125
7 0.3421296296296296 0.7880208333333333 0.22870370370370371 0.03229166666666667
2 0.10972222222222222 0.9119791666666667 0.125 0.04375
7 0.5023148148148148 0.8971354166666666 0.5509259259259259 0.034895833333333334
2 0.07037037037037037 0.07265625 0.05740740740740741 0.034895833333333334
2 0.13564814814814816 0.0703125 0.000925925925925926 0.042708333333333334
7 0.475 0.0703125 0.6777777777777778 0.03958333333333333