7 0.6981481481481482 0.1359375 0.48518518518518516 0.03333333333333333
7 0.6981481481481482 0.20208333333333334 0.48518518518518516 0.03333333333333333
7 0.6981481481481482 0.26875 0.48518518518518516 0.03333333333333333
7 0.6981481481481482 0.33489583333333334 0.48518518518518516 0.03333333333333333
7 0.6981481481481482 0.4015625 0.48518518518518516 0.03333333333333333
7 0.6981481481481482 0.46770833333333334 0.48518518518518516 0.03333333333333333
7 0.6592592592592592 0.534375 0.4074074074074074 0.03333333333333333
0 0.9018518518518519 0.534375 0.07777777777777778 0.04375
7 0.6981481481481482 0.6005208333333333 0.48518518518518516 0.03333333333333333
2 0.8304537037037036 0.0686875 0.09438888888888888 0.054036458333333336
2 0.9484907407407407 0.06608333333333333 0.08047222222222222 0.046223958333333336