2 0.8240740740740741 0.0703125 0.11666666666666667 0.065625
4 0.8240740740740741 0.0703125 0.11666666666666667 0.065625
7 0.3736111111111111 0.0703125 0.3990740740740741 0.036458333333333336
2 0.06666666666666667 0.06901041666666667 0.06851851851851852 0.03177083333333333
2 0.07916666666666666 0.15390625 0.1361111111111111 0.0765625
7 0.32037037037037036 0.15833333333333333 0.2777777777777778 0.030208333333333334
2 0.9472222222222222 0.15390625 0.02962962962962963 0.016145833333333335
2 0.07916666666666666 0.23203125 0.1361111111111111 0.0765625
7 0.2833333333333333 0.23333333333333334 0.2111111111111111 0.03125
2 0.9472222222222222 0.23203125 0.02962962962962963 0.016145833333333335
2 0.07916666666666666 0.31015625 0.1361111111111111 0.0765625
7 0.2652777777777778 0.3138020833333333 0.16018518518518518 0.03177083333333333
2 0.9472222222222222 0.31015625 0.02962962962962963 0.016145833333333335
2 0.07916666666666666 0.38828125 0.1361111111111111 0.0765625
7 0.2763888888888889 0.3890625 0.18611111111111112 0.030208333333333334
2 0.9472222222222222 0.38828125 0.02962962962962963 0.016145833333333335
2 0.07916666666666666 0.46640625 0.1361111111111111 0.0765625
7 0.2962962962962963 0.46770833333333334 0.22592592592592592 0.03125
2 0.9472222222222222 0.46640625 0.02962962962962963 0.016145833333333335
2 0.07916666666666666 0.54453125 0.1361111111111111 0.0765625
7 0.33796296296296297 0.54765625 0.31296296296296294 0.030729166666666665
2 0.9472222222222222 0.54453125 0.02962962962962963 0.016145833333333335
2 0.07916666666666666 0.62265625 0.1361111111111111 0.0765625
7 0.25601851851851853 0.6239583333333333 0.14722222222222223 0.03229166666666667
2 0.9472222222222222 0.62265625 0.02962962962962963 0.016145833333333335
2 0.07916666666666666 0.70078125 0.1361111111111111 0.0765625
7 0.30972222222222223 0.7033854166666667 0.25462962962962965 0.0359375
2 0.9472222222222222 0.70078125 0.02962962962962963 0.016145833333333335
2 0.07916666666666666 0.77890625 0.1361111111111111 0.0765625
7 0.2662037037037037 0.7817708333333333 0.16018518518518518 0.03125
2 0.9472222222222222 0.77890625 0.02962962962962963 0.016145833333333335
2 0.8921296296296296 0.8049479166666667 0.1361111111111111 0.0765625