7 0.3638888888888889 0.14192708333333334 0.6518518518518519 0.07760416666666667
3 0.8444444444444444 0.15677083333333333 0.23148148148148148 0.10104166666666667
7 0.0712962962962963 0.19947916666666668 0.06666666666666667 0.021875
7 0.2175925925925926 0.19895833333333332 0.15925925925925927 0.017708333333333333
7 0.3638888888888889 0.28802083333333334 0.6518518518518519 0.07708333333333334
3 0.8444444444444444 0.303125 0.23148148148148148 0.10104166666666667
7 0.0712962962962963 0.3458333333333333 0.06666666666666667 0.021875
7 0.1884259259259259 0.3463541666666667 0.10092592592592593 0.019791666666666666
7 0.30833333333333335 0.43463541666666666 0.5407407407407407 0.07864583333333333
3 0.8444444444444444 0.44895833333333335 0.23148148148148148 0.10104166666666667
7 0.0712962962962963 0.49166666666666664 0.06666666666666667 0.021875
7 0.22546296296296298 0.4934895833333333 0.175 0.022395833333333334
7 0.35185185185185186 0.575 0.6277777777777778 0.06666666666666667
3 0.8444444444444444 0.5953125 0.23148148148148148 0.10104166666666667
7 0.0712962962962963 0.6380208333333334 0.06666666666666667 0.021875
7 0.20925925925925926 0.6390625 0.1425925925925926 0.020833333333333332
7 0.34629629629629627 0.7263020833333333 0.6166666666666667 0.07760416666666667
3 0.8444444444444444 0.7411458333333333 0.23148148148148148 0.10104166666666667
7 0.0712962962962963 0.7838541666666666 0.06666666666666667 0.021875
7 0.23287037037037037 0.7864583333333334 0.18981481481481483 0.023958333333333335
7 0.3638888888888889 0.8528645833333334 0.6518518518518519 0.03802083333333333
3 0.8444444444444444 0.8544270833333333 0.23148148148148148 0.034895833333333334
2 0.950462962962963 0.05807291666666667 0.09722222222222222 0.0515625
7 0.04675925925925926 0.0578125 0.09351851851851851 0.026041666666666668
7 0.22824074074074074 0.0578125 0.14907407407407408 0.026041666666666668
7 0.45046296296296295 0.0578125 0.1787037037037037 0.026041666666666668
7 0.6564814814814814 0.0578125 0.11296296296296296 0.026041666666666668
7 0.8310185185185185 0.0578125 0.11388888888888889 0.026041666666666668
2 0.08703703703703704 0.9028645833333333 0.17407407407407408 0.06197916666666667
2 0.29212962962962963 0.9028645833333333 0.175 0.06197916666666667
2 0.4986111111111111 0.9028645833333333 0.175 0.06197916666666667
2 0.7050925925925926 0.9028645833333333 0.175 0.06197916666666667
2 0.9115740740740741 0.9028645833333333 0.175 0.06197916666666667