2 0.06759259259259259 0.07057291666666667 0.13518518518518519 0.0765625
7 0.2884259259259259 0.0703125 0.287962962962963 0.036458333333333336
7 0.06481481481481481 0.12526041666666668 0.10740740740740741 0.0328125
7 0.08935185185185185 0.17578125 0.13055555555555556 0.0546875
7 0.24537037037037038 0.17578125 0.13148148148148148 0.0546875
7 0.10787037037037037 0.25 0.1935185185185185 0.03854166666666667
7 0.07314814814814814 0.29375 0.12407407407407407 0.041666666666666664
7 0.16666666666666666 0.2942708333333333 0.06296296296296296 0.026041666666666668
7 0.19444444444444445 0.4625 0.36666666666666664 0.03229166666666667
7 0.15138888888888888 0.49921875 0.28055555555555556 0.024479166666666666
7 0.4587962962962963 0.53203125 0.8953703703703704 0.024479166666666666
7 0.42407407407407405 0.56484375 0.825925925925926 0.024479166666666666
7 0.15046296296296297 0.6278645833333333 0.27314814814814814 0.030729166666666665
7 0.3990740740740741 0.75703125 0.7759259259259259 0.20052083333333334
2 0.16527777777777777 0.8846354166666667 0.058333333333333334 0.0328125
7 0.16527777777777777 0.9127604166666666 0.275 0.022395833333333334
2 0.4986111111111111 0.8815104166666666 0.058333333333333334 0.0328125
7 0.4986111111111111 0.9109375 0.275 0.026041666666666668
2 0.8319444444444445 0.8846354166666667 0.058333333333333334 0.0328125
7 0.8319444444444445 0.9127604166666666 0.275 0.022395833333333334