2 0.062037037037037036 0.5591145833333333 0.04814814814814815 0.027604166666666666
7 0.1439814814814815 0.5596354166666667 0.07685185185185185 0.0265625
7 0.11388888888888889 0.6328125 0.13333333333333333 0.03229166666666667
7 0.225 0.6328125 0.08888888888888889 0.03229166666666667
7 0.24212962962962964 0.6690104166666667 0.32314814814814813 0.0296875
7 0.2689814814814815 0.7 0.38981481481481484 0.028125
3 0.49953703703703706 0.80078125 0.9990740740740741 0.13385416666666666
2 0.8699074074074075 0.7953125 0.18055555555555555 0.10104166666666667
2 0.06018518518518518 0.9002604166666667 0.12037037037037036 0.0578125
2 0.937962962962963 0.9002604166666667 0.12222222222222222 0.0578125
2 0.06759259259259259 0.07057291666666667 0.13518518518518519 0.0765625
2 0.9317129629629629 0.07129166666666667 0.10246296296296296 0.056640625