2 0.045572916666666664 0.13518518518518519 0.06822916666666666 0.12222222222222222
7 0.20963541666666666 0.11527777777777777 0.2359375 0.05648148148148148
7 0.20963541666666666 0.16342592592592592 0.2359375 0.03981481481481482
2 0.37005208333333334 0.13518518518518519 0.07864583333333333 0.15555555555555553
2 0.20462962962962963 0.26953125 0.40925925925925927 0.11302083333333333
2 0.20462962962962963 0.38203125 0.40925925925925927 0.11197916666666667
2 0.20462962962962963 0.49453125 0.40925925925925927 0.11302083333333333
2 0.20462962962962963 0.60703125 0.40925925925925927 0.11197916666666667
2 0.20462962962962963 0.71953125 0.40925925925925927 0.11302083333333333
2 0.20462962962962963 0.83203125 0.40925925925925927 0.11197916666666667
2 0.20462962962962963 0.9440104166666666 0.40925925925925927 0.11197916666666667
7 0.36953125 0.9467592592592592 0.05260416666666667 0.06759259259259259
2 0.44895833333333335 0.1148148148148148 0.065625 0.09259259259259259
7 0.47369791666666666 0.1148148148148148 0.0109375 0.09259259259259259
7 0.5377604166666666 0.11574074074074073 0.0484375 0.11666666666666667
2 0.48541666666666666 0.2287037037037037 0.14375 0.09444444444444443
2 0.5596354166666667 0.2287037037037037 0.0046875 0.09444444444444443
2 0.484375 0.41759259259259257 0.13645833333333332 0.24259259259259258
2 0.484375 0.41759259259259257 0.13645833333333332 0.24259259259259258
2 0.484375 0.7402777777777777 0.13645833333333332 0.24351851851851852
2 0.484375 0.7402777777777777 0.13645833333333332 0.24351851851851852
2 0.4842592592592593 0.9708333333333333 0.1361111111111111 0.058333333333333334
2 0.4842592592592593 0.9708333333333333 0.1361111111111111 0.058333333333333334