7 0.16435185185185186 0.14557291666666666 0.21388888888888888 0.0296875
7 0.29953703703703705 0.18411458333333333 0.4842592592592593 0.025520833333333333
7 0.1763888888888889 0.3966145833333333 0.27685185185185185 0.0296875
7 0.42407407407407405 0.39765625 0.13703703703703704 0.03177083333333333
0 0.04814814814814815 0.45078125 0.05925925925925926 0.033854166666666664
7 0.2638888888888889 0.453125 0.3425925925925926 0.030208333333333334
0 0.04814814814814815 0.484375 0.05925925925925926 0.03333333333333333
7 0.23703703703703705 0.484375 0.28888888888888886 0.026041666666666668
2 0.01898148148148148 0.06510416666666667 0.03796296296296296 0.021875
2 0.06759259259259259 0.06510416666666667 0.07777777777777778 0.04375
2 0.35509259259259257 0.065625 0.04351851851851852 0.03854166666666667
7 0.48703703703703705 0.06822916666666666 0.13703703703703704 0.03958333333333333
2 0.6291666666666667 0.06536458333333334 0.03981481481481482 0.03802083333333333
7 0.5032407407407408 0.5458333333333333 0.1527777777777778 0.029166666666666667
2 0.9314814814814815 0.06822916666666666 0.07592592592592592 0.03229166666666667