2 0.26851851851851855 0.11380208333333333 0.12222222222222222 0.06822916666666666
7 0.5717592592592593 0.11380208333333333 0.4361111111111111 0.09322916666666667
7 0.4986111111111111 0.6354166666666666 0.5268518518518519 0.025
7 0.3287037037037037 0.81171875 0.24259259259259258 0.030729166666666665
7 0.6851851851851852 0.8125 0.14444444444444443 0.03229166666666667
7 0.2222222222222222 0.915625 0.39814814814814814 0.021875
7 0.9111111111111111 0.9151041666666667 0.1 0.020833333333333332
7 0.537962962962963 0.6888020833333334 0.1814814814814815 0.028645833333333332
7 0.5296296296296297 0.75859375 0.2388888888888889 0.030729166666666665
2 0.4046296296296296 0.68671875 0.07037037037037037 0.03802083333333333
2 0.37962962962962965 0.7533854166666667 0.053703703703703705 0.034895833333333334
2 0.46435185185185185 0.8138020833333334 0.026851851851851852 0.019270833333333334
2 0.7763888888888889 0.81484375 0.03796296296296296 0.019270833333333334
2 0.975925925925926 0.9174479166666667 0.024074074074074074 0.018229166666666668
3 0.5009259259259259 0.40598958333333335 0.9962962962962963 0.4171875
8 0.506962962962963 0.6845729166666668 0.581675925925926 0.061848958333333336
8 0.5023425925925926 0.7565104166666666 0.581675925925926 0.0625