2 0.04722222222222222 0.058854166666666666 0.06481481481481481 0.034375
7 0.49444444444444446 0.059895833333333336 0.23333333333333334 0.0375
7 0.8925925925925926 0.061197916666666664 0.10185185185185185 0.033854166666666664
7 0.07175925925925926 0.1640625 0.07314814814814814 0.03333333333333333
7 0.48055555555555557 0.15026041666666667 0.7185185185185186 0.04114583333333333
7 0.26990740740740743 0.18515625 0.2972222222222222 0.028645833333333332
2 0.8949074074074074 0.1640625 0.03611111111111111 0.020833333333333332
7 0.07175925925925926 0.2734375 0.07314814814814814 0.03333333333333333
7 0.48055555555555557 0.2596354166666667 0.7185185185185186 0.04114583333333333
7 0.2652777777777778 0.2955729166666667 0.287962962962963 0.030729166666666665
2 0.8949074074074074 0.2734375 0.03611111111111111 0.020833333333333332
7 0.07175925925925926 0.3828125 0.07314814814814814 0.03333333333333333
7 0.48055555555555557 0.3690104166666667 0.7185185185185186 0.04114583333333333
7 0.26342592592592595 0.4046875 0.28425925925925927 0.030208333333333334
2 0.8949074074074074 0.3828125 0.03611111111111111 0.020833333333333332