2 0.5435185185185185 0.15729166666666666 0.27037037037037037 0.090625
2 0.8388888888888889 0.15729166666666666 0.27037037037037037 0.090625
7 0.09768518518518518 0.23828125 0.17314814814814813 0.025520833333333333
7 0.10694444444444444 0.2640625 0.19166666666666668 0.026041666666666668
7 0.425462962962963 0.23828125 0.225 0.025520833333333333
7 0.425462962962963 0.2640625 0.225 0.026041666666666668
7 0.65 0.23828125 0.22407407407407406 0.025520833333333333
7 0.65 0.2640625 0.22407407407407406 0.026041666666666668
7 0.8740740740740741 0.23828125 0.22407407407407406 0.025520833333333333
7 0.8740740740740741 0.2640625 0.22407407407407406 0.026041666666666668
2 0.06759259259259259 0.06510416666666667 0.07777777777777778 0.04375
7 0.20277777777777778 0.06458333333333334 0.17407407407407408 0.03333333333333333
2 0.13333333333333333 0.8411458333333334 0.07962962962962963 0.046875
2 0.37407407407407406 0.8359375 0.11296296296296296 0.046875
2 0.6231481481481481 0.83671875 0.08518518518518518 0.044270833333333336
2 0.8699074074074075 0.8377604166666667 0.0712962962962963 0.044270833333333336
2 0.9375 0.065625 0.075 0.03958333333333333