2 0.49907407407407406 0.21041666666666667 0.5444444444444444 0.1125
7 0.4981481481481482 0.30807291666666664 0.6962962962962963 0.027604166666666666
7 0.30092592592592593 0.37109375 0.4981481481481482 0.043229166666666666
7 0.2439814814814815 0.43385416666666665 0.38425925925925924 0.028125
7 0.26157407407407407 0.46979166666666666 0.41944444444444445 0.028125
7 0.21805555555555556 0.5057291666666667 0.33240740740740743 0.028125
7 0.23657407407407408 0.5416666666666666 0.36944444444444446 0.028125
2 0.09074074074074075 0.6046875 0.07777777777777778 0.04375
2 0.20092592592592592 0.6046875 0.07777777777777778 0.04375
7 0.2611111111111111 0.90390625 0.4185185185185185 0.018229166666666668
7 0.11296296296296296 0.87578125 0.12222222222222222 0.018229166666666668
7 0.18518518518518517 0.8453125 0.26666666666666666 0.022916666666666665
2 0.09675925925925925 0.0703125 0.1175925925925926 0.06666666666666667
7 0.5180555555555556 0.07005208333333333 0.11203703703703703 0.03177083333333333