4 0.500462962962963 0.23098958333333333 0.7398148148148148 0.06614583333333333
4 0.49953703703703706 0.32760416666666664 0.7379629629629629 0.0625
4 0.5 0.4239583333333333 0.7407407407407407 0.0625
7 0.2449074074074074 0.23046875 0.20092592592592592 0.033854166666666664
7 0.37962962962962965 0.42552083333333335 0.4722222222222222 0.027083333333333334
7 0.4976851851851852 0.60859375 0.15092592592592594 0.033854166666666664
7 0.48564814814814816 0.5255208333333333 0.7101851851851851 0.04791666666666667
7 0.3458333333333333 0.46822916666666664 0.3490740740740741 0.020833333333333332
7 0.31574074074074077 0.37161458333333336 0.29259259259259257 0.0203125
8 0.4977037037037037 0.6090520833333334 0.7112962962962963 0.048828125
2 0.1493888888888889 0.068359375 0.25078703703703703 0.048177083333333336