7 0.21342592592592594 0.20989583333333334 0.10648148148148148 0.030208333333333334
7 0.3523148148148148 0.25885416666666666 0.38981481481481484 0.046875
2 0.1986111111111111 0.35859375 0.03981481481481482 0.03177083333333333
2 0.7981481481481482 0.35833333333333334 0.037037037037037035 0.027083333333333334
7 0.788425925925926 0.759375 0.1175925925925926 0.029166666666666667
7 0.4986111111111111 0.35885416666666664 0.18055555555555555 0.026041666666666668
7 0.1986111111111111 0.41953125 0.03611111111111111 0.024479166666666666
7 0.3013888888888889 0.42213541666666665 0.04722222222222222 0.024479166666666666
7 0.4023148148148148 0.4200520833333333 0.03796296296296296 0.021354166666666667
7 0.4962962962962963 0.4203125 0.046296296296296294 0.021875
7 0.5976851851851852 0.41822916666666665 0.03611111111111111 0.027083333333333334
7 0.6953703703703704 0.41901041666666666 0.027777777777777776 0.0265625
7 0.7972222222222223 0.4197916666666667 0.027777777777777776 0.026041666666666668
7 0.30092592592592593 0.47265625 0.03148148148148148 0.0203125
7 0.3925925925925926 0.47291666666666665 0.046296296296296294 0.021875
7 0.4935185185185185 0.4744791666666667 0.046296296296296294 0.023958333333333335
7 0.5962962962962963 0.47239583333333335 0.040740740740740744 0.027083333333333334
7 0.7 0.47109375 0.037037037037037035 0.025520833333333333
7 0.7958333333333333 0.47317708333333336 0.03796296296296296 0.027604166666666666
7 0.2 0.5270833333333333 0.03148148148148148 0.022916666666666665
7 0.29907407407407405 0.5278645833333333 0.04259259259259259 0.021354166666666667
7 0.3976851851851852 0.52578125 0.03425925925925926 0.027604166666666666
7 0.4981481481481482 0.5276041666666667 0.046296296296296294 0.020833333333333332
7 0.5944444444444444 0.5286458333333334 0.05 0.025
7 0.6958333333333333 0.52734375 0.05277777777777778 0.022395833333333334
7 0.7967592592592593 0.5265625 0.05277777777777778 0.026041666666666668
7 0.2013888888888889 0.5817708333333333 0.04722222222222222 0.020833333333333332
7 0.2986111111111111 0.5822916666666667 0.058333333333333334 0.025
7 0.39490740740740743 0.5825520833333333 0.05092592592592592 0.022395833333333334
7 0.4962962962962963 0.58203125 0.044444444444444446 0.022395833333333334
7 0.5921296296296297 0.5822916666666667 0.06018518518518518 0.023958333333333335
7 0.6990740740740741 0.58125 0.044444444444444446 0.020833333333333332
7 0.7944444444444444 0.5817708333333333 0.053703703703703705 0.020833333333333332
7 0.19907407407407407 0.6364583333333333 0.044444444444444446 0.020833333333333332
7 0.29768518518518516 0.63671875 0.05092592592592592 0.022395833333333334
7 0.3958333333333333 0.6380208333333334 0.04722222222222222 0.022916666666666665
7 0.49583333333333335 0.6361979166666667 0.05462962962962963 0.0234375
7 0.5976851851851852 0.6375 0.05462962962962963 0.025
7 0.6981481481481482 0.63671875 0.05 0.021354166666666667
7 0.7962962962962963 0.6369791666666667 0.05185185185185185 0.021875
7 0.2 0.6919270833333333 0.05 0.0203125
7 0.29907407407407405 0.69140625 0.05 0.019270833333333334
7 0.39444444444444443 0.69140625 0.05185185185185185 0.0265625
7 0.4949074074074074 0.6908854166666667 0.05092592592592592 0.0234375