7 0.24861111111111112 0.12838541666666667 0.3824074074074074 0.0328125
7 0.09583333333333334 0.1578125 0.07685185185185185 0.026041666666666668
7 0.24861111111111112 0.21666666666666667 0.3824074074074074 0.03333333333333333
7 0.25787037037037036 0.24609375 0.4009259259259259 0.025520833333333333
7 0.2773148148148148 0.30494791666666665 0.4398148148148148 0.0328125
7 0.2935185185185185 0.334375 0.4722222222222222 0.026041666666666668
0 0.8768518518518519 0.3182291666666667 0.07777777777777778 0.04375
7 0.1527777777777778 0.3932291666666667 0.19074074074074074 0.03333333333333333
7 0.24583333333333332 0.42265625 0.3768518518518518 0.025520833333333333
7 0.2152777777777778 0.4942708333333333 0.31574074074074077 0.03333333333333333
7 0.24166666666666667 0.5828125 0.3685185185185185 0.03333333333333333
7 0.2638888888888889 0.6708333333333333 0.412962962962963 0.03333333333333333
7 0.1865740740740741 0.759375 0.25833333333333336 0.03333333333333333
7 0.24351851851851852 0.8473958333333333 0.37222222222222223 0.03333333333333333
7 0.13055555555555556 0.9200520833333333 0.14629629629629629 0.027604166666666666
2 0.01898148148148148 0.06510416666666667 0.03796296296296296 0.021875
2 0.06759259259259259 0.06510416666666667 0.07777777777777778 0.04375
7 0.19537037037037036 0.06458333333333334 0.15925925925925927 0.03333333333333333