2 0.0699074074074074 0.06901041666666667 0.062037037037037036 0.033854166666666664
7 0.22037037037037038 0.0703125 0.15185185185185185 0.036458333333333336
2 0.9449074074074074 0.06875 0.030555555555555555 0.0375
7 0.12731481481481483 0.32916666666666666 0.16018518518518518 0.025
7 0.30694444444444446 0.32916666666666666 0.16018518518518518 0.025
2 0.4356481481481482 0.3294270833333333 0.058333333333333334 0.0328125
7 0.8018518518518518 0.32916666666666666 0.16111111111111112 0.025
2 0.9310185185185185 0.3294270833333333 0.058333333333333334 0.0328125
7 0.12731481481481483 0.5752604166666667 0.16018518518518518 0.025520833333333333
7 0.30694444444444446 0.5752604166666667 0.16018518518518518 0.025520833333333333
2 0.4356481481481482 0.5752604166666667 0.058333333333333334 0.0328125
7 0.6222222222222222 0.5752604166666667 0.15925925925925927 0.025520833333333333
7 0.8018518518518518 0.5752604166666667 0.16111111111111112 0.025520833333333333
7 0.12731481481481483 0.8213541666666667 0.16018518518518518 0.025
7 0.30694444444444446 0.8213541666666667 0.16018518518518518 0.025
2 0.4356481481481482 0.8216145833333334 0.058333333333333334 0.0328125
7 0.6222222222222222 0.8213541666666667 0.15925925925925927 0.025
7 0.8018518518518518 0.8213541666666667 0.16111111111111112 0.025
2 0.9310185185185185 0.8216145833333334 0.058333333333333334 0.0328125
7 0.5884259259259259 0.33255208333333336 0.10462962962962963 0.024479166666666666
2 0.9291666666666667 0.5755208333333334 0.05462962962962963 0.03125