2 0.06805555555555555 0.07057291666666667 0.06759259259259259 0.033854166666666664
7 0.2300925925925926 0.16328125 0.3398148148148148 0.0546875
7 0.2523148148148148 0.24348958333333334 0.38425925925925924 0.04010416666666667
7 0.2759259259259259 0.3138020833333333 0.4351851851851852 0.0328125
7 0.38287037037037036 0.5677083333333334 0.6453703703703704 0.035416666666666666
7 0.49907407407407406 0.6403645833333333 0.8777777777777778 0.10677083333333333
7 0.4527777777777778 0.7369791666666666 0.7851851851851852 0.035416666666666666
7 0.49907407407407406 0.796875 0.8777777777777778 0.08125
7 0.28055555555555556 0.8822916666666667 0.44074074074074077 0.03229166666666667
7 0.49907407407407406 0.9169270833333333 0.8777777777777778 0.033854166666666664
8 0.4986111111111111 0.39140625 0.8935185185185185 0.07447916666666667
7 0.5000277777777777 0.3922552083333333 0.45669444444444446 0.042317708333333336