4 0.4986111111111111 0.246875 0.9083333333333333 0.10104166666666667
7 0.3365740740740741 0.24791666666666667 0.525 0.028125
4 0.49444444444444446 0.33046875 0.9148148148148149 0.09114583333333333
2 0.6791666666666667 0.0890625 0.075 0.05
7 0.5032407407407408 0.5140625 0.125 0.029166666666666667
7 0.37222222222222223 0.09296875 0.34629629629629627 0.03697916666666667
7 0.8402777777777778 0.15390625 0.18796296296296297 0.021354166666666667
7 0.24722222222222223 0.3377604166666667 0.34444444444444444 0.025520833333333333
7 0.34629629629629627 0.4234375 0.3537037037037037 0.028125
7 0.2740740740740741 0.59296875 0.3388888888888889 0.025520833333333333
7 0.7444444444444445 0.5916666666666667 0.3 0.023958333333333335
2 0.1425925925925926 0.09348958333333333 0.08703703703703704 0.06510416666666667
2 0.7898148148148149 0.08697916666666666 0.08333333333333333 0.05625
2 0.9 0.08984375 0.09074074074074075 0.0578125
2 0.7111111111111111 0.15182291666666667 0.06111111111111111 0.0359375
0 0.13935185185185187 0.42291666666666666 0.08055555555555556 0.04375
8 0.5063703703703704 0.512046875 0.9415925925925925 0.060546875