2 0.06712962962962964 0.26067708333333334 0.09722222222222222 0.0546875
7 0.2722222222222222 0.24609375 0.2351851851851852 0.025520833333333333
7 0.21805555555555556 0.28098958333333335 0.12685185185185185 0.022395833333333334
7 0.9699074074074074 0.2625 0.019444444444444445 0.026041666666666668
2 0.06712962962962964 0.3419270833333333 0.09722222222222222 0.0546875
7 0.24814814814814815 0.32734375 0.18703703703703703 0.025520833333333333
7 0.21805555555555556 0.36223958333333334 0.12685185185185185 0.022395833333333334
7 0.9699074074074074 0.34375 0.019444444444444445 0.026041666666666668
2 0.06712962962962964 0.4231770833333333 0.09722222222222222 0.0546875
7 0.19814814814814816 0.40859375 0.08703703703703704 0.025520833333333333
7 0.21805555555555556 0.4434895833333333 0.12685185185185185 0.022395833333333334
7 0.9699074074074074 0.425 0.019444444444444445 0.026041666666666668
2 0.06712962962962964 0.5044270833333333 0.09722222222222222 0.0546875
7 0.23981481481481481 0.48984375 0.17037037037037037 0.025520833333333333
7 0.21805555555555556 0.5247395833333334 0.12685185185185185 0.022395833333333334
7 0.9699074074074074 0.50625 0.019444444444444445 0.026041666666666668
2 0.06712962962962964 0.5856770833333333 0.09722222222222222 0.0546875
7 0.2726851851851852 0.57109375 0.2361111111111111 0.025520833333333333
7 0.20972222222222223 0.6059895833333333 0.11018518518518519 0.022395833333333334
7 0.9699074074074074 0.5875 0.019444444444444445 0.026041666666666668
2 0.06712962962962964 0.71484375 0.09722222222222222 0.0546875
7 0.2125 0.7005208333333334 0.11574074074074074 0.026041666666666668
7 0.18472222222222223 0.7354166666666667 0.06018518518518518 0.021875
7 0.9212962962962963 0.7169270833333333 0.11666666666666667 0.025520833333333333
2 0.06712962962962964 0.79609375 0.09722222222222222 0.0546875
7 0.18981481481481483 0.7817708333333333 0.07037037037037037 0.026041666666666668
7 0.18472222222222223 0.8166666666666667 0.06018518518518518 0.021875
7 0.9212962962962963 0.7981770833333334 0.11666666666666667 0.025520833333333333
2 0.06712962962962964 0.87734375 0.09722222222222222 0.0546875
7 0.35 0.8630208333333333 0.3907407407407407 0.026041666666666668
7 0.18472222222222223 0.8979166666666667 0.06018518518518518 0.021875
7 0.9212962962962963 0.8794270833333333 0.11666666666666667 0.025520833333333333
2 0.06712962962962964 0.9325520833333333 0.09722222222222222 0.0026041666666666665
7 0.27870370370370373 0.9325520833333333 0.24814814814814815 0.0026041666666666665
7 0.24861111111111112 0.14140625 0.21388888888888888 0.025520833333333333
7 0.7486111111111111 0.14140625 0.10277777777777777 0.025520833333333333
2 0.06759259259259259 0.07083333333333333 0.06296296296296296 0.03125
7 0.2828703703703704 0.0703125 0.27685185185185185 0.036458333333333336
7 0.14027777777777778 0.19895833333333332 0.2564814814814815 0.022916666666666665