4 0.5481481481481482 0.14010416666666667 0.8148148148148148 0.05
2 0.08425925925925926 0.828125 0.14629629629629629 0.030208333333333334
7 0.4986111111111111 0.5484375 0.13055555555555556 0.016666666666666666
2 0.01898148148148148 0.06510416666666667 0.03796296296296296 0.021875
2 0.0625 0.06510416666666667 0.06759259259259259 0.04375
7 0.1837962962962963 0.06458333333333334 0.15462962962962962 0.029166666666666667
7 0.3087962962962963 0.13932291666666666 0.2972222222222222 0.027604166666666666
2 0.07824074074074074 0.14270833333333333 0.08055555555555556 0.040625
2 0.9342592592592592 0.06328125 0.07777777777777778 0.0421875
7 0.29212962962962963 0.8932291666666666 0.2212962962962963 0.03229166666666667
7 0.7916666666666666 0.8919270833333334 0.19814814814814816 0.027604166666666666
2 0.5523148148148148 0.8921875 0.07685185185185185 0.03958333333333333
2 0.05416666666666667 0.89296875 0.0824074074074074 0.04114583333333333