7 0.2712962962962963 0.0375 0.19444444444444445 0.036458333333333336
2 0.06851851851851852 0.03984375 0.06481481481481481 0.03177083333333333
2 0.9462962962962963 0.03854166666666667 0.02962962962962963 0.035416666666666666
7 0.4986111111111111 0.15390625 0.14722222222222223 0.0359375
7 0.21157407407407408 0.30833333333333335 0.4027777777777778 0.028125
7 0.21712962962962962 0.3723958333333333 0.41388888888888886 0.030208333333333334
2 0.9574074074074074 0.3736979166666667 0.05925925925925926 0.0328125
7 0.3476851851851852 0.4401041666666667 0.675 0.029166666666666667
2 0.9574074074074074 0.44166666666666665 0.05925925925925926 0.03333333333333333
7 0.2800925925925926 0.5072916666666667 0.5398148148148149 0.028125
2 0.9574074074074074 0.5096354166666667 0.05925925925925926 0.0328125
7 0.30092592592592593 0.57578125 0.5814814814814815 0.028645833333333332
2 0.9574074074074074 0.5776041666666667 0.05925925925925926 0.03333333333333333
7 0.40879629629629627 0.6432291666666666 0.7972222222222223 0.028125
2 0.9574074074074074 0.6455729166666667 0.05925925925925926 0.0328125
7 0.2462962962962963 0.7130208333333333 0.4722222222222222 0.03125
2 0.9574074074074074 0.7135416666666666 0.05925925925925926 0.03333333333333333
7 0.46296296296296297 0.778125 0.9055555555555556 0.026041666666666668
2 0.9574074074074074 0.7815104166666667 0.05925925925925926 0.0328125
7 0.3143518518518518 0.8473958333333333 0.6083333333333333 0.028125
2 0.9574074074074074 0.8494791666666667 0.05925925925925926 0.03333333333333333
7 0.32685185185185184 0.9140625 0.6333333333333333 0.026041666666666668
2 0.9574074074074074 0.9174479166666667 0.05925925925925926 0.0328125