7 0.49907407407407406 0.209375 0.9222222222222223 0.04791666666666667
7 0.49907407407407406 0.49947916666666664 0.8055555555555556 0.03333333333333333
7 0.49907407407407406 0.55078125 0.8055555555555556 0.05572916666666667
8 0.49953703703703706 0.6455729166666667 0.9990740740740741 0.06822916666666666
2 0.12453703703703704 0.13072916666666667 0.2490740740740741 0.065625
2 0.37407407407407406 0.13072916666666667 0.25 0.065625
2 0.6240740740740741 0.13072916666666667 0.25 0.065625
2 0.8740740740740741 0.13072916666666667 0.25 0.065625
2 0.9407407407407408 0.06510416666666667 0.11666666666666667 0.065625
4 0.49953703703703706 0.06510416666666667 0.9990740740740741 0.065625
7 0.4959907407407407 0.640953125 0.2356574074074074 0.037109375