2 0.0699074074074074 0.0640625 0.06388888888888888 0.03125
3 0.13287037037037036 0.23489583333333333 0.24351851851851852 0.13645833333333332
3 0.13287037037037036 0.41640625 0.24351851851851852 0.13697916666666668
3 0.13287037037037036 0.5981770833333333 0.24351851851851852 0.13697916666666668
3 0.13287037037037036 0.7796875 0.24351851851851852 0.13645833333333332
7 0.32314814814814813 0.0640625 0.29074074074074074 0.03333333333333333
7 0.13425925925925927 0.12890625 0.12037037037037036 0.021354166666666667
7 0.38981481481481484 0.128125 0.08888888888888889 0.01875
7 0.6449074074074074 0.12994791666666666 0.10833333333333334 0.021354166666666667
7 0.43425925925925923 0.20598958333333334 0.3148148148148148 0.022395833333333334
7 0.32916666666666666 0.17734375 0.09907407407407408 0.0203125
7 0.34305555555555556 0.24114583333333334 0.13055555555555556 0.021875
7 0.4634259259259259 0.26927083333333335 0.38425925925925924 0.022916666666666665
7 0.8111111111111111 0.30885416666666665 0.08148148148148149 0.020833333333333332
7 0.8078703703703703 0.4908854166666667 0.08055555555555556 0.021354166666666667
7 0.8083333333333333 0.6716145833333333 0.07777777777777778 0.0203125
7 0.8097222222222222 0.8552083333333333 0.075 0.01875
7 0.40925925925925927 0.359375 0.2574074074074074 0.028125
7 0.4787037037037037 0.38776041666666666 0.40185185185185185 0.0234375
7 0.35185185185185186 0.42265625 0.14444444444444443 0.019270833333333334
7 0.4652777777777778 0.4515625 0.3768518518518518 0.025
7 0.40185185185185185 0.5408854166666667 0.2462962962962963 0.024479166666666666
7 0.45555555555555555 0.5692708333333333 0.35 0.022916666666666665
7 0.34814814814814815 0.6057291666666667 0.12962962962962962 0.023958333333333335
7 0.4634259259259259 0.6322916666666667 0.3731481481481482 0.027083333333333334
7 0.3541666666666667 0.7221354166666667 0.16203703703703703 0.0234375
7 0.40925925925925927 0.7518229166666667 0.26481481481481484 0.024479166666666666
7 0.34305555555555556 0.78671875 0.125 0.021354166666666667
7 0.4666666666666667 0.81328125 0.37777777777777777 0.025520833333333333
7 0.3351851851851852 0.9036458333333334 0.1111111111111111 0.022916666666666665
8 0.8055555555555556 0.31152604166666664 0.3362685185185185 0.052734375
8 0.8194444444444444 0.4921875 0.33625925925925926 0.041666666666666664
8 0.8090277777777778 0.6754583333333334 0.352462962962963 0.048828125
8 0.8096111111111111 0.851890625 0.3443611111111111 0.044921875