2 0.062037037037037036 0.14427083333333332 0.08703703703703704 0.04895833333333333
7 0.2050925925925926 0.13697916666666668 0.16018518518518518 0.021875
7 0.16435185185185186 0.15546875 0.08611111111111111 0.016145833333333335
7 0.4689814814814815 0.14401041666666667 0.025 0.0328125
7 0.4986111111111111 0.14401041666666667 0.03425925925925926 0.0328125
7 0.5282407407407408 0.14401041666666667 0.025 0.0328125
7 0.7726851851851851 0.13697916666666668 0.19907407407407407 0.021875
7 0.8342592592592593 0.15546875 0.08703703703703704 0.015104166666666667
2 0.9356481481481481 0.14427083333333332 0.08796296296296297 0.04895833333333333
2 0.06898148148148148 0.07005208333333333 0.062037037037037036 0.0296875
7 0.2537037037037037 0.0703125 0.21851851851851853 0.036458333333333336
5 0.11296296296296296 0.5341145833333333 0.06666666666666667 0.03802083333333333
5 0.10925925925925926 0.6088541666666667 0.06851851851851852 0.040625
5 0.11203703703703703 0.6825520833333333 0.06111111111111111 0.03802083333333333
8 0.5046296296296297 0.89453125 0.9057129629629629 0.0625
7 0.5121851851851852 0.8912760416666666 0.34675 0.040364583333333336