7 0.5 0.059375 0.3148148148148148 0.03854166666666667
2 0.06018518518518518 0.05963541666666667 0.12037037037037036 0.0546875
4 0.4935185185185185 0.1359375 0.8648148148148148 0.06354166666666666
4 0.49953703703703706 0.19322916666666667 0.862037037037037 0.0625
4 0.3824074074074074 0.24661458333333333 0.6351851851851852 0.0640625
4 0.8101851851851852 0.24661458333333333 0.23703703703703705 0.0640625
4 0.4976851851851852 0.30182291666666666 0.8657407407407407 0.0640625
4 0.4981481481481482 0.40078125 0.8592592592592593 0.0640625
4 0.49722222222222223 0.4546875 0.8611111111111112 0.065625
4 0.5 0.5119791666666667 0.8666666666666667 0.065625
0 0.3398148148148148 0.5729166666666666 0.09259259259259259 0.065625
7 0.524537037037037 0.5731770833333333 0.22685185185185186 0.0234375
2 0.6893518518518519 0.5729166666666666 0.05277777777777778 0.030208333333333334
7 0.4986111111111111 0.6244791666666667 0.8527777777777777 0.0375
7 0.4587962962962963 0.6981770833333333 0.7175925925925926 0.044270833333333336
0 0.8638888888888889 0.6984375 0.09259259259259259 0.065625
7 0.49907407407407406 0.8338541666666667 0.8277777777777777 0.0375
7 0.2550925925925926 0.4005208333333333 0.32685185185185184 0.022916666666666665
7 0.13935185185185187 0.1359375 0.08796296296296297 0.027083333333333334
7 0.12685185185185185 0.19166666666666668 0.07592592592592592 0.022916666666666665
7 0.17685185185185184 0.24739583333333334 0.17777777777777778 0.021875
7 0.8157407407407408 0.24635416666666668 0.1962962962962963 0.023958333333333335
7 0.25555555555555554 0.30416666666666664 0.32222222222222224 0.030208333333333334
7 0.49953703703703706 0.7791666666666667 0.26944444444444443 0.034375
8 0.5069537037037037 0.7766927083333334 0.845537037037037 0.05859375