2 0.04814814814814815 0.06953125 0.0962962962962963 0.04739583333333333
7 0.49907407407407406 0.06927083333333334 0.16111111111111112 0.051041666666666666
2 0.9305555555555556 0.06927083333333334 0.08703703703703704 0.051041666666666666
2 0.058333333333333334 0.5473958333333333 0.10925925925925926 0.06145833333333333
2 0.16805555555555557 0.5473958333333333 0.11018518518518519 0.06145833333333333
2 0.2777777777777778 0.5473958333333333 0.10925925925925926 0.06145833333333333
2 0.3875 0.5473958333333333 0.11018518518518519 0.06145833333333333
2 0.49722222222222223 0.5473958333333333 0.10925925925925926 0.06145833333333333
2 0.6069444444444444 0.5473958333333333 0.11018518518518519 0.06145833333333333
2 0.7166666666666667 0.5473958333333333 0.10925925925925926 0.06145833333333333
2 0.8263888888888888 0.5473958333333333 0.11018518518518519 0.06145833333333333
2 0.9361111111111111 0.5473958333333333 0.10925925925925926 0.06145833333333333
2 0.11851851851851852 0.6192708333333333 0.1111111111111111 0.0625
2 0.3712962962962963 0.6192708333333333 0.1111111111111111 0.0625
2 0.625 0.6192708333333333 0.1111111111111111 0.0625
2 0.8787037037037037 0.6192708333333333 0.1111111111111111 0.0625
2 0.11851851851851852 0.6953125 0.1111111111111111 0.0625
2 0.3712962962962963 0.6953125 0.1111111111111111 0.0625
2 0.625 0.6953125 0.1111111111111111 0.0625
2 0.8787037037037037 0.6953125 0.1111111111111111 0.0625
2 0.11851851851851852 0.7713541666666667 0.1111111111111111 0.0625
2 0.3712962962962963 0.7713541666666667 0.1111111111111111 0.0625
2 0.625 0.7713541666666667 0.1111111111111111 0.0625