7 0.15925925925925927 0.21380208333333334 0.24259259259259258 0.025520833333333333
7 0.15925925925925927 0.2786458333333333 0.24259259259259258 0.026041666666666668
7 0.23425925925925925 0.328125 0.3925925925925926 0.026041666666666668
7 0.15925925925925927 0.3828125 0.24259259259259258 0.026041666666666668
7 0.11342592592592593 0.4328125 0.1675925925925926 0.027083333333333334
7 0.15925925925925927 0.48723958333333334 0.24259259259259258 0.025520833333333333
7 0.15925925925925927 0.5520833333333334 0.24259259259259258 0.026041666666666668
7 0.15925925925925927 0.6169270833333333 0.24259259259259258 0.025520833333333333
2 0.01898148148148148 0.06510416666666667 0.03796296296296296 0.021875
2 0.04583333333333333 0.06484375 0.03425925925925926 0.019270833333333334
7 0.24861111111111112 0.06458333333333334 0.3509259259259259 0.03333333333333333
7 0.0023148148148148147 0.13046875 0.004629629629629629 0.022395833333333334
7 0.20555555555555555 0.13046875 0.10925925925925926 0.022395833333333334
7 0.4337962962962963 0.13046875 0.14907407407407408 0.022395833333333334
7 0.6620370370370371 0.13046875 0.0962962962962963 0.022395833333333334
7 0.8902777777777777 0.13046875 0.11944444444444445 0.022395833333333334
7 0.549074074074074 0.21171875 0.4462962962962963 0.030729166666666665
7 0.41388888888888886 0.27708333333333335 0.17222222222222222 0.030208333333333334
7 0.38657407407407407 0.38046875 0.13425925925925927 0.028645833333333332
7 0.7217592592592592 0.3841145833333333 0.13796296296296295 0.0296875
7 0.4111111111111111 0.48776041666666664 0.17592592592592593 0.03177083333333333
7 0.40879629629629627 0.5502604166666667 0.17314814814814813 0.030729166666666665
7 0.41064814814814815 0.61796875 0.1675925925925926 0.030729166666666665
7 0.500462962962963 0.6875 0.30462962962962964 0.028125
7 0.5023148148148148 0.76484375 0.10462962962962963 0.0296875
8 0.5011574074074074 0.6875 0.8987685185185185 0.057291666666666664
8 0.5028981481481481 0.762046875 0.9068703703703703 0.055338541666666664