7 0.1597222222222222 0.11614583333333334 0.27314814814814814 0.022916666666666665
7 0.16111111111111112 0.1625 0.2759259259259259 0.026041666666666668
7 0.1625 0.18359375 0.27870370370370373 0.016145833333333335
7 0.16111111111111112 0.23307291666666666 0.2759259259259259 0.0265625
7 0.2111111111111111 0.25442708333333336 0.37592592592592594 0.016145833333333335
7 0.15601851851851853 0.30364583333333334 0.2657407407407407 0.026041666666666668
7 0.2675925925925926 0.325 0.4888888888888889 0.016666666666666666
7 0.3162037037037037 0.36614583333333334 0.5861111111111111 0.022916666666666665
7 0.16111111111111112 0.4125 0.2759259259259259 0.026041666666666668
7 0.26342592592592595 0.4583333333333333 0.48055555555555557 0.022916666666666665
7 0.16111111111111112 0.5046875 0.2759259259259259 0.026041666666666668
7 0.1625 0.52578125 0.27870370370370373 0.016145833333333335
7 0.15601851851851853 0.5752604166666667 0.2657407407407407 0.0265625
7 0.2675925925925926 0.5966145833333333 0.4888888888888889 0.016145833333333335
7 0.16111111111111112 0.6458333333333334 0.2759259259259259 0.026041666666666668
7 0.17777777777777778 0.6671875 0.30925925925925923 0.016666666666666666
7 0.21805555555555556 0.7083333333333334 0.38981481481481484 0.022916666666666665
7 0.16111111111111112 0.7546875 0.2759259259259259 0.026041666666666668
7 0.07314814814814814 0.8005208333333333 0.1 0.022916666666666665
7 0.3175925925925926 0.846875 0.5888888888888889 0.026041666666666668
7 0.38472222222222224 0.8927083333333333 0.7231481481481481 0.022916666666666665
2 0.01898148148148148 0.06510416666666667 0.03796296296296296 0.021875
2 0.0625 0.06510416666666667 0.06759259259259259 0.04375
7 0.21805555555555556 0.06458333333333334 0.22314814814814815 0.029166666666666667