2 0.08333333333333333 0.871875 0.16666666666666666 0.09479166666666666
2 0.34953703703703703 0.871875 0.1675925925925926 0.09479166666666666
2 0.6430555555555556 0.8721354166666667 0.17685185185185184 0.10052083333333334
2 0.9162037037037037 0.871875 0.16574074074074074 0.08958333333333333
2 0.09259259259259259 0.7403645833333333 0.14814814814814814 0.08385416666666666
3 0.09259259259259259 0.7401041666666667 0.1388888888888889 0.078125
7 0.09212962962962963 0.79140625 0.15833333333333333 0.018229166666666668
3 0.25092592592592594 0.7401041666666667 0.1388888888888889 0.078125
7 0.25046296296296294 0.79140625 0.15833333333333333 0.018229166666666668
3 0.40925925925925927 0.7401041666666667 0.1388888888888889 0.078125
7 0.40879629629629627 0.79140625 0.15833333333333333 0.018229166666666668
3 0.5675925925925925 0.7401041666666667 0.1388888888888889 0.078125
7 0.5671296296296297 0.79140625 0.15833333333333333 0.018229166666666668
3 0.725925925925926 0.7401041666666667 0.1388888888888889 0.078125
7 0.725462962962963 0.79140625 0.15833333333333333 0.018229166666666668
3 0.8842592592592593 0.7401041666666667 0.1388888888888889 0.078125
7 0.8837962962962963 0.79140625 0.15833333333333333 0.018229166666666668
3 0.9861111111111112 0.7401041666666667 0.025925925925925925 0.078125
7 0.9810185185185185 0.79140625 0.03611111111111111 0.018229166666666668
3 0.49027777777777776 0.4044270833333333 0.975 0.37447916666666664