2 0.01898148148148148 0.06510416666666667 0.03796296296296296 0.021875
2 0.04583333333333333 0.06484375 0.03425925925925926 0.019270833333333334
2 0.3296296296296296 0.0640625 0.044444444444444446 0.041666666666666664
7 0.4648148148148148 0.06692708333333333 0.1425925925925926 0.034895833333333334
2 0.6074074074074074 0.06640625 0.05 0.043229166666666666
7 0.040740740740740744 0.13046875 0.05555555555555555 0.022395833333333334
7 0.26990740740740743 0.13046875 0.10833333333333334 0.022395833333333334
7 0.4986111111111111 0.13046875 0.14907407407407408 0.022395833333333334
7 0.7263888888888889 0.13046875 0.09537037037037037 0.022395833333333334
7 0.9472222222222222 0.13046875 0.1037037037037037 0.022395833333333334
7 0.19537037037037036 0.21145833333333333 0.2777777777777778 0.026041666666666668
2 0.9296296296296296 0.06354166666666666 0.07777777777777778 0.036458333333333336
4 0.49537037037037035 0.20247395833333334 0.9242314814814815 0.061197916666666664