7 0.09768518518518518 0.11770833333333333 0.17314814814814813 0.026041666666666668
7 0.10694444444444444 0.14348958333333334 0.19166666666666668 0.025520833333333333
7 0.425462962962963 0.11770833333333333 0.225 0.026041666666666668
7 0.425462962962963 0.14348958333333334 0.225 0.025520833333333333
7 0.65 0.11770833333333333 0.22407407407407406 0.026041666666666668
7 0.65 0.14348958333333334 0.22407407407407406 0.025520833333333333
7 0.8740740740740741 0.11770833333333333 0.22407407407407406 0.026041666666666668
7 0.8740740740740741 0.14348958333333334 0.22407407407407406 0.025520833333333333
2 0.06759259259259259 0.06510416666666667 0.07777777777777778 0.04375
7 0.17314814814814813 0.06458333333333334 0.11481481481481481 0.03333333333333333
2 0.9296296296296296 0.06588541666666667 0.06296296296296296 0.03697916666666667
2 0.13148148148148148 0.83828125 0.07407407407407407 0.04114583333333333
2 0.37175925925925923 0.8375 0.10833333333333334 0.04375
2 0.6259259259259259 0.83828125 0.07037037037037037 0.04114583333333333
2 0.8708333333333333 0.8372395833333334 0.0712962962962963 0.0453125