7 0.1736111111111111 0.13125 0.30092592592592593 0.03958333333333333
2 0.3648148148148148 0.82421875 0.24259259259259258 0.13697916666666668
2 0.6319444444444444 0.82421875 0.24351851851851852 0.13697916666666668
2 0.0837962962962963 0.8856770833333333 0.12129629629629629 0.06822916666666666
7 0.4981481481481482 0.24869791666666666 0.6814814814814815 0.0359375
2 0.4986111111111111 0.3653645833333333 0.2916666666666667 0.1640625
7 0.4986111111111111 0.49114583333333334 0.950925925925926 0.05520833333333333
7 0.4986111111111111 0.5565104166666667 0.9027777777777778 0.0484375
7 0.5023148148148148 0.6294270833333333 0.33425925925925926 0.027604166666666666
7 0.5009259259259259 0.7057291666666666 0.20555555555555555 0.026041666666666668
8 0.5029259259259259 0.6302083333333334 0.4902592592592593 0.059895833333333336
8 0.5000277777777777 0.703125 0.4937314814814815 0.057291666666666664