7 0.4981481481481482 0.14609375 0.1648148148148148 0.04010416666666667
7 0.09768518518518518 0.215625 0.17314814814814813 0.026041666666666668
7 0.10694444444444444 0.24140625 0.19166666666666668 0.025520833333333333
7 0.425462962962963 0.215625 0.225 0.026041666666666668
7 0.425462962962963 0.24140625 0.225 0.025520833333333333
7 0.65 0.215625 0.22407407407407406 0.026041666666666668
7 0.65 0.24140625 0.22407407407407406 0.025520833333333333
7 0.8740740740740741 0.215625 0.22407407407407406 0.026041666666666668
7 0.8740740740740741 0.24140625 0.22407407407407406 0.025520833333333333
2 0.06759259259259259 0.06510416666666667 0.07777777777777778 0.04375
7 0.20277777777777778 0.06458333333333334 0.17407407407407408 0.03333333333333333
2 0.9337962962962963 0.06432291666666666 0.06759259259259259 0.0390625
2 0.12638888888888888 0.8403645833333333 0.0787037037037037 0.0453125
2 0.3726851851851852 0.83828125 0.11018518518518519 0.04739583333333333
2 0.6240740740740741 0.8385416666666666 0.07407407407407407 0.041666666666666664
2 0.8736111111111111 0.8377604166666667 0.07685185185185185 0.0484375