7 0.10277777777777777 0.12604166666666666 0.08148148148148149 0.036458333333333336
2 0.9060185185185186 0.12630208333333334 0.058333333333333334 0.0328125
2 0.799537037037037 0.12630208333333334 0.058333333333333334 0.0328125
7 0.33425925925925926 0.22005208333333334 0.5333333333333333 0.0296875
7 0.13055555555555556 0.18359375 0.13703703703703704 0.022395833333333334
7 0.17083333333333334 0.28567708333333336 0.21203703703703702 0.019270833333333334
7 0.09027777777777778 0.32369791666666664 0.058333333333333334 0.0265625
7 0.1787037037037037 0.390625 0.22037037037037038 0.023958333333333335
7 0.09490740740740741 0.4283854166666667 0.06018518518518518 0.024479166666666666
7 0.17916666666666667 0.4953125 0.23055555555555557 0.025
7 0.09490740740740741 0.5315104166666667 0.05462962962962963 0.021354166666666667
7 0.17731481481481481 0.5973958333333333 0.22685185185185186 0.020833333333333332
7 0.1287037037037037 0.6361979166666667 0.12407407407407407 0.025520833333333333
7 0.14675925925925926 0.7036458333333333 0.16574074074074074 0.023958333333333335
7 0.48703703703703705 0.76796875 0.8388888888888889 0.08802083333333334