7 0.12962962962962962 0.14375 0.21296296296296297 0.03854166666666667
7 0.09398148148148149 0.7716145833333333 0.14166666666666666 0.0234375
2 0.052314814814814814 0.8078125 0.058333333333333334 0.035416666666666666
7 0.052314814814814814 0.83828125 0.06759259259259259 0.025520833333333333
2 0.3282407407407407 0.8169270833333333 0.16944444444444445 0.06822916666666666
2 0.4981481481481482 0.8169270833333333 0.17037037037037037 0.06822916666666666
2 0.6685185185185185 0.8169270833333333 0.17037037037037037 0.06822916666666666
2 0.9449074074074074 0.8078125 0.058333333333333334 0.035416666666666666
7 0.9453703703703704 0.83828125 0.06851851851851852 0.025520833333333333
2 0.01898148148148148 0.06510416666666667 0.03796296296296296 0.021875
2 0.06759259259259259 0.06510416666666667 0.07777777777777778 0.04375
7 0.25833333333333336 0.06588541666666667 0.2537037037037037 0.0296875
2 0.7958333333333333 0.06796875 0.08425925925925926 0.0453125
2 0.9273148148148148 0.065625 0.03796296296296296 0.035416666666666666