7 0.19722222222222222 0.21067708333333332 0.2777777777777778 0.030729166666666665
7 0.2740740740740741 0.28619791666666666 0.46111111111111114 0.0359375
2 0.9319444444444445 0.28802083333333334 0.026851851851851852 0.017708333333333333
2 0.04583333333333333 0.06484375 0.03425925925925926 0.019270833333333334
2 0.32916666666666666 0.06432291666666666 0.09722222222222222 0.0546875
7 0.46620370370370373 0.06744791666666666 0.14166666666666666 0.033854166666666664
2 0.6060185185185185 0.06432291666666666 0.09722222222222222 0.0546875
7 0.20555555555555555 0.13046875 0.10925925925925926 0.022395833333333334
7 0.4337962962962963 0.13046875 0.14907407407407408 0.022395833333333334
7 0.6620370370370371 0.13046875 0.0962962962962963 0.022395833333333334
7 0.8902777777777777 0.13046875 0.11944444444444445 0.022395833333333334
2 0.9291666666666667 0.06432291666666666 0.0824074074074074 0.03697916666666667