7 0.2638888888888889 0.0375 0.17962962962962964 0.036458333333333336
2 0.06759259259259259 0.03697916666666667 0.053703703703703705 0.029166666666666667
7 0.21574074074074073 0.11276041666666667 0.35555555555555557 0.0296875
7 0.0587962962962963 0.14036458333333332 0.041666666666666664 0.025520833333333333
0 0.9212962962962963 0.12552083333333333 0.07777777777777778 0.04375
7 0.1162037037037037 0.21328125 0.15648148148148147 0.0296875
7 0.09305555555555556 0.28828125 0.11018518518518519 0.0296875
7 0.0587962962962963 0.31614583333333335 0.041666666666666664 0.026041666666666668
0 0.9212962962962963 0.30104166666666665 0.07777777777777778 0.04375
7 0.12685185185185185 0.3893229166666667 0.17777777777777778 0.0296875
7 0.0587962962962963 0.41692708333333334 0.041666666666666664 0.025520833333333333
0 0.9212962962962963 0.40208333333333335 0.07777777777777778 0.04375
7 0.19768518518518519 0.48984375 0.3194444444444444 0.0296875
7 0.0587962962962963 0.5177083333333333 0.041666666666666664 0.026041666666666668
0 0.9212962962962963 0.5026041666666666 0.07777777777777778 0.04375
7 0.275 0.5908854166666667 0.4740740740740741 0.0296875
7 0.14212962962962963 0.6184895833333334 0.20833333333333334 0.025520833333333333
0 0.9212962962962963 0.6036458333333333 0.07777777777777778 0.04375
7 0.14212962962962963 0.69140625 0.20833333333333334 0.0296875
7 0.33194444444444443 0.7192708333333333 0.5879629629629629 0.026041666666666668
7 0.08657407407407407 0.7924479166666667 0.09722222222222222 0.0296875
7 0.13240740740740742 0.8200520833333333 0.18888888888888888 0.025520833333333333