2 0.10462962962962963 0.16119791666666666 0.18333333333333332 0.10260416666666666
7 0.2875 0.11875 0.15462962962962962 0.026041666666666668
7 0.35 0.16302083333333334 0.07777777777777778 0.026041666666666668
7 0.34953703703703703 0.18697916666666667 0.14351851851851852 0.021875
7 0.5962962962962963 0.16302083333333334 0.03888888888888889 0.026041666666666668
7 0.5962962962962963 0.18697916666666667 0.08333333333333333 0.021875
7 0.8439814814814814 0.16302083333333334 0.019444444444444445 0.026041666666666668
7 0.8435185185185186 0.18697916666666667 0.18333333333333332 0.021875
7 0.08657407407407407 0.26119791666666664 0.09722222222222222 0.0296875
7 0.49907407407407406 0.4114583333333333 0.9222222222222223 0.2708333333333333
7 0.07592592592592592 0.5690104166666666 0.046296296296296294 0.0296875
7 0.0763888888888889 0.5947916666666667 0.07685185185185185 0.021875
7 0.1824074074074074 0.5690104166666666 0.08888888888888889 0.0296875
7 0.1824074074074074 0.5947916666666667 0.10555555555555556 0.021875
7 0.28703703703703703 0.5690104166666666 0.022222222222222223 0.0296875
7 0.2865740740740741 0.5947916666666667 0.075 0.021875
7 0.7101851851851851 0.5799479166666667 0.044444444444444446 0.0296875
2 0.7763888888888889 0.5796875 0.08796296296296297 0.04895833333333333
7 0.85 0.5799479166666667 0.044444444444444446 0.0296875
2 0.9162037037037037 0.5796875 0.08796296296296297 0.04895833333333333
7 0.12314814814814815 0.6744791666666666 0.20925925925925926 0.065625
7 0.3731481481481482 0.6744791666666666 0.20925925925925926 0.065625
7 0.6236111111111111 0.6744791666666666 0.2101851851851852 0.065625
7 0.8740740740740741 0.6744791666666666 0.2111111111111111 0.065625
2 0.06435185185185185 0.740625 0.09166666666666666 0.04479166666666667
7 0.25046296296296294 0.7411458333333333 0.25092592592592594 0.027083333333333334
7 0.9587962962962963 0.740625 0.041666666666666664 0.034375
2 0.06435185185185185 0.80703125 0.09166666666666666 0.044270833333333336
7 0.2912037037037037 0.8083333333333333 0.33240740740740743 0.028125
7 0.962037037037037 0.8072916666666666 0.03518518518518519 0.034375
2 0.06435185185185185 0.8734375 0.09166666666666666 0.04479166666666667
7 0.4351851851851852 0.8739583333333333 0.6203703703703703 0.027083333333333334
7 0.9518518518518518 0.8747395833333333 0.05555555555555555 0.03697916666666667
2 0.01898148148148148 0.06510416666666667 0.03796296296296296 0.021875
2 0.04583333333333333 0.06484375 0.03425925925925926 0.019270833333333334