7 0.37083333333333335 0.37161458333333336 0.24722222222222223 0.025520833333333333
7 0.513425925925926 0.37161458333333336 0.008333333333333333 0.025520833333333333
7 0.6412037037037037 0.37161458333333336 0.2175925925925926 0.025520833333333333
2 0.49953703703703706 0.10026041666666667 0.9990740740740741 0.0046875
2 0.01898148148148148 0.06510416666666667 0.03796296296296296 0.021875
2 0.06759259259259259 0.06510416666666667 0.07777777777777778 0.04375
7 0.3685185185185185 0.06458333333333334 0.5055555555555555 0.03333333333333333
7 0.19305555555555556 0.15703125 0.3194444444444444 0.028645833333333332
7 0.14212962962962963 0.22578125 0.2064814814814815 0.028645833333333332
7 0.5013888888888889 0.303125 0.3101851851851852 0.028125
8 0.4982962962962963 0.30696875 0.3884166666666667 0.051432291666666664