2 0.5671296296296297 0.35390625 0.6805555555555556 0.3828125
7 0.4888888888888889 0.36380208333333336 0.4425925925925926 0.0546875
7 0.4888888888888889 0.4049479166666667 0.4425925925925926 0.0546875
2 0.08148148148148149 0.6361979166666667 0.08703703703703704 0.0359375
7 0.8587962962962963 0.6361979166666667 0.20277777777777778 0.03802083333333333
7 0.25787037037037036 0.6361979166666667 0.18796296296296297 0.03802083333333333
2 0.08148148148148149 0.7088541666666667 0.08703703703703704 0.035416666666666666
7 0.9462962962962963 0.7088541666666667 0.027777777777777776 0.0375
7 0.24814814814814815 0.7088541666666667 0.1685185185185185 0.0375
2 0.08148148148148149 0.7815104166666667 0.08703703703703704 0.0359375
7 0.8393518518518519 0.7815104166666667 0.24166666666666667 0.03802083333333333
7 0.27175925925925926 0.7815104166666667 0.21574074074074073 0.03802083333333333
2 0.12638888888888888 0.8776041666666666 0.058333333333333334 0.040625
7 0.12685185185185185 0.9158854166666667 0.14444444444444443 0.0359375
2 0.37453703703703706 0.8791666666666667 0.058333333333333334 0.04375
2 0.6226851851851852 0.8791666666666667 0.058333333333333334 0.04375
2 0.8699074074074075 0.8791666666666667 0.058333333333333334 0.04375
7 0.12962962962962962 0.0703125 0.18333333333333332 0.036458333333333336
2 0.8421296296296297 0.07005208333333333 0.058333333333333334 0.033854166666666664
2 0.9449074074074074 0.07161458333333333 0.025 0.034895833333333334