2 0.06712962962962964 0.26067708333333334 0.09722222222222222 0.0546875
7 0.2722222222222222 0.24609375 0.2351851851851852 0.025520833333333333
7 0.21805555555555556 0.28098958333333335 0.12685185185185185 0.022395833333333334
7 0.9699074074074074 0.2625 0.019444444444444445 0.026041666666666668
2 0.06712962962962964 0.3419270833333333 0.09722222222222222 0.0546875
7 0.24814814814814815 0.32734375 0.18703703703703703 0.025520833333333333
7 0.21805555555555556 0.36223958333333334 0.12685185185185185 0.022395833333333334
7 0.9699074074074074 0.34375 0.019444444444444445 0.026041666666666668
2 0.06712962962962964 0.4231770833333333 0.09722222222222222 0.0546875
7 0.23981481481481481 0.40859375 0.17037037037037037 0.025520833333333333
7 0.21805555555555556 0.4434895833333333 0.12685185185185185 0.022395833333333334
7 0.9699074074074074 0.425 0.019444444444444445 0.026041666666666668
2 0.06712962962962964 0.5044270833333333 0.09722222222222222 0.0546875
7 0.25555555555555554 0.48984375 0.20185185185185187 0.025520833333333333
7 0.21805555555555556 0.5247395833333334 0.12685185185185185 0.022395833333333334
7 0.9699074074074074 0.50625 0.019444444444444445 0.026041666666666668
2 0.06712962962962964 0.5856770833333333 0.09722222222222222 0.0546875
7 0.22592592592592592 0.57109375 0.1425925925925926 0.025520833333333333
7 0.21805555555555556 0.6059895833333333 0.12685185185185185 0.022395833333333334
7 0.9699074074074074 0.5875 0.019444444444444445 0.026041666666666668
7 0.49953703703703706 0.65234375 0.9990740740740741 0.04739583333333333
2 0.06712962962962964 0.71484375 0.09722222222222222 0.0546875
7 0.26064814814814813 0.7005208333333334 0.21203703703703702 0.026041666666666668
7 0.19305555555555556 0.7354166666666667 0.07685185185185185 0.021875
7 0.9115740740740741 0.7169270833333333 0.1361111111111111 0.025520833333333333
2 0.06712962962962964 0.79609375 0.09722222222222222 0.0546875
7 0.26435185185185184 0.7817708333333333 0.21944444444444444 0.026041666666666668
7 0.19305555555555556 0.8166666666666667 0.07685185185185185 0.021875
7 0.9115740740740741 0.7981770833333334 0.1361111111111111 0.025520833333333333
2 0.06712962962962964 0.87734375 0.09722222222222222 0.0546875
7 0.25277777777777777 0.8630208333333333 0.1962962962962963 0.026041666666666668
7 0.19305555555555556 0.8979166666666667 0.07685185185185185 0.021875
7 0.9115740740740741 0.8794270833333333 0.1361111111111111 0.025520833333333333
2 0.06712962962962964 0.9325520833333333 0.09722222222222222 0.0026041666666666665
7 0.23425925925925925 0.9325520833333333 0.15925925925925927 0.0026041666666666665
7 0.24861111111111112 0.14140625 0.21388888888888888 0.025520833333333333
7 0.7486111111111111 0.14140625 0.10277777777777777 0.025520833333333333
2 0.06805555555555555 0.0703125 0.05462962962962963 0.026041666666666668
7 0.2828703703703704 0.0703125 0.27685185185185185 0.036458333333333336