3 0.13796296296296295 0.2171875 0.2518518518518518 0.11458333333333333
7 0.3013888888888889 0.13776041666666666 0.5268518518518519 0.0265625
7 0.638425925925926 0.20885416666666667 0.6416666666666667 0.09270833333333334
7 0.8791666666666667 0.29401041666666666 0.18425925925925926 0.0359375
3 0.13796296296296295 0.4161458333333333 0.2518518518518518 0.11458333333333333
7 0.5171296296296296 0.33567708333333335 0.9583333333333334 0.024479166666666666
7 0.638425925925926 0.4080729166666667 0.6416666666666667 0.0921875
7 0.9023148148148148 0.49296875 0.13796296296296295 0.0359375
3 0.13796296296296295 0.6364583333333333 0.2518518518518518 0.11458333333333333
7 0.46296296296296297 0.5463541666666667 0.85 0.046875
7 0.638425925925926 0.60625 0.6416666666666667 0.04791666666666667
7 0.8949074074074074 0.6799479166666667 0.1527777777777778 0.0359375
3 0.13796296296296295 0.8026041666666667 0.2518518518518518 0.11458333333333333
7 0.4587962962962963 0.7231770833333333 0.8416666666666667 0.0265625
7 0.638425925925926 0.8166666666666667 0.6416666666666667 0.1375
7 0.8949074074074074 0.9197916666666667 0.1527777777777778 0.028125
7 0.3277777777777778 0.0703125 0.36666666666666664 0.036458333333333336
2 0.0712962962962963 0.07005208333333333 0.06851851851851852 0.0328125
2 0.9416666666666667 0.07005208333333333 0.07222222222222222 0.04010416666666667