2 0.08518518518518518 0.049479166666666664 0.13333333333333333 0.078125
7 0.5685185185185185 0.0484375 0.1259259259259259 0.03125
7 0.17916666666666667 0.19244791666666666 0.11388888888888889 0.0828125
7 0.5018518518518519 0.190625 0.1037037037037037 0.08020833333333334
7 0.8236111111111111 0.18932291666666667 0.10277777777777777 0.0796875
7 0.1712962962962963 0.37265625 0.08703703703703704 0.08177083333333333
7 0.49953703703703706 0.37109375 0.12314814814814815 0.08802083333333334
7 0.825925925925926 0.37395833333333334 0.1 0.0875
7 0.17592592592592593 0.5546875 0.10185185185185185 0.078125
7 0.4962962962962963 0.5544270833333333 0.09259259259259259 0.08072916666666667
7 0.8180555555555555 0.5528645833333333 0.08055555555555556 0.07760416666666667
7 0.17407407407407408 0.7354166666666667 0.08888888888888889 0.078125
7 0.4962962962962963 0.7375 0.10555555555555556 0.08229166666666667
7 0.8134259259259259 0.7369791666666666 0.07685185185185185 0.084375