2 0.07916666666666666 0.21953125 0.12129629629629629 0.06822916666666666
7 0.25 0.20911458333333333 0.1814814814814815 0.025520833333333333
7 0.20416666666666666 0.23098958333333333 0.08981481481481482 0.018229166666666668
7 0.5 0.284375 0.18888888888888888 0.023958333333333335
2 0.06712962962962964 0.41640625 0.09722222222222222 0.0546875
7 0.24305555555555555 0.4036458333333333 0.21574074074074073 0.022916666666666665
7 0.2361111111111111 0.42916666666666664 0.20185185185185187 0.021875
7 0.8143518518518519 0.4158854166666667 0.1361111111111111 0.019270833333333334
7 0.9462962962962963 0.415625 0.06851851851851852 0.022916666666666665
7 0.24861111111111112 0.14140625 0.10648148148148148 0.025520833333333333
7 0.7481481481481481 0.14140625 0.08148148148148149 0.025520833333333333
2 0.06944444444444445 0.07057291666666667 0.05925925925925926 0.027604166666666666
7 0.3490740740740741 0.0703125 0.40925925925925927 0.036458333333333336
8 0.4988796296296296 0.2884114583333333 0.3710555555555556 0.05078125