2 0.49953703703703706 0.009114583333333334 0.9990740740740741 0.018229166666666668
3 0.49953703703703706 0.165625 0.9990740740740741 0.2947916666666667
2 0.49953703703703706 0.32265625 0.9990740740740741 0.019270833333333334
2 0.9435185185185185 0.030208333333333334 0.06111111111111111 0.034375
2 0.49907407407407406 0.428125 0.15555555555555556 0.0875
7 0.49907407407407406 0.5174479166666667 0.9 0.0328125
2 0.3523148148148148 0.5770833333333333 0.04351851851851852 0.023958333333333335
2 0.425462962962963 0.5770833333333333 0.04351851851851852 0.023958333333333335
2 0.4986111111111111 0.5770833333333333 0.04351851851851852 0.023958333333333335
2 0.5712962962962963 0.5770833333333333 0.044444444444444446 0.023958333333333335
2 0.6439814814814815 0.5770833333333333 0.04351851851851852 0.023958333333333335
7 0.4986111111111111 0.646875 0.7675925925925926 0.053125
7 0.5013888888888889 0.7895833333333333 0.225 0.025
8 0.5052129629629629 0.7900416666666668 0.8420648148148148 0.07747395833333333