3 0.13287037037037036 0.18411458333333333 0.16574074074074074 0.09322916666666667
7 0.449537037037037 0.1421875 0.36574074074074076 0.026041666666666668
7 0.38935185185185184 0.16796875 0.24537037037037038 0.025520833333333333
7 0.6083333333333333 0.27708333333333335 0.6833333333333333 0.159375
3 0.4986111111111111 0.43854166666666666 0.35462962962962963 0.13125
7 0.9449074074074074 0.5096354166666667 0.058333333333333334 0.022395833333333334
2 0.8462962962962963 0.14635416666666667 0.06111111111111111 0.034375
3 0.13287037037037036 0.590625 0.16574074074074074 0.09270833333333334
7 0.3819444444444444 0.5489583333333333 0.23055555555555557 0.026041666666666668
7 0.3972222222222222 0.5747395833333333 0.2611111111111111 0.025520833333333333
7 0.6083333333333333 0.67265625 0.6833333333333333 0.13697916666666668
3 0.4986111111111111 0.8229166666666666 0.35462962962962963 0.13125
7 0.9449074074074074 0.8940104166666667 0.058333333333333334 0.022395833333333334
2 0.8462962962962963 0.553125 0.06111111111111111 0.034375
7 0.22314814814814815 0.0703125 0.1574074074074074 0.036458333333333336
2 0.06805555555555555 0.07005208333333333 0.06388888888888888 0.030729166666666665
2 0.8217592592592593 0.06979166666666667 0.07314814814814814 0.03854166666666667
2 0.9407407407407408 0.07005208333333333 0.06296296296296296 0.03697916666666667
7 0.4986111111111111 0.9231770833333334 0.36203703703703705 0.0171875