7 0.5712962962962963 0.06276041666666667 0.26481481481481484 0.027604166666666666
2 0.19305555555555556 0.12109375 0.09722222222222222 0.0546875
2 0.19305555555555556 0.17682291666666666 0.09722222222222222 0.0546875
2 0.19305555555555556 0.23203125 0.09722222222222222 0.0546875
2 0.19305555555555556 0.2877604166666667 0.09722222222222222 0.0546875
2 0.19305555555555556 0.34296875 0.09722222222222222 0.0546875
2 0.19305555555555556 0.39869791666666665 0.09722222222222222 0.0546875
2 0.19305555555555556 0.45390625 0.09722222222222222 0.0546875
2 0.19305555555555556 0.5096354166666667 0.09722222222222222 0.0546875
2 0.19305555555555556 0.56484375 0.09722222222222222 0.0546875
2 0.19305555555555556 0.6205729166666667 0.09722222222222222 0.0546875
2 0.19305555555555556 0.67578125 0.09722222222222222 0.0546875
2 0.19305555555555556 0.7315104166666667 0.09722222222222222 0.0546875
2 0.19305555555555556 0.78671875 0.09722222222222222 0.0546875
2 0.19305555555555556 0.8424479166666666 0.09722222222222222 0.0546875
2 0.19305555555555556 0.89765625 0.09722222222222222 0.0546875
2 0.10185185185185185 0.12864583333333332 0.06111111111111111 0.034375
3 0.07175925925925926 0.30026041666666664 0.14351851851851852 0.2796875
3 0.07175925925925926 0.5815104166666667 0.14351851851851852 0.2796875
7 0.31851851851851853 0.12395833333333334 0.12037037037037036 0.029166666666666667
7 0.3194444444444444 0.18020833333333333 0.11666666666666667 0.028125
7 0.31805555555555554 0.23489583333333333 0.11388888888888889 0.026041666666666668
7 0.3189814814814815 0.29010416666666666 0.1175925925925926 0.027083333333333334
7 0.31712962962962965 0.34453125 0.11574074074074074 0.0265625
7 0.31851851851851853 0.40208333333333335 0.11666666666666667 0.027083333333333334
7 0.3189814814814815 0.45625 0.11574074074074074 0.027083333333333334
7 0.31805555555555554 0.5130208333333334 0.11574074074074074 0.026041666666666668
7 0.31574074074074077 0.5661458333333333 0.11481481481481481 0.025
7 0.33101851851851855 0.62109375 0.13240740740740742 0.0296875
7 0.3282407407407407 0.678125 0.13240740740740742 0.026041666666666668
7 0.3287037037037037 0.7333333333333333 0.13703703703703704 0.026041666666666668
7 0.32916666666666666 0.7901041666666667 0.13425925925925927 0.028125
7 0.3287037037037037 0.8455729166666667 0.13703703703703704 0.025520833333333333
7 0.32685185185185184 0.9 0.1388888888888889 0.023958333333333335