7 0.5328703703703703 0.13619791666666667 0.15462962962962962 0.033854166666666664
7 0.5398148148148149 0.20390625 0.1685185185185185 0.03697916666666667
7 0.5703703703703704 0.26848958333333334 0.22962962962962963 0.0328125
7 0.6467592592592593 0.33489583333333334 0.3824074074074074 0.03333333333333333
7 0.5666666666666667 0.403125 0.2222222222222222 0.036458333333333336
7 0.5856481481481481 0.4703125 0.2601851851851852 0.03854166666666667
7 0.6592592592592592 0.534375 0.4074074074074074 0.03333333333333333
0 0.9018518518518519 0.534375 0.07777777777777778 0.04375
7 0.5416666666666666 0.6026041666666667 0.17222222222222222 0.0375
2 0.9438611111111112 0.06575520833333333 0.08510185185185185 0.055989583333333336
2 0.8258240740740741 0.06510416666666667 0.08512962962962962 0.057291666666666664