7 0.44675925925925924 0.14713541666666666 0.04537037037037037 0.022395833333333334
7 0.20972222222222223 0.19088541666666667 0.2916666666666667 0.06510416666666667
7 0.16620370370370371 0.35885416666666664 0.2212962962962963 0.028125
2 0.44027777777777777 0.35703125 0.058333333333333334 0.0328125
7 0.9273148148148148 0.14713541666666666 0.04537037037037037 0.022395833333333334
7 0.7287037037037037 0.19166666666666668 0.37222222222222223 0.06145833333333333
7 0.649537037037037 0.35833333333333334 0.21574074074074073 0.03229166666666667
2 0.9208333333333333 0.35703125 0.058333333333333334 0.0328125
7 0.44675925925925924 0.41744791666666664 0.04537037037037037 0.022395833333333334
7 0.24861111111111112 0.46067708333333335 0.3638888888888889 0.058854166666666666
7 0.16620370370370371 0.63046875 0.2101851851851852 0.0296875
2 0.44027777777777777 0.62734375 0.058333333333333334 0.0328125
7 0.9273148148148148 0.41744791666666664 0.04537037037037037 0.022395833333333334
7 0.7342592592592593 0.4453125 0.37407407407407406 0.03333333333333333
7 0.6462962962962963 0.6294270833333333 0.2111111111111111 0.0296875
2 0.9208333333333333 0.62734375 0.058333333333333334 0.0328125
7 0.44675925925925924 0.6877604166666667 0.04537037037037037 0.022395833333333334
7 0.2013888888888889 0.7315104166666667 0.26944444444444443 0.06510416666666667
7 0.1712962962962963 0.8997395833333334 0.22592592592592592 0.0265625
2 0.44027777777777777 0.89765625 0.058333333333333334 0.0328125
7 0.9273148148148148 0.6877604166666667 0.04537037037037037 0.022395833333333334
7 0.6865740740740741 0.715625 0.27870370370370373 0.03333333333333333
7 0.6476851851851851 0.9002604166666667 0.21388888888888888 0.0265625
2 0.9208333333333333 0.89765625 0.058333333333333334 0.0328125
2 0.06574074074074074 0.0703125 0.05 0.03229166666666667
7 0.24537037037037038 0.0703125 0.20185185185185187 0.036458333333333336