7 0.18101851851851852 0.15338541666666666 0.3138888888888889 0.0359375
7 0.15046296296296297 0.21380208333333334 0.225 0.03802083333333333
6 0.9023148148148148 0.21380208333333334 0.11574074074074074 0.03697916666666667
7 0.500462962962963 0.29635416666666664 0.8027777777777778 0.06354166666666666
7 0.15231481481481482 0.40182291666666664 0.24351851851851852 0.030729166666666665
7 0.17546296296296296 0.46197916666666666 0.275 0.0375
7 0.7449074074074075 0.46197916666666666 0.39537037037037037 0.0375
7 0.19074074074074074 0.52734375 0.3055555555555556 0.03802083333333333
7 0.8611111111111112 0.52734375 0.16296296296296298 0.03802083333333333
7 0.11481481481481481 0.5924479166666666 0.1537037037037037 0.03802083333333333
7 0.8444444444444444 0.5924479166666666 0.1962962962962963 0.03802083333333333
7 0.11064814814814815 0.6575520833333334 0.14537037037037037 0.03802083333333333
7 0.8444444444444444 0.6575520833333334 0.1962962962962963 0.03802083333333333
7 0.49537037037037035 0.73203125 0.7481481481481481 0.030729166666666665
7 0.2851851851851852 0.0703125 0.2222222222222222 0.036458333333333336
2 0.06944444444444445 0.071875 0.07037037037037037 0.034375