7 0.12314814814814815 0.1390625 0.17222222222222222 0.035416666666666666
7 0.37453703703703706 0.13984375 0.15462962962962962 0.0328125
7 0.625462962962963 0.14192708333333334 0.13055555555555556 0.028645833333333332
7 0.875462962962963 0.14036458333333332 0.1712962962962963 0.027604166666666666
7 0.1412037037037037 0.0703125 0.2064814814814815 0.036458333333333336
7 0.3800925925925926 0.21614583333333334 0.43425925925925923 0.04791666666666667
7 0.6638888888888889 0.2828125 0.1388888888888889 0.029166666666666667
7 0.09166666666666666 0.28229166666666666 0.11851851851851852 0.027083333333333334
7 0.7444444444444445 0.37734375 0.3055555555555556 0.03697916666666667
7 0.37777777777777777 0.8768229166666667 0.1537037037037037 0.021354166666666667
7 0.6175925925925926 0.8783854166666667 0.15555555555555556 0.021354166666666667
2 0.9356481481481481 0.49895833333333334 0.0712962962962963 0.036458333333333336
2 0.9606481481481481 0.28463541666666664 0.04537037037037037 0.018229166666666668
2 0.39814814814814814 0.284375 0.044444444444444446 0.017708333333333333
2 0.4981481481481482 0.2833333333333333 0.06666666666666667 0.03125
2 0.9430555555555555 0.06927083333333334 0.075 0.04479166666666667
2 0.06898148148148148 0.2140625 0.06944444444444445 0.026041666666666668