7 0.4986111111111111 0.06276041666666667 0.13240740740740742 0.03177083333333333
7 0.1865740740740741 0.12265625 0.25277777777777777 0.024479166666666666
7 0.20555555555555555 0.2520833333333333 0.29074074074074074 0.026041666666666668
7 0.825925925925926 0.2513020833333333 0.14629629629629629 0.0296875
7 0.15185185185185185 0.3341145833333333 0.18333333333333332 0.025520833333333333
7 0.22777777777777777 0.4161458333333333 0.3351851851851852 0.026041666666666668
7 0.25787037037037036 0.4981770833333333 0.3824074074074074 0.025520833333333333
7 0.44722222222222224 0.5747395833333333 0.774074074074074 0.0546875
7 0.45231481481481484 0.6268229166666667 0.7842592592592592 0.027604166666666666
7 0.8435185185185186 0.3346354166666667 0.09259259259259259 0.024479166666666666
7 0.8430555555555556 0.13828125 0.09722222222222222 0.022395833333333334
7 0.8388888888888889 0.41822916666666665 0.09259259259259259 0.028125
7 0.8398148148148148 0.49973958333333335 0.0962962962962963 0.024479166666666666