3 0.49953703703703706 0.8752604166666667 0.9990740740740741 0.1171875
3 0.1648148148148148 0.21458333333333332 0.3074074074074074 0.18333333333333332
7 0.1648148148148148 0.2950520833333333 0.3074074074074074 0.022395833333333334
3 0.4986111111111111 0.21458333333333332 0.30648148148148147 0.18333333333333332
7 0.4986111111111111 0.2950520833333333 0.30648148148148147 0.022395833333333334
3 0.8328703703703704 0.21458333333333332 0.30648148148148147 0.18333333333333332
7 0.8328703703703704 0.2950520833333333 0.30648148148148147 0.022395833333333334
3 0.16527777777777777 0.3963541666666667 0.30833333333333335 0.16041666666666668
7 0.16342592592592592 0.4921875 0.10648148148148148 0.01875
3 0.4986111111111111 0.41015625 0.30648148148148147 0.18385416666666668
7 0.4986111111111111 0.4908854166666667 0.30648148148148147 0.022395833333333334
3 0.8328703703703704 0.41015625 0.30648148148148147 0.18385416666666668
7 0.8328703703703704 0.4908854166666667 0.30648148148148147 0.022395833333333334
3 0.16342592592592592 0.5955729166666667 0.30462962962962964 0.16302083333333334
7 0.16620370370370371 0.6877604166666667 0.11018518518518519 0.0171875
3 0.4981481481481482 0.5919270833333333 0.3 0.1640625
7 0.4986111111111111 0.6888020833333334 0.12314814814814815 0.021354166666666667
7 0.20925925925925926 0.0703125 0.12962962962962962 0.036458333333333336
2 0.07222222222222222 0.07135416666666666 0.05925925925925926 0.034375
2 0.9458333333333333 0.07135416666666666 0.03981481481481482 0.035416666666666666
2 0.7282407407407407 0.07109375 0.07685185185185185 0.0421875
2 0.8462962962962963 0.07135416666666666 0.06481481481481481 0.04375