7 0.5 0.171875 0.8833333333333333 0.059375
7 0.10648148148148148 0.27734375 0.14074074074074075 0.0421875
3 0.1787037037037037 0.3606770833333333 0.19444444444444445 0.0984375
7 0.17916666666666667 0.42291666666666666 0.16203703703703703 0.034375
3 0.49907407407407406 0.3606770833333333 0.19444444444444445 0.0984375
7 0.5 0.42473958333333334 0.14074074074074075 0.03802083333333333
3 0.8194444444444444 0.3609375 0.19444444444444445 0.09895833333333333
7 0.8180555555555555 0.42552083333333335 0.22314814814814815 0.03854166666666667
7 0.17731481481481481 0.5325520833333334 0.2824074074074074 0.0421875
3 0.18101851851851852 0.61640625 0.19722222222222222 0.0984375
7 0.17916666666666667 0.690625 0.18796296296296297 0.059375
3 0.4986111111111111 0.61640625 0.19722222222222222 0.0984375
7 0.49953703703703706 0.690625 0.2324074074074074 0.059375
2 0.6106481481481482 0.5825520833333333 0.07314814814814814 0.04114583333333333
3 0.8199074074074074 0.61640625 0.19722222222222222 0.0984375
7 0.8194444444444444 0.6911458333333333 0.2351851851851852 0.059375
2 0.9310185185185185 0.5825520833333333 0.07314814814814814 0.04114583333333333
3 0.17916666666666667 0.7966145833333333 0.19722222222222222 0.0984375
2 0.2902777777777778 0.7627604166666667 0.07314814814814814 0.04114583333333333
3 0.4986111111111111 0.7966145833333333 0.19722222222222222 0.0984375
2 0.6106481481481482 0.7627604166666667 0.07314814814814814 0.04114583333333333
2 0.12731481481481483 0.8796875 0.058333333333333334 0.04375
7 0.12777777777777777 0.9177083333333333 0.12407407407407407 0.028125
2 0.37546296296296294 0.878125 0.058333333333333334 0.040625
2 0.6236111111111111 0.8796875 0.058333333333333334 0.04375
2 0.8708333333333333 0.8796875 0.058333333333333334 0.04375
7 0.10046296296296296 0.07083333333333333 0.12314814814814815 0.036458333333333336
2 0.950462962962963 0.07421875 0.04351851851851852 0.0390625
2 0.2902777777777778 0.5846354166666666 0.06018518518518518 0.027604166666666666
