7 0.17916666666666667 0.13880208333333333 0.19166666666666668 0.03177083333333333
7 0.49907407407407406 0.13880208333333333 0.1574074074074074 0.03177083333333333
7 0.8199074074074074 0.13880208333333333 0.12129629629629629 0.03177083333333333
2 0.49953703703703706 0.28854166666666664 0.22314814814814815 0.12604166666666666
7 0.4986111111111111 0.40546875 0.36018518518518516 0.04635416666666667
7 0.49953703703703706 0.45625 0.9027777777777778 0.059375
7 0.49907407407407406 0.5354166666666667 0.1537037037037037 0.036458333333333336
7 0.13194444444444445 0.63828125 0.20462962962962963 0.033854166666666664
2 0.0824074074074074 0.71796875 0.08703703703703704 0.04739583333333333
7 0.2537037037037037 0.7057291666666666 0.17777777777777778 0.03125
7 0.2773148148148148 0.7372395833333333 0.225 0.03177083333333333
2 0.937962962962963 0.7171875 0.05555555555555555 0.03125
2 0.0824074074074074 0.8234375 0.08703703703703704 0.051041666666666666
7 0.2523148148148148 0.8104166666666667 0.19166666666666668 0.03333333333333333
7 0.21064814814814814 0.8463541666666666 0.10092592592592593 0.029166666666666667
2 0.937962962962963 0.8236979166666667 0.05740740740740741 0.0328125
2 0.0824074074074074 0.9197916666666667 0.08703703703703704 0.029166666666666667
7 0.2638888888888889 0.9135416666666667 0.19814814814814816 0.0375
7 0.31805555555555554 0.9333333333333333 0.30648148148148147 0.0020833333333333333
7 0.25833333333333336 0.07083333333333333 0.16666666666666666 0.036458333333333336
2 0.06666666666666667 0.06927083333333334 0.07592592592592592 0.03854166666666667
8 0.49953703703703706 0.5364583333333334 0.2212962962962963 0.057291666666666664
