2 0.49953703703703706 0.24921875 0.175 0.0984375
7 0.2800925925925926 0.36432291666666666 0.43796296296296294 0.0328125
7 0.1527777777777778 0.45546875 0.18333333333333332 0.0296875
2 0.13842592592592592 0.5627604166666667 0.08611111111111111 0.044270833333333336
7 0.5777777777777777 0.56328125 0.7222222222222222 0.0609375
7 0.5 0.7674479166666667 0.3388888888888889 0.025520833333333333
7 0.4981481481481482 0.6833333333333333 0.12962962962962962 0.03333333333333333
4 0.5092592592592593 0.3578125 0.9203703703703704 0.051041666666666666
4 0.5064814814814815 0.4518229166666667 0.8888888888888888 0.0453125
8 0.5069444444444444 0.6815104166666667 0.8842592592592593 0.07135416666666666
