7 0.09259259259259259 0.1640625 0.16111111111111112 0.03958333333333333
2 0.0824074074074074 0.24427083333333333 0.08703703703703704 0.04895833333333333
7 0.2601851851851852 0.23255208333333333 0.2111111111111111 0.03802083333333333
7 0.300462962962963 0.26328125 0.2712962962962963 0.03177083333333333
2 0.8601851851851852 0.24348958333333334 0.04814814814814815 0.03802083333333333
2 0.9384259259259259 0.24427083333333333 0.05462962962962963 0.03333333333333333
2 0.0824074074074074 0.35130208333333335 0.08703703703703704 0.049479166666666664
7 0.2439814814814815 0.34036458333333336 0.1824074074074074 0.0359375
7 0.36018518518518516 0.3703125 0.3907407407407407 0.03125
2 0.8597222222222223 0.35182291666666665 0.05462962962962963 0.03697916666666667
2 0.9388888888888889 0.35208333333333336 0.05925925925925926 0.035416666666666666
2 0.0824074074074074 0.4583333333333333 0.08703703703703704 0.04895833333333333
7 0.28935185185185186 0.44505208333333335 0.27685185185185185 0.03802083333333333
7 0.29398148148148145 0.47734375 0.25833333333333336 0.03177083333333333
2 0.8606481481481482 0.4588541666666667 0.05092592592592592 0.034375
2 0.937962962962963 0.45807291666666666 0.053703703703703705 0.030729166666666665
7 0.14537037037037037 0.56796875 0.25925925925925924 0.0359375
2 0.0824074074074074 0.64765625 0.08703703703703704 0.0515625
7 0.26990740740740743 0.634375 0.24351851851851852 0.041666666666666664
7 0.4273148148148148 0.6669270833333333 0.525 0.03177083333333333
2 0.9384259259259259 0.6471354166666666 0.05462962962962963 0.033854166666666664
2 0.0824074074074074 0.76875 0.08703703703703704 0.051041666666666666
7 0.29768518518518516 0.74296875 0.28425925925925927 0.04635416666666667
7 0.4824074074074074 0.7875 0.6351851851851852 0.059375
2 0.8416666666666667 0.76875 0.08333333333333333 0.06875
2 0.9398148148148148 0.76875 0.05740740740740741 0.03229166666666667
2 0.0824074074074074 0.9036458333333334 0.08703703703703704 0.051041666666666666
7 0.3 0.87578125 0.28888888888888886 0.04010416666666667
7 0.4824074074074074 0.9135416666666667 0.6351851851851852 0.041666666666666664
2 0.8930555555555556 0.87421875 0.1361111111111111 0.0765625
7 0.2791666666666667 0.07083333333333333 0.20833333333333334 0.036458333333333336
2 0.06851851851851852 0.07083333333333333 0.06666666666666667 0.0375
2 0.850925925925926 0.64765625 0.06481481481481481 0.027604166666666666
0 0.8569444444444444 0.6486979166666667 0.07314814814814814 0.027604166666666666
