7 0.5 0.109375 0.43333333333333335 0.065625
7 0.49953703703703706 0.15885416666666666 0.7194444444444444 0.03333333333333333
2 0.10648148148148148 0.8302083333333333 0.06851851851851852 0.03854166666666667
7 0.43425925925925923 0.83046875 0.5092592592592593 0.0296875
7 0.49953703703703706 0.9049479166666666 0.36574074074074076 0.025520833333333333
4 0.4981481481481482 0.83046875 0.9407407407407408 0.0859375
7 0.48564814814814816 0.37447916666666664 0.49722222222222223 0.03125
2 0.17592592592592593 0.4734375 0.06111111111111111 0.04375
2 0.175 0.3690104166666667 0.07407407407407407 0.0328125
7 0.49907407407407406 0.5841145833333333 0.13148148148148148 0.028645833333333332
7 0.5375 0.6513020833333333 0.3638888888888889 0.0265625
0 0.3236111111111111 0.6484375 0.05462962962962963 0.034375
8 0.5074074074074074 0.58515625 0.7351851851851852 0.0640625
4 0.4962962962962963 0.37057291666666664 0.7277777777777777 0.03802083333333333
4 0.4976851851851852 0.4708333333333333 0.7083333333333334 0.052083333333333336
