4 0.49953703703703706 0.40677083333333336 0.9027777777777778 0.065625
4 0.4986111111111111 0.521875 0.9027777777777778 0.065625
4 0.49953703703703706 0.6375 0.9027777777777778 0.065625
4 0.49953703703703706 0.7546875 0.9027777777777778 0.065625
7 0.45046296296296295 0.9138020833333333 0.8157407407407408 0.0484375
7 0.4981481481481482 0.06015625 0.6833333333333333 0.0296875
7 0.1310185185185185 0.12942708333333333 0.17685185185185184 0.0265625
7 0.27685185185185185 0.1734375 0.13333333333333333 0.023958333333333335
7 0.7199074074074074 0.17213541666666668 0.09537037037037037 0.0265625
7 0.9050925925925926 0.1265625 0.09537037037037037 0.022916666666666665
7 0.8870370370370371 0.24505208333333334 0.1388888888888889 0.024479166666666666
7 0.11712962962962963 0.24635416666666668 0.14722222222222223 0.029166666666666667
7 0.2791666666666667 0.28854166666666664 0.1361111111111111 0.023958333333333335
7 0.7203703703703703 0.28880208333333335 0.0962962962962963 0.0234375
7 0.274537037037037 0.36354166666666665 0.4583333333333333 0.030208333333333334
7 0.29305555555555557 0.40598958333333335 0.44907407407407407 0.028645833333333332
7 0.2824074074074074 0.47942708333333334 0.47962962962962963 0.0296875
7 0.19166666666666668 0.52265625 0.24814814814814815 0.0265625
7 0.11064814814814815 0.5924479166666666 0.11203703703703703 0.027604166666666666
7 0.2916666666666667 0.63984375 0.45185185185185184 0.027604166666666666
7 0.1486111111111111 0.7091145833333333 0.18611111111111112 0.0265625
7 0.4981481481481482 0.8403645833333333 0.3314814814814815 0.030729166666666665
8 0.49675925925925923 0.8380208333333333 0.8842592592592593 0.046875
4 0.5018518518518519 0.40625 0.8907407407407407 0.05625
4 0.49953703703703706 0.521875 0.8861111111111111 0.05625
