7 0.17453703703703705 0.13177083333333334 0.30092592592592593 0.03958333333333333
2 0.36574074074074076 0.8247395833333333 0.24259259259259258 0.13697916666666668
2 0.6328703703703704 0.8247395833333333 0.24351851851851852 0.13697916666666668
2 0.08472222222222223 0.8861979166666667 0.12129629629629629 0.06822916666666666
7 0.49907407407407406 0.24921875 0.6814814814814815 0.0359375
2 0.49953703703703706 0.3658854166666667 0.2916666666666667 0.1640625
7 0.49953703703703706 0.49166666666666664 0.950925925925926 0.05520833333333333
7 0.49953703703703706 0.55703125 0.9027777777777778 0.0484375
7 0.5032407407407408 0.6299479166666667 0.33425925925925926 0.027604166666666666
7 0.5018518518518519 0.70625 0.20555555555555555 0.026041666666666668
8 0.5009259259259259 0.6286458333333333 0.47962962962962963 0.051041666666666666
8 0.5 0.7026041666666667 0.4925925925925926 0.05625
