2 0.07268518518518519 0.06692708333333333 0.06018518518518518 0.030729166666666665
7 0.3939814814814815 0.06744791666666666 0.41574074074074074 0.0421875
7 0.2111111111111111 0.15989583333333332 0.32592592592592595 0.03125
7 0.32037037037037036 0.18828125 0.5444444444444444 0.0265625
7 0.2199074074074074 0.24973958333333332 0.3435185185185185 0.033854166666666664
7 0.2587962962962963 0.28203125 0.4212962962962963 0.030729166666666665
7 0.27546296296296297 0.34088541666666666 0.4546296296296296 0.0390625
7 0.2875 0.3729166666666667 0.4787037037037037 0.030208333333333334
7 0.2574074074074074 0.43203125 0.4185185185185185 0.0390625
7 0.25 0.4630208333333333 0.40370370370370373 0.029166666666666667
7 0.30462962962962964 0.5213541666666667 0.512962962962963 0.036458333333333336
7 0.3314814814814815 0.5520833333333334 0.5666666666666667 0.025
8 0.49953703703703706 0.6263020833333334 0.22685185185185186 0.04010416666666667
7 0.5027777777777778 0.6270833333333333 0.1962962962962963 0.017708333333333333
