7 0.3685185185185185 0.26145833333333335 0.45740740740740743 0.052083333333333336
7 0.7861111111111111 0.7580729166666667 0.12407407407407407 0.028645833333333332
7 0.5273148148148148 0.36666666666666664 0.2675925925925926 0.04583333333333333
2 0.20462962962962963 0.36354166666666665 0.09074074074074075 0.04791666666666667
2 0.8 0.3625 0.1 0.05416666666666667
7 0.22777777777777777 0.20885416666666667 0.19074074074074074 0.042708333333333334
7 0.2064814814814815 0.42734375 0.08703703703703704 0.04114583333333333
7 0.3060185185185185 0.42630208333333336 0.06759259259259259 0.034895833333333334
7 0.39675925925925926 0.42682291666666666 0.0712962962962963 0.03802083333333333
7 0.4962962962962963 0.42552083333333335 0.06666666666666667 0.04479166666666667
7 0.600925925925926 0.42682291666666666 0.07407407407407407 0.0359375
