2 0.10555555555555556 0.16171875 0.18333333333333332 0.10260416666666666
7 0.2851851851851852 0.11953125 0.14814814814814814 0.0265625
7 0.3509259259259259 0.16354166666666667 0.07777777777777778 0.026041666666666668
7 0.350462962962963 0.1875 0.14351851851851852 0.021875
7 0.5972222222222222 0.16354166666666667 0.03888888888888889 0.026041666666666668
7 0.5972222222222222 0.1875 0.08333333333333333 0.021875
7 0.8449074074074074 0.16354166666666667 0.019444444444444445 0.026041666666666668
7 0.8444444444444444 0.1875 0.18333333333333332 0.021875
7 0.0875 0.26171875 0.09722222222222222 0.0296875
7 0.5 0.4119791666666667 0.9222222222222223 0.2708333333333333
7 0.07685185185185185 0.56953125 0.046296296296296294 0.0296875
7 0.07731481481481481 0.5953125 0.07685185185185185 0.021875
7 0.18333333333333332 0.56953125 0.08888888888888889 0.0296875
7 0.18333333333333332 0.5953125 0.10555555555555556 0.021875
7 0.287962962962963 0.56953125 0.022222222222222223 0.0296875
7 0.2875 0.5953125 0.075 0.021875
7 0.7111111111111111 0.58046875 0.044444444444444446 0.0296875
2 0.7773148148148148 0.5802083333333333 0.08796296296296297 0.04895833333333333
7 0.850925925925926 0.58046875 0.044444444444444446 0.0296875
2 0.9171296296296296 0.5802083333333333 0.08796296296296297 0.04895833333333333
7 0.12407407407407407 0.675 0.20925925925925926 0.065625
7 0.37407407407407406 0.675 0.20925925925925926 0.065625
7 0.624537037037037 0.675 0.2101851851851852 0.065625
7 0.875 0.675 0.2111111111111111 0.065625
7 0.8861111111111111 0.8356770833333333 0.044444444444444446 0.025520833333333333
7 0.9421296296296297 0.8346354166666666 0.03796296296296296 0.0296875
2 0.01990740740740741 0.065625 0.03796296296296296 0.021875
2 0.04675925925925926 0.06536458333333334 0.03425925925925926 0.019270833333333334
2 0.9314814814814815 0.06692708333333333 0.07037037037037037 0.04010416666666667
7 0.12361111111111112 0.7783854166666667 0.14907407407407408 0.034895833333333334
