2 0.01990740740740741 0.065625 0.03796296296296296 0.021875
2 0.04675925925925926 0.06536458333333334 0.03425925925925926 0.019270833333333334
2 0.33055555555555555 0.06458333333333334 0.044444444444444446 0.041666666666666664
7 0.46574074074074073 0.06744791666666666 0.1425925925925926 0.034895833333333334
2 0.6083333333333333 0.06692708333333333 0.05 0.043229166666666666
7 0.041666666666666664 0.13098958333333333 0.05555555555555555 0.022395833333333334
7 0.2708333333333333 0.13098958333333333 0.10833333333333334 0.022395833333333334
7 0.49953703703703706 0.13098958333333333 0.14907407407407408 0.022395833333333334
7 0.7273148148148149 0.13098958333333333 0.09537037037037037 0.022395833333333334
7 0.9481481481481482 0.13098958333333333 0.1037037037037037 0.022395833333333334
7 0.1962962962962963 0.21197916666666666 0.2777777777777778 0.026041666666666668
2 0.9305555555555556 0.0640625 0.07777777777777778 0.036458333333333336
4 0.5046296296296297 0.21484375 0.9185185185185185 0.0390625
