7 0.08703703703703704 0.23203125 0.12037037037037036 0.0265625
7 0.1824074074074074 0.2955729166666667 0.2111111111111111 0.0296875
7 0.18981481481481483 0.37135416666666665 0.22592592592592592 0.030208333333333334
7 0.5009259259259259 0.45546875 0.16111111111111112 0.0421875
7 0.49953703703703706 0.5080729166666667 0.3712962962962963 0.022395833333333334
7 0.1787037037037037 0.06510416666666667 0.2796296296296296 0.03333333333333333
7 0.8240740740740741 0.06510416666666667 0.13703703703703704 0.030208333333333334
2 0.937037037037037 0.06536458333333334 0.07037037037037037 0.03802083333333333
4 0.5074074074074074 0.2955729166666667 0.8740740740740741 0.043229166666666666
4 0.5055555555555555 0.37473958333333335 0.8703703703703703 0.04010416666666667
8 0.5027777777777778 0.45260416666666664 0.37777777777777777 0.052083333333333336
8 0.5018518518518519 0.58828125 0.6185185185185185 0.04010416666666667
8 0.4981481481481482 0.66875 0.6185185185185185 0.05416666666666667
7 0.5564814814814815 0.5893229166666667 0.3611111111111111 0.027604166666666666
7 0.55 0.66953125 0.3055555555555556 0.030729166666666665
2 0.2847222222222222 0.5872395833333334 0.06574074074074074 0.0359375
2 0.24074074074074073 0.6658854166666667 0.09259259259259259 0.04635416666666667
