7 0.19814814814814816 0.21119791666666668 0.2777777777777778 0.030729166666666665
7 0.275 0.28671875 0.46111111111111114 0.0359375
2 0.9328703703703703 0.28854166666666664 0.026851851851851852 0.017708333333333333
2 0.04675925925925926 0.06536458333333334 0.03425925925925926 0.019270833333333334
2 0.3300925925925926 0.06484375 0.09722222222222222 0.0546875
7 0.4671296296296296 0.06796875 0.14166666666666666 0.033854166666666664
2 0.6069444444444444 0.06484375 0.09722222222222222 0.0546875
7 0.2064814814814815 0.13098958333333333 0.10925925925925926 0.022395833333333334
7 0.43472222222222223 0.13098958333333333 0.14907407407407408 0.022395833333333334
7 0.662962962962963 0.13098958333333333 0.0962962962962963 0.022395833333333334
7 0.8912037037037037 0.13098958333333333 0.11944444444444445 0.022395833333333334
2 0.9300925925925926 0.06484375 0.0824074074074074 0.03697916666666667
4 0.5 0.21380208333333334 0.9018518518518519 0.034895833333333334
