7 0.16018518518518518 0.21432291666666667 0.24259259259259258 0.025520833333333333
7 0.16018518518518518 0.2791666666666667 0.24259259259259258 0.026041666666666668
7 0.2351851851851852 0.32864583333333336 0.3925925925925926 0.026041666666666668
7 0.16018518518518518 0.38333333333333336 0.24259259259259258 0.026041666666666668
7 0.11435185185185186 0.43333333333333335 0.1675925925925926 0.027083333333333334
7 0.16018518518518518 0.48776041666666664 0.24259259259259258 0.025520833333333333
7 0.16018518518518518 0.5526041666666667 0.24259259259259258 0.026041666666666668
7 0.16018518518518518 0.6174479166666667 0.24259259259259258 0.025520833333333333
2 0.01990740740740741 0.065625 0.03796296296296296 0.021875
2 0.04675925925925926 0.06536458333333334 0.03425925925925926 0.019270833333333334
7 0.24953703703703703 0.06510416666666667 0.3509259259259259 0.03333333333333333
7 0.0032407407407407406 0.13098958333333333 0.004629629629629629 0.022395833333333334
7 0.2064814814814815 0.13098958333333333 0.10925925925925926 0.022395833333333334
7 0.43472222222222223 0.13098958333333333 0.14907407407407408 0.022395833333333334
7 0.662962962962963 0.13098958333333333 0.0962962962962963 0.022395833333333334
7 0.8912037037037037 0.13098958333333333 0.11944444444444445 0.022395833333333334
7 0.55 0.21223958333333334 0.4462962962962963 0.030729166666666665
7 0.4148148148148148 0.27760416666666665 0.17222222222222222 0.030208333333333334
7 0.3875 0.3809895833333333 0.13425925925925927 0.028645833333333332
7 0.7226851851851852 0.3846354166666667 0.13796296296296295 0.0296875
7 0.41203703703703703 0.48828125 0.17592592592592593 0.03177083333333333
7 0.4097222222222222 0.55078125 0.17314814814814813 0.030729166666666665
7 0.4115740740740741 0.6184895833333334 0.1675925925925926 0.030729166666666665
7 0.5013888888888889 0.6880208333333333 0.30462962962962964 0.028125
7 0.5032407407407408 0.7653645833333333 0.10462962962962963 0.0296875
8 0.5018518518518519 0.6890625 0.9055555555555556 0.053125
8 0.5018518518518519 0.7666666666666667 0.9055555555555556 0.053125
4 0.6333333333333333 0.21953125 0.6425925925925926 0.0359375
4 0.6361111111111111 0.2828125 0.6407407407407407 0.03333333333333333
4 0.4726851851851852 0.38307291666666665 0.325 0.04010416666666667
4 0.7986111111111112 0.38697916666666665 0.30833333333333335 0.03958333333333333
4 0.6324074074074074 0.4856770833333333 0.6296296296296297 0.04114583333333333
4 0.6296296296296297 0.55390625 0.6388888888888888 0.0390625
4 0.6361111111111111 0.61796875 0.6370370370370371 0.03802083333333333
