7 0.1037037037037037 0.1265625 0.08148148148148149 0.036458333333333336
2 0.9069444444444444 0.12682291666666667 0.058333333333333334 0.0328125
2 0.8004629629629629 0.12682291666666667 0.058333333333333334 0.0328125
7 0.3351851851851852 0.22057291666666667 0.5333333333333333 0.0296875
7 0.13148148148148148 0.18411458333333333 0.13703703703703704 0.022395833333333334
7 0.17175925925925925 0.28619791666666666 0.21203703703703702 0.019270833333333334
7 0.0912037037037037 0.32421875 0.058333333333333334 0.0265625
7 0.17962962962962964 0.39114583333333336 0.22037037037037038 0.023958333333333335
7 0.09583333333333334 0.42890625 0.06018518518518518 0.024479166666666666
7 0.18009259259259258 0.49583333333333335 0.23055555555555557 0.025
7 0.09583333333333334 0.53203125 0.05462962962962963 0.021354166666666667
7 0.17824074074074073 0.5979166666666667 0.22685185185185186 0.020833333333333332
7 0.12962962962962962 0.63671875 0.12407407407407407 0.025520833333333333
7 0.1476851851851852 0.7041666666666667 0.16574074074074074 0.023958333333333335
7 0.487962962962963 0.7684895833333333 0.8388888888888889 0.08802083333333334
4 0.5046296296296297 0.3221354166666667 0.8537037037037037 0.0390625
4 0.4981481481481482 0.4309895833333333 0.8555555555555555 0.03177083333333333
4 0.5027777777777778 0.5356770833333333 0.8462962962962963 0.028645833333333332
4 0.5046296296296297 0.63984375 0.8574074074074074 0.030729166666666665
