7 0.26481481481481484 0.03802083333333333 0.17962962962962964 0.036458333333333336
2 0.06851851851851852 0.0375 0.053703703703703705 0.029166666666666667
7 0.21666666666666667 0.11328125 0.35555555555555557 0.0296875
7 0.059722222222222225 0.14088541666666668 0.041666666666666664 0.025520833333333333
0 0.9222222222222223 0.12604166666666666 0.07777777777777778 0.04375
7 0.11712962962962963 0.21380208333333334 0.15648148148148147 0.0296875
7 0.09398148148148149 0.28880208333333335 0.11018518518518519 0.0296875
7 0.059722222222222225 0.31666666666666665 0.041666666666666664 0.026041666666666668
0 0.9222222222222223 0.3015625 0.07777777777777778 0.04375
7 0.12777777777777777 0.38984375 0.17777777777777778 0.0296875
7 0.059722222222222225 0.41744791666666664 0.041666666666666664 0.025520833333333333
0 0.9222222222222223 0.40260416666666665 0.07777777777777778 0.04375
7 0.1986111111111111 0.4903645833333333 0.3194444444444444 0.0296875
7 0.059722222222222225 0.5182291666666666 0.041666666666666664 0.026041666666666668
0 0.9222222222222223 0.503125 0.07777777777777778 0.04375
7 0.2759259259259259 0.59140625 0.4740740740740741 0.0296875
7 0.14305555555555555 0.6190104166666667 0.20833333333333334 0.025520833333333333
0 0.9222222222222223 0.6041666666666666 0.07777777777777778 0.04375
7 0.14305555555555555 0.6919270833333333 0.20833333333333334 0.0296875
7 0.33287037037037037 0.7197916666666667 0.5879629629629629 0.026041666666666668
7 0.0875 0.79296875 0.09722222222222222 0.0296875
7 0.13333333333333333 0.8205729166666667 0.18888888888888888 0.025520833333333333
