7 0.11574074074074074 0.1265625 0.10555555555555556 0.036458333333333336
2 0.9069444444444444 0.12682291666666667 0.058333333333333334 0.0328125
2 0.8004629629629629 0.12682291666666667 0.058333333333333334 0.0328125
4 0.49398148148148147 0.32317708333333334 0.8601851851851852 0.03697916666666667
4 0.49907407407407406 0.42890625 0.8574074074074074 0.04010416666666667
4 0.5027777777777778 0.5372395833333333 0.8759259259259259 0.0296875
4 0.49398148148148147 0.63515625 0.8675925925925926 0.027604166666666666
7 0.3300925925925926 0.22057291666666667 0.5305555555555556 0.025520833333333333
7 0.13842592592592592 0.18020833333333333 0.14722222222222223 0.020833333333333332
7 0.09305555555555556 0.32421875 0.03796296296296296 0.0265625
7 0.09490740740740741 0.4278645833333333 0.06018518518518518 0.025520833333333333
7 0.09861111111111111 0.5341145833333333 0.05277777777777778 0.021354166666666667
7 0.12962962962962962 0.6356770833333333 0.12962962962962962 0.016145833333333335
7 0.15138888888888888 0.7052083333333333 0.17314814814814813 0.016666666666666666
7 0.4888888888888889 0.7658854166666667 0.837037037037037 0.08489583333333334
