2 0.5 0.2109375 0.5444444444444444 0.1125
7 0.49907407407407406 0.30859375 0.6962962962962963 0.027604166666666666
7 0.30185185185185187 0.37161458333333336 0.4981481481481482 0.043229166666666666
7 0.2449074074074074 0.434375 0.38425925925925924 0.028125
7 0.2625 0.4703125 0.41944444444444445 0.028125
7 0.21898148148148147 0.50625 0.33240740740740743 0.028125
7 0.2375 0.5421875 0.36944444444444446 0.028125
2 0.09166666666666666 0.6052083333333333 0.07777777777777778 0.04375
2 0.20185185185185187 0.6052083333333333 0.07777777777777778 0.04375
7 0.262037037037037 0.9044270833333333 0.4185185185185185 0.018229166666666668
7 0.11388888888888889 0.8763020833333334 0.12222222222222222 0.018229166666666668
7 0.18611111111111112 0.8458333333333333 0.26666666666666666 0.022916666666666665
2 0.09768518518518518 0.07083333333333333 0.1175925925925926 0.06666666666666667
7 0.5189814814814815 0.07057291666666667 0.11203703703703703 0.03177083333333333
