2 0.09722222222222222 0.07109375 0.09074074074074075 0.03697916666666667
7 0.5189814814814815 0.07057291666666667 0.07685185185185185 0.03177083333333333
2 0.9680555555555556 0.2125 0.03425925925925926 0.021875
2 0.9712962962962963 0.2630208333333333 0.046296296296296294 0.028125
2 0.9671296296296297 0.31015625 0.032407407407407406 0.025520833333333333
2 0.9680555555555556 0.35989583333333336 0.03981481481481482 0.027083333333333334
2 0.9671296296296297 0.4078125 0.03425925925925926 0.030208333333333334
2 0.9675925925925926 0.45390625 0.03888888888888889 0.024479166666666666
2 0.9662037037037037 0.5015625 0.04537037037037037 0.026041666666666668
2 0.9662037037037037 0.5515625 0.041666666666666664 0.026041666666666668
2 0.9648148148148148 0.5986979166666667 0.03518518518518519 0.027604166666666666
2 0.9643518518518519 0.6455729166666667 0.03425925925925926 0.028645833333333332
2 0.9652777777777778 0.6947916666666667 0.03425925925925926 0.027083333333333334
2 0.9675925925925926 0.7450520833333333 0.03518518518518519 0.024479166666666666
2 0.9666666666666667 0.7921875 0.037037037037037035 0.027083333333333334
2 0.9675925925925926 0.8390625 0.03333333333333333 0.025
2 0.9643518518518519 0.8869791666666667 0.03611111111111111 0.026041666666666668
7 0.2625 0.21380208333333334 0.49537037037037035 0.022395833333333334
7 0.4074074074074074 0.26067708333333334 0.7759259259259259 0.024479166666666666
7 0.31296296296296294 0.30963541666666666 0.5833333333333334 0.025520833333333333
7 0.33796296296296297 0.35546875 0.6425925925925926 0.0234375
7 0.30185185185185187 0.40546875 0.5611111111111111 0.019270833333333334
7 0.3509259259259259 0.4549479166666667 0.6592592592592592 0.018229166666666668
7 0.3101851851851852 0.50546875 0.562962962962963 0.013020833333333334
7 0.25972222222222224 0.55234375 0.4898148148148148 0.025520833333333333
7 0.262037037037037 0.5994791666666667 0.48148148148148145 0.021875
7 0.25555555555555554 0.6489583333333333 0.4722222222222222 0.016666666666666666
7 0.24953703703703703 0.6979166666666666 0.4601851851851852 0.03854166666666667
7 0.2523148148148148 0.7408854166666666 0.4583333333333333 0.024479166666666666
7 0.28055555555555556 0.78671875 0.5277777777777778 0.018229166666666668
7 0.3773148148148148 0.83984375 0.6898148148148148 0.016145833333333335
7 0.29583333333333334 0.8854166666666666 0.549074074074074 0.015625
