2 0.04814814814814815 0.059375 0.06481481481481481 0.034375
7 0.49537037037037035 0.06041666666666667 0.23333333333333334 0.0375
7 0.8935185185185185 0.06171875 0.10185185185185185 0.033854166666666664
7 0.07268518518518519 0.16458333333333333 0.07314814814814814 0.03333333333333333
7 0.48148148148148145 0.15078125 0.7185185185185186 0.04114583333333333
7 0.2708333333333333 0.18567708333333333 0.2972222222222222 0.028645833333333332
2 0.8958333333333334 0.16458333333333333 0.03611111111111111 0.020833333333333332
7 0.07268518518518519 0.27395833333333336 0.07314814814814814 0.03333333333333333
7 0.48148148148148145 0.26015625 0.7185185185185186 0.04114583333333333
7 0.2662037037037037 0.29609375 0.287962962962963 0.030729166666666665
2 0.8958333333333334 0.27395833333333336 0.03611111111111111 0.020833333333333332
7 0.07268518518518519 0.38333333333333336 0.07314814814814814 0.03333333333333333
7 0.48148148148148145 0.36953125 0.7185185185185186 0.04114583333333333
7 0.26435185185185184 0.40520833333333334 0.28425925925925927 0.030208333333333334
2 0.8958333333333334 0.38333333333333336 0.03611111111111111 0.020833333333333332
