7 0.5009259259259259 0.059895833333333336 0.3148148148148148 0.03854166666666667
2 0.06111111111111111 0.06015625 0.12037037037037036 0.0546875
4 0.49444444444444446 0.13645833333333332 0.8648148148148148 0.06354166666666666
4 0.500462962962963 0.19375 0.862037037037037 0.0625
4 0.38333333333333336 0.24713541666666666 0.6351851851851852 0.0640625
4 0.8111111111111111 0.24713541666666666 0.23703703703703705 0.0640625
4 0.4986111111111111 0.30234375 0.8657407407407407 0.0640625
4 0.49907407407407406 0.40130208333333334 0.8592592592592593 0.0640625
4 0.4981481481481482 0.4552083333333333 0.8611111111111112 0.065625
4 0.5009259259259259 0.5125 0.8666666666666667 0.065625
0 0.34074074074074073 0.5734375 0.09259259259259259 0.065625
7 0.5254629629629629 0.5736979166666667 0.22685185185185186 0.0234375
2 0.6902777777777778 0.5734375 0.05277777777777778 0.030208333333333334
7 0.49953703703703706 0.625 0.8527777777777777 0.0375
7 0.4597222222222222 0.6986979166666667 0.7175925925925926 0.044270833333333336
0 0.8648148148148148 0.6989583333333333 0.09259259259259259 0.065625
7 0.5 0.834375 0.8277777777777777 0.0375
7 0.25601851851851853 0.4010416666666667 0.32685185185185184 0.022916666666666665
7 0.14027777777777778 0.13645833333333332 0.08796296296296297 0.027083333333333334
7 0.12777777777777777 0.1921875 0.07592592592592592 0.022916666666666665
7 0.17777777777777778 0.24791666666666667 0.17777777777777778 0.021875
7 0.8166666666666667 0.246875 0.1962962962962963 0.023958333333333335
7 0.2564814814814815 0.3046875 0.32222222222222224 0.030208333333333334
7 0.500462962962963 0.7796875 0.26944444444444443 0.034375
8 0.49907407407407406 0.7796875 0.8388888888888889 0.05520833333333333
