7 0.13148148148148148 0.12109375 0.17962962962962964 0.03177083333333333
7 0.20324074074074075 0.17291666666666666 0.2916666666666667 0.03125
7 0.6087962962962963 0.16744791666666667 0.20462962962962963 0.027604166666666666
7 0.15694444444444444 0.23854166666666668 0.21203703703703702 0.03958333333333333
7 0.600925925925926 0.23255208333333333 0.18888888888888888 0.0296875
7 0.2263888888888889 0.2903645833333333 0.3527777777777778 0.0359375
7 0.20879629629629629 0.35885416666666664 0.30092592592592593 0.03333333333333333
0 0.8777777777777778 0.359375 0.07777777777777778 0.04375
7 0.16666666666666666 0.4473958333333333 0.21666666666666667 0.03333333333333333
0 0.8777777777777778 0.4473958333333333 0.07777777777777778 0.04375
7 0.13796296296296295 0.5354166666666667 0.15925925925925927 0.03333333333333333
0 0.8777777777777778 0.5359375 0.07777777777777778 0.04375
7 0.16157407407407406 0.6239583333333333 0.2064814814814815 0.03333333333333333
0 0.8777777777777778 0.6239583333333333 0.07777777777777778 0.04375
7 0.14027777777777778 0.7119791666666667 0.1638888888888889 0.03333333333333333
0 0.8777777777777778 0.7125 0.07777777777777778 0.04375
7 0.11527777777777778 0.8005208333333333 0.11388888888888889 0.03333333333333333
0 0.8777777777777778 0.8005208333333333 0.07777777777777778 0.04375
7 0.1712962962962963 0.8885416666666667 0.22592592592592592 0.03333333333333333
0 0.8777777777777778 0.8890625 0.07777777777777778 0.04375
2 0.06851851851851852 0.065625 0.07777777777777778 0.04375
7 0.25925925925925924 0.06510416666666667 0.2851851851851852 0.03333333333333333
