7 0.09861111111111111 0.11822916666666666 0.17314814814814813 0.026041666666666668
7 0.10787037037037037 0.14401041666666667 0.19166666666666668 0.025520833333333333
7 0.4263888888888889 0.11822916666666666 0.225 0.026041666666666668
7 0.4263888888888889 0.14401041666666667 0.225 0.025520833333333333
7 0.6509259259259259 0.11822916666666666 0.22407407407407406 0.026041666666666668
7 0.6509259259259259 0.14401041666666667 0.22407407407407406 0.025520833333333333
7 0.875 0.11822916666666666 0.22407407407407406 0.026041666666666668
7 0.875 0.14401041666666667 0.22407407407407406 0.025520833333333333
2 0.06851851851851852 0.065625 0.07777777777777778 0.04375
7 0.17407407407407408 0.06510416666666667 0.11481481481481481 0.03333333333333333
2 0.9305555555555556 0.06640625 0.06296296296296296 0.03697916666666667
2 0.13240740740740742 0.8388020833333333 0.07407407407407407 0.04114583333333333
2 0.3726851851851852 0.8380208333333333 0.10833333333333334 0.04375
2 0.6268518518518519 0.8388020833333333 0.07037037037037037 0.04114583333333333
2 0.8717592592592592 0.8377604166666667 0.0712962962962963 0.0453125
