7 0.16157407407407406 0.11953125 0.22314814814814815 0.025520833333333333
7 0.2 0.18645833333333334 0.2833333333333333 0.03333333333333333
0 0.8777777777777778 0.18645833333333334 0.07777777777777778 0.04375
7 0.10833333333333334 0.27447916666666666 0.1 0.03333333333333333
7 0.08287037037037037 0.36302083333333335 0.049074074074074076 0.03333333333333333
7 0.1912037037037037 0.4244791666666667 0.30462962962962964 0.03333333333333333
7 0.13333333333333333 0.484375 0.15185185185185185 0.03229166666666667
7 0.5722222222222222 0.47682291666666665 0.11851851851851852 0.027604166666666666
7 0.1736111111111111 0.53828125 0.24166666666666667 0.03177083333333333
7 0.08287037037037037 0.6041666666666666 0.049074074074074076 0.03333333333333333
0 0.8777777777777778 0.6046875 0.07777777777777778 0.04375
7 0.1337962962962963 0.6927083333333334 0.15092592592592594 0.03333333333333333
0 0.8777777777777778 0.6927083333333334 0.07777777777777778 0.04375
7 0.1449074074074074 0.7807291666666667 0.17314814814814813 0.03333333333333333
0 0.8777777777777778 0.78125 0.07777777777777778 0.04375
7 0.11527777777777778 0.8692708333333333 0.11388888888888889 0.03333333333333333
0 0.8777777777777778 0.8692708333333333 0.07777777777777778 0.04375
2 0.06851851851851852 0.065625 0.07777777777777778 0.04375
7 0.18009259259259258 0.06510416666666667 0.12685185185185185 0.03333333333333333
2 0.9324074074074075 0.06484375 0.07222222222222222 0.03802083333333333
4 0.5 0.21901041666666668 0.912962962962963 0.0328125
4 0.5055555555555555 0.3065104166666667 0.9388888888888889 0.03177083333333333
4 0.5046296296296297 0.43255208333333334 0.9185185185185185 0.03697916666666667
4 0.5083333333333333 0.4942708333333333 0.9296296296296296 0.029166666666666667
