2 0.049074074074074076 0.07005208333333333 0.0962962962962963 0.04739583333333333
7 0.5 0.06979166666666667 0.16111111111111112 0.051041666666666666
2 0.9314814814814815 0.06979166666666667 0.08703703703703704 0.051041666666666666
2 0.05925925925925926 0.5479166666666667 0.10925925925925926 0.06145833333333333
2 0.16898148148148148 0.5479166666666667 0.11018518518518519 0.06145833333333333
2 0.27870370370370373 0.5479166666666667 0.10925925925925926 0.06145833333333333
2 0.38842592592592595 0.5479166666666667 0.11018518518518519 0.06145833333333333
2 0.4981481481481482 0.5479166666666667 0.10925925925925926 0.06145833333333333
2 0.6078703703703704 0.5479166666666667 0.11018518518518519 0.06145833333333333
2 0.7175925925925926 0.5479166666666667 0.10925925925925926 0.06145833333333333
2 0.8273148148148148 0.5479166666666667 0.11018518518518519 0.06145833333333333
2 0.937037037037037 0.5479166666666667 0.10925925925925926 0.06145833333333333
2 0.11944444444444445 0.6197916666666666 0.1111111111111111 0.0625
2 0.37222222222222223 0.6197916666666666 0.1111111111111111 0.0625
2 0.6259259259259259 0.6197916666666666 0.1111111111111111 0.0625
2 0.8796296296296297 0.6197916666666666 0.1111111111111111 0.0625
2 0.11944444444444445 0.6958333333333333 0.1111111111111111 0.0625
2 0.37222222222222223 0.6958333333333333 0.1111111111111111 0.0625
2 0.6259259259259259 0.6958333333333333 0.1111111111111111 0.0625
2 0.8796296296296297 0.6958333333333333 0.1111111111111111 0.0625
2 0.11944444444444445 0.771875 0.1111111111111111 0.0625
2 0.37222222222222223 0.771875 0.1111111111111111 0.0625
2 0.6259259259259259 0.771875 0.1111111111111111 0.0625
3 0.5055555555555555 0.30625 0.48148148148148145 0.2708333333333333
