7 0.9268518518518518 0.065625 0.11666666666666667 0.030208333333333334
4 0.4634259259259259 0.37734375 0.8657407407407407 0.04635416666666667
2 0.07453703703703704 0.06536458333333334 0.08981481481481482 0.044270833333333336
2 0.20833333333333334 0.06458333333333334 0.07962962962962963 0.042708333333333334
2 0.324537037037037 0.06536458333333334 0.075 0.044270833333333336
7 0.1375 0.18671875 0.22314814814814815 0.03802083333333333
7 0.45416666666666666 0.1859375 0.3212962962962963 0.034375
7 0.10277777777777777 0.2799479166666667 0.14074074074074075 0.0359375
7 0.21388888888888888 0.3385416666666667 0.36666666666666664 0.023958333333333335
7 0.11296296296296296 0.4354166666666667 0.16296296296296298 0.021875
7 0.11666666666666667 0.5421875 0.09814814814814815 0.023958333333333335
7 0.22314814814814815 0.6075520833333333 0.29259259259259257 0.025520833333333333
7 0.2412037037037037 0.6455729166666667 0.41944444444444445 0.0265625
7 0.20925925925925926 0.6963541666666667 0.3611111111111111 0.023958333333333335
7 0.4949074074074074 0.8046875 0.9342592592592592 0.029166666666666667
4 0.46111111111111114 0.4744791666666667 0.8611111111111112 0.04791666666666667
0 0.050462962962962966 0.60703125 0.03981481481481482 0.025520833333333333
8 0.11898148148148148 0.5427083333333333 0.16203703703703703 0.042708333333333334
4 0.5009259259259259 0.7294270833333333 0.937037037037037 0.0265625
