2 0.10277777777777777 0.6671875 0.06111111111111111 0.034375
7 0.8467592592592592 0.8315104166666667 0.175 0.024479166666666666
7 0.17731481481481481 0.83046875 0.262037037037037 0.028645833333333332
2 0.0587962962962963 0.12578125 0.11574074074074074 0.0328125
2 0.175 0.12578125 0.11666666666666667 0.0328125
2 0.2916666666666667 0.12578125 0.11666666666666667 0.0328125
2 0.4083333333333333 0.12578125 0.11666666666666667 0.0328125
2 0.525 0.12578125 0.11666666666666667 0.0328125
2 0.6416666666666667 0.12578125 0.11666666666666667 0.0328125
2 0.7583333333333333 0.12578125 0.11666666666666667 0.0328125
2 0.875 0.12578125 0.11666666666666667 0.0328125
2 0.9666666666666667 0.12578125 0.06666666666666667 0.0328125
2 0.06712962962962964 0.07161458333333333 0.058333333333333334 0.0359375
7 0.42685185185185187 0.07083333333333333 0.562962962962963 0.036458333333333336
8 0.8449074074074074 0.8317708333333333 0.23796296296296296 0.04479166666666667
3 0.5009259259259259 0.48411458333333335 0.9148148148148149 0.2869791666666667
