7 0.4476851851851852 0.14765625 0.04537037037037037 0.022395833333333334
7 0.21064814814814814 0.19140625 0.2916666666666667 0.06510416666666667
7 0.16712962962962963 0.359375 0.2212962962962963 0.028125
2 0.4412037037037037 0.3575520833333333 0.058333333333333334 0.0328125
7 0.9282407407407407 0.14765625 0.04537037037037037 0.022395833333333334
7 0.7296296296296296 0.1921875 0.37222222222222223 0.06145833333333333
7 0.6504629629629629 0.35885416666666664 0.21574074074074073 0.03229166666666667
2 0.9217592592592593 0.3575520833333333 0.058333333333333334 0.0328125
7 0.4476851851851852 0.41796875 0.04537037037037037 0.022395833333333334
7 0.24953703703703703 0.46119791666666665 0.3638888888888889 0.058854166666666666
7 0.16712962962962963 0.6309895833333333 0.2101851851851852 0.0296875
2 0.4412037037037037 0.6278645833333333 0.058333333333333334 0.0328125
7 0.9282407407407407 0.41796875 0.04537037037037037 0.022395833333333334
7 0.7351851851851852 0.44583333333333336 0.37407407407407406 0.03333333333333333
7 0.6472222222222223 0.6299479166666667 0.2111111111111111 0.0296875
2 0.9217592592592593 0.6278645833333333 0.058333333333333334 0.0328125
7 0.4476851851851852 0.68828125 0.04537037037037037 0.022395833333333334
7 0.2023148148148148 0.73203125 0.26944444444444443 0.06510416666666667
7 0.17222222222222222 0.9002604166666667 0.22592592592592592 0.0265625
2 0.4412037037037037 0.8981770833333333 0.058333333333333334 0.0328125
7 0.9282407407407407 0.68828125 0.04537037037037037 0.022395833333333334
7 0.6875 0.7161458333333334 0.27870370370370373 0.03333333333333333
7 0.6486111111111111 0.90078125 0.21388888888888888 0.0265625
2 0.9217592592592593 0.8981770833333333 0.058333333333333334 0.0328125
2 0.06666666666666667 0.07083333333333333 0.05 0.03229166666666667
7 0.2462962962962963 0.07083333333333333 0.20185185185185187 0.036458333333333336
