2 0.06666666666666667 0.2125 0.08518518518518518 0.04791666666666667
7 0.2972222222222222 0.20130208333333333 0.3277777777777778 0.025520833333333333
7 0.17916666666666667 0.22682291666666668 0.09166666666666666 0.022395833333333334
2 0.1574074074074074 0.2565104166666667 0.08518518518518518 0.025520833333333333
7 0.24444444444444444 0.2565104166666667 0.07777777777777778 0.025520833333333333
2 0.33055555555555555 0.2565104166666667 0.08518518518518518 0.025520833333333333
7 0.8898148148148148 0.8997395833333334 0.06851851851851852 0.025520833333333333
7 0.12453703703703704 0.14192708333333334 0.09351851851851851 0.025520833333333333
7 0.37453703703703706 0.14192708333333334 0.06388888888888888 0.025520833333333333
7 0.624537037037037 0.14192708333333334 0.03981481481481482 0.025520833333333333
7 0.8740740740740741 0.14192708333333334 0.13148148148148148 0.025520833333333333
2 0.06898148148148148 0.0703125 0.05277777777777778 0.03125
2 0.9458333333333333 0.07057291666666667 0.04537037037037037 0.03697916666666667
7 0.33194444444444443 0.07083333333333333 0.3731481481481482 0.036458333333333336
3 0.5009259259259259 0.5723958333333333 0.9981481481481481 0.5864583333333333
