2 0.49953703703703706 0.2513020833333333 0.14537037037037037 0.08177083333333333
7 0.49953703703703706 0.32890625 0.15833333333333333 0.0296875
7 0.32083333333333336 0.35494791666666664 0.04537037037037037 0.022395833333333334
2 0.49953703703703706 0.4700520833333333 0.14537037037037037 0.08177083333333333
7 0.49907407407407406 0.54765625 0.26851851851851855 0.0296875
7 0.49953703703703706 0.5736979166666667 0.04537037037037037 0.022395833333333334
2 0.24953703703703703 0.7653645833333333 0.14537037037037037 0.08177083333333333
7 0.24814814814814815 0.8578125 0.29814814814814816 0.058333333333333334
7 0.24953703703703703 0.8950520833333333 0.04537037037037037 0.022395833333333334
2 0.749537037037037 0.7653645833333333 0.14537037037037037 0.08177083333333333
7 0.7490740740740741 0.84296875 0.17037037037037037 0.0296875
7 0.749537037037037 0.8690104166666667 0.04537037037037037 0.022395833333333334
7 0.24953703703703703 0.14192708333333334 0.10648148148148148 0.025520833333333333
7 0.7490740740740741 0.14192708333333334 0.08148148148148149 0.025520833333333333
2 0.06898148148148148 0.07083333333333333 0.058333333333333334 0.027083333333333334
7 0.35 0.07083333333333333 0.40925925925925927 0.036458333333333336
8 0.5046296296296297 0.6505208333333333 0.36666666666666664 0.04791666666666667
7 0.5018518518518519 0.65390625 0.3037037037037037 0.022395833333333334
