2 0.21805555555555556 0.3072916666666667 0.21944444444444444 0.12291666666666666
7 0.21851851851851853 0.3958333333333333 0.18518518518518517 0.025
7 0.21805555555555556 0.4265625 0.10833333333333334 0.021875
2 0.7805555555555556 0.3072916666666667 0.21851851851851853 0.12291666666666666
7 0.7805555555555556 0.39557291666666666 0.21296296296296297 0.025520833333333333
7 0.7805555555555556 0.4265625 0.10740740740740741 0.021875
7 0.49953703703703706 0.5161458333333333 0.2212962962962963 0.026041666666666668
7 0.4986111111111111 0.553125 0.10092592592592593 0.022916666666666665
2 0.07037037037037037 0.071875 0.06111111111111111 0.03125
7 0.25462962962962965 0.07083333333333333 0.21851851851851853 0.036458333333333336
7 0.4986111111111111 0.8901041666666667 0.11944444444444445 0.022916666666666665
8 0.49907407407407406 0.8885416666666667 0.8925925925925926 0.04791666666666667
