2 0.058333333333333334 0.14192708333333334 0.07777777777777778 0.0328125
7 0.8166666666666667 0.14036458333333332 0.13333333333333333 0.025520833333333333
7 0.3189814814814815 0.20546875 0.32685185185185184 0.028645833333333332
7 0.07777777777777778 0.21875 0.07777777777777778 0.04375
7 0.3212962962962963 0.23098958333333333 0.3314814814814815 0.022395833333333334
2 0.17916666666666667 0.2604166666666667 0.08611111111111111 0.026041666666666668
7 0.2657407407407407 0.2604166666666667 0.07777777777777778 0.026041666666666668
2 0.35185185185185186 0.2604166666666667 0.08518518518518518 0.026041666666666668
2 0.9412037037037037 0.2526041666666667 0.06759259259259259 0.03854166666666667
7 0.8337962962962963 0.25286458333333334 0.09907407407407408 0.022395833333333334
7 0.3976851851851852 0.31692708333333336 0.4842592592592593 0.028645833333333332
7 0.07777777777777778 0.3296875 0.07777777777777778 0.04375
7 0.31296296296296294 0.3421875 0.3148148148148148 0.021875
2 0.17916666666666667 0.37161458333333336 0.08611111111111111 0.025520833333333333
7 0.2657407407407407 0.37161458333333336 0.07777777777777778 0.025520833333333333
2 0.35185185185185186 0.37161458333333336 0.08518518518518518 0.025520833333333333
2 0.9412037037037037 0.36380208333333336 0.06759259259259259 0.03802083333333333
7 0.8064814814814815 0.3640625 0.1537037037037037 0.021875
7 0.5777777777777777 0.428125 0.8444444444444444 0.028125
7 0.07777777777777778 0.44114583333333335 0.07777777777777778 0.04375
7 0.3212962962962963 0.45338541666666665 0.3314814814814815 0.022395833333333334
2 0.17916666666666667 0.4830729166666667 0.08611111111111111 0.025520833333333333
7 0.2657407407407407 0.4830729166666667 0.07777777777777778 0.025520833333333333
2 0.35185185185185186 0.4830729166666667 0.08518518518518518 0.025520833333333333
2 0.9412037037037037 0.4752604166666667 0.06759259259259259 0.03802083333333333
7 0.825925925925926 0.47734375 0.11481481481481481 0.0265625
7 0.2 0.5393229166666667 0.08888888888888889 0.028645833333333332
7 0.07777777777777778 0.5526041666666667 0.07777777777777778 0.04375
7 0.2916666666666667 0.56484375 0.2722222222222222 0.022395833333333334
2 0.17916666666666667 0.5942708333333333 0.08611111111111111 0.026041666666666668
7 0.2657407407407407 0.5942708333333333 0.07777777777777778 0.026041666666666668
2 0.35185185185185186 0.5942708333333333 0.08518518518518518 0.026041666666666668
2 0.9412037037037037 0.5864583333333333 0.06759259259259259 0.03854166666666667
7 0.7953703703703704 0.58671875 0.17592592592592593 0.022395833333333334
7 0.2791666666666667 0.65078125 0.24722222222222223 0.028645833333333332
7 0.07777777777777778 0.6640625 0.07777777777777778 0.04375
7 0.31296296296296294 0.6763020833333333 0.3148148148148148 0.022395833333333334
2 0.17916666666666667 0.7057291666666666 0.08611111111111111 0.026041666666666668
7 0.25601851851851853 0.7057291666666666 0.058333333333333334 0.026041666666666668
2 0.33240740740740743 0.7057291666666666 0.08518518518518518 0.026041666666666668
2 0.9412037037037037 0.6979166666666666 0.06759259259259259 0.03854166666666667
7 0.7944444444444444 0.6989583333333333 0.17777777777777778 0.023958333333333335
7 0.30324074074074076 0.7622395833333333 0.2953703703703704 0.028645833333333332
7 0.07777777777777778 0.775 0.07777777777777778 0.04375
7 0.3212962962962963 0.7875 0.3314814814814815 0.021875
2 0.17916666666666667 0.8169270833333333 0.08611111111111111 0.025520833333333333
7 0.25601851851851853 0.8169270833333333 0.058333333333333334 0.025520833333333333
2 0.33240740740740743 0.8169270833333333 0.08518518518518518 0.025520833333333333
2 0.9412037037037037 0.8091145833333333 0.06759259259259259 0.03802083333333333
7 0.7509259259259259 0.81015625 0.26481481481481484 0.0234375
7 0.28888888888888886 0.8734375 0.26666666666666666 0.028125
7 0.07777777777777778 0.8864583333333333 0.07777777777777778 0.04375
7 0.31296296296296294 0.8986979166666667 0.3148148148148148 0.022395833333333334
2 0.17916666666666667 0.925 0.08611111111111111 0.01875
7 0.25601851851851853 0.925 0.058333333333333334 0.01875
2 0.33240740740740743 0.925 0.08518518518518518 0.01875
2 0.9412037037037037 0.91796875 0.06759259259259259 0.0328125
7 0.8106481481481481 0.9208333333333333 0.14537037037037037 0.022916666666666665
2 0.8930555555555556 0.87421875 0.1361111111111111 0.0765625
2 0.06805555555555555 0.07109375 0.06388888888888888 0.027604166666666666
7 0.33194444444444443 0.07083333333333333 0.3731481481481482 0.036458333333333336
