2 0.08009259259259259 0.22005208333333334 0.12129629629629629 0.06822916666666666
7 0.25092592592592594 0.20963541666666666 0.1814814814814815 0.025520833333333333
7 0.2050925925925926 0.23151041666666666 0.08981481481481482 0.018229166666666668
7 0.5009259259259259 0.28489583333333335 0.18888888888888888 0.023958333333333335
2 0.06805555555555555 0.41692708333333334 0.09722222222222222 0.0546875
7 0.2439814814814815 0.4041666666666667 0.21574074074074073 0.022916666666666665
7 0.23703703703703705 0.4296875 0.20185185185185187 0.021875
7 0.8152777777777778 0.41640625 0.1361111111111111 0.019270833333333334
7 0.9472222222222222 0.4161458333333333 0.06851851851851852 0.022916666666666665
7 0.24953703703703703 0.14192708333333334 0.10648148148148148 0.025520833333333333
7 0.7490740740740741 0.14192708333333334 0.08148148148148149 0.025520833333333333
2 0.07037037037037037 0.07109375 0.05925925925925926 0.027604166666666666
7 0.35 0.07083333333333333 0.40925925925925927 0.036458333333333336
8 0.5018518518518519 0.28854166666666664 0.3685185185185185 0.053125
