2 0.06805555555555555 0.26119791666666664 0.09722222222222222 0.0546875
7 0.27314814814814814 0.24661458333333333 0.2351851851851852 0.025520833333333333
7 0.21898148148148147 0.28151041666666665 0.12685185185185185 0.022395833333333334
7 0.9708333333333333 0.2630208333333333 0.019444444444444445 0.026041666666666668
2 0.06805555555555555 0.3424479166666667 0.09722222222222222 0.0546875
7 0.2490740740740741 0.32786458333333335 0.18703703703703703 0.025520833333333333
7 0.21898148148148147 0.36276041666666664 0.12685185185185185 0.022395833333333334
7 0.9708333333333333 0.34427083333333336 0.019444444444444445 0.026041666666666668
2 0.06805555555555555 0.4236979166666667 0.09722222222222222 0.0546875
7 0.24074074074074073 0.40911458333333334 0.17037037037037037 0.025520833333333333
7 0.21898148148148147 0.4440104166666667 0.12685185185185185 0.022395833333333334
7 0.9708333333333333 0.42552083333333335 0.019444444444444445 0.026041666666666668
2 0.06805555555555555 0.5049479166666667 0.09722222222222222 0.0546875
7 0.2564814814814815 0.4903645833333333 0.20185185185185187 0.025520833333333333
7 0.21898148148148147 0.5252604166666667 0.12685185185185185 0.022395833333333334
7 0.9708333333333333 0.5067708333333333 0.019444444444444445 0.026041666666666668
2 0.06805555555555555 0.5861979166666667 0.09722222222222222 0.0546875
7 0.22685185185185186 0.5716145833333334 0.1425925925925926 0.025520833333333333
7 0.21898148148148147 0.6065104166666667 0.12685185185185185 0.022395833333333334
7 0.9708333333333333 0.5880208333333333 0.019444444444444445 0.026041666666666668
7 0.500462962962963 0.6528645833333333 0.9990740740740741 0.04739583333333333
2 0.06805555555555555 0.7153645833333333 0.09722222222222222 0.0546875
7 0.26157407407407407 0.7010416666666667 0.21203703703703702 0.026041666666666668
7 0.19398148148148148 0.7359375 0.07685185185185185 0.021875
7 0.9125 0.7174479166666666 0.1361111111111111 0.025520833333333333
2 0.06805555555555555 0.7966145833333333 0.09722222222222222 0.0546875
7 0.2652777777777778 0.7822916666666667 0.21944444444444444 0.026041666666666668
7 0.19398148148148148 0.8171875 0.07685185185185185 0.021875
7 0.9125 0.7986979166666667 0.1361111111111111 0.025520833333333333
2 0.06805555555555555 0.8778645833333333 0.09722222222222222 0.0546875
7 0.2537037037037037 0.8635416666666667 0.1962962962962963 0.026041666666666668
7 0.19398148148148148 0.8984375 0.07685185185185185 0.021875
7 0.9125 0.8799479166666667 0.1361111111111111 0.025520833333333333
2 0.06805555555555555 0.9330729166666667 0.09722222222222222 0.0026041666666666665
7 0.2351851851851852 0.9330729166666667 0.15925925925925927 0.0026041666666666665
7 0.24953703703703703 0.14192708333333334 0.21388888888888888 0.025520833333333333
7 0.749537037037037 0.14192708333333334 0.10277777777777777 0.025520833333333333
2 0.06898148148148148 0.07083333333333333 0.05462962962962963 0.026041666666666668
7 0.28379629629629627 0.07083333333333333 0.27685185185185185 0.036458333333333336
