2 0.500462962962963 0.009635416666666667 0.9990740740740741 0.018229166666666668
3 0.500462962962963 0.16614583333333333 0.9990740740740741 0.2947916666666667
2 0.500462962962963 0.32317708333333334 0.9990740740740741 0.019270833333333334
2 0.9444444444444444 0.030729166666666665 0.06111111111111111 0.034375
2 0.5 0.42864583333333334 0.15555555555555556 0.0875
7 0.5 0.51796875 0.9 0.0328125
2 0.35324074074074074 0.5776041666666667 0.04351851851851852 0.023958333333333335
2 0.4263888888888889 0.5776041666666667 0.04351851851851852 0.023958333333333335
2 0.49953703703703706 0.5776041666666667 0.04351851851851852 0.023958333333333335
2 0.5722222222222222 0.5776041666666667 0.044444444444444446 0.023958333333333335
2 0.6449074074074074 0.5776041666666667 0.04351851851851852 0.023958333333333335
7 0.49953703703703706 0.6473958333333333 0.7675925925925926 0.053125
7 0.5023148148148148 0.7901041666666667 0.225 0.025
8 0.49907407407407406 0.7908854166666667 0.8462962962962963 0.06927083333333334
