7 0.28125 0.09444444444444444 0.5625 0.07222222222222222
7 0.28125 0.1310185185185185 0.5625 0.000925925925925926
2 0.28125 0.20462962962962963 0.5625 0.14629629629629629
7 0.28125 0.2777777777777778 0.5625 0.0
2 0.28125 0.3509259259259259 0.5625 0.14629629629629629
7 0.28125 0.42453703703703705 0.5625 0.000925925925925926
2 0.28125 0.4976851851851852 0.5625 0.14537037037037037
7 0.28125 0.5708333333333333 0.5625 0.000925925925925926
2 0.28125 0.6439814814814815 0.5625 0.14537037037037037
7 0.28125 0.7171296296296297 0.5625 0.000925925925925926
7 0.28098958333333335 0.7680555555555556 0.5598958333333334 0.09722222222222222
0 0.10520833333333333 0.8777777777777778 0.20833333333333334 0.12222222222222222
7 0.04505208333333333 0.9875 0.08802083333333334 0.09722222222222222
7 0.11588541666666667 0.9875 0.05364583333333333 0.09722222222222222
2 0.2877604166666667 0.999537037037037 0.18072916666666666 0.12129629629629629
0 0.28125 1.135185185185185 0.5625 0.14629629629629629
0 0.28125 1.2810185185185186 0.5625 0.14537037037037037
