7 0.17369791666666667 0.1259259259259259 0.15052083333333333 0.06481481481481481
2 0.03828125 0.12638888888888888 0.0765625 0.1361111111111111
2 0.53515625 0.1259259259259259 0.0546875 0.11666666666666667
7 0.28125 0.23287037037037037 0.51875 0.05277777777777778
7 0.053385416666666664 0.28888888888888886 0.06302083333333333 0.03888888888888889
7 0.5104166666666666 0.29212962962962963 0.06041666666666667 0.04537037037037037
7 0.37916666666666665 0.28888888888888886 0.07083333333333333 0.03888888888888889
7 0.4473958333333333 0.28888888888888886 0.065625 0.03888888888888889
7 0.2838541666666667 0.4060185185185185 0.5135416666666667 0.05277777777777778
7 0.058854166666666666 0.4615740740740741 0.06354166666666666 0.03981481481481482
7 0.5104166666666666 0.4648148148148148 0.06041666666666667 0.046296296296296294
7 0.37916666666666665 0.4615740740740741 0.07083333333333333 0.03981481481481482
7 0.4473958333333333 0.4615740740740741 0.065625 0.03981481481481482
7 0.28671875 0.5791666666666667 0.5078125 0.05277777777777778
7 0.06432291666666666 0.6347222222222222 0.06302083333333333 0.03981481481481482
7 0.5104166666666666 0.637962962962963 0.06041666666666667 0.046296296296296294
7 0.37916666666666665 0.6347222222222222 0.07083333333333333 0.03981481481481482
7 0.4473958333333333 0.6347222222222222 0.065625 0.03981481481481482
7 0.28932291666666665 0.7513888888888889 0.5026041666666666 0.05277777777777778
7 0.07447916666666667 0.8078703703703703 0.07291666666666667 0.03981481481481482
7 0.5104166666666666 0.8106481481481481 0.06041666666666667 0.04537037037037037
7 0.37916666666666665 0.8078703703703703 0.07083333333333333 0.03981481481481482
7 0.4473958333333333 0.8078703703703703 0.065625 0.03981481481481482
7 0.2921875 0.924537037037037 0.496875 0.05277777777777778
7 0.07994791666666666 0.9805555555555555 0.07239583333333334 0.03888888888888889
7 0.5104166666666666 0.9837962962962963 0.06041666666666667 0.04537037037037037
7 0.37916666666666665 0.9805555555555555 0.07083333333333333 0.03888888888888889
7 0.4473958333333333 0.9805555555555555 0.065625 0.03888888888888889
7 0.2947916666666667 1.0976851851851852 0.49166666666666664 0.05277777777777778
7 0.08541666666666667 1.1532407407407408 0.07291666666666667 0.03981481481481482
7 0.5104166666666666 1.1564814814814814 0.06041666666666667 0.046296296296296294
7 0.37916666666666665 1.1532407407407408 0.07083333333333333 0.03981481481481482
7 0.4473958333333333 1.1532407407407408 0.065625 0.03981481481481482
7 0.29765625 1.2708333333333333 0.4859375 0.05277777777777778
7 0.09088541666666666 1.3263888888888888 0.07239583333333334 0.03981481481481482
7 0.5104166666666666 1.3296296296296297 0.06041666666666667 0.046296296296296294
7 0.37916666666666665 1.3263888888888888 0.07083333333333333 0.03981481481481482
7 0.4473958333333333 1.3263888888888888 0.065625 0.03981481481481482
7 0.30026041666666664 1.4430555555555555 0.48072916666666665 0.05277777777777778
7 0.09635416666666667 1.4995370370370371 0.07291666666666667 0.03981481481481482
7 0.5104166666666666 1.5023148148148149 0.06041666666666667 0.04537037037037037
7 0.37916666666666665 1.4995370370370371 0.07083333333333333 0.03981481481481482
7 0.4473958333333333 1.4995370370370371 0.065625 0.03981481481481482
7 0.2947916666666667 1.6162037037037038 0.49166666666666664 0.05277777777777778
7 0.08541666666666667 1.6569444444444446 0.07291666666666667 0.008333333333333333
7 0.5104166666666666 1.6569444444444446 0.06041666666666667 0.008333333333333333
7 0.37916666666666665 1.6569444444444446 0.07083333333333333 0.008333333333333333
7 0.4473958333333333 1.6569444444444446 0.065625 0.008333333333333333
