7 0.17369791666666667 0.1259259259259259 0.15052083333333333 0.06481481481481481
2 0.03828125 0.12638888888888888 0.0765625 0.1361111111111111
2 0.53515625 0.1259259259259259 0.0546875 0.11666666666666667
7 0.09375 0.25277777777777777 0.1875 0.11666666666666667
7 0.28125 0.25277777777777777 0.1875 0.11666666666666667
7 0.46875 0.25277777777777777 0.1875 0.11666666666666667
7 0.13984375 0.3990740740740741 0.2796875 0.08518518518518518
7 0.08229166666666667 0.5611111111111111 0.042708333333333334 0.09074074074074075
7 0.08229166666666667 0.637962962962963 0.0625 0.06296296296296296
7 0.21484375 0.5611111111111111 0.021354166666666667 0.09074074074074075
7 0.21484375 0.637962962962963 0.0515625 0.06296296296296296
7 0.34713541666666664 0.5611111111111111 0.049479166666666664 0.09074074074074075
7 0.34713541666666664 0.637962962962963 0.06927083333333334 0.06296296296296296
7 0.4796875 0.5611111111111111 0.065625 0.09074074074074075
7 0.47942708333333334 0.637962962962963 0.049479166666666664 0.06296296296296296
7 0.06666666666666667 0.750462962962963 0.08958333333333333 0.04537037037037037
7 0.0796875 0.8671296296296296 0.115625 0.04537037037037037
7 0.024739583333333332 0.9263888888888889 0.005729166666666666 0.05277777777777778
7 0.07994791666666666 0.9949074074074075 0.11614583333333334 0.04537037037037037
7 0.0515625 1.0541666666666667 0.059375 0.05277777777777778
7 0.04609375 1.1226851851851851 0.0484375 0.04537037037037037
7 0.027864583333333335 1.1819444444444445 0.011979166666666667 0.05277777777777778
7 0.0703125 1.2504629629629629 0.096875 0.04537037037037037
7 0.28125 1.3324074074074075 0.51875 0.09814814814814815
