7 0.15520833333333334 0.1259259259259259 0.11354166666666667 0.06481481481481481
2 0.03828125 0.12638888888888888 0.0765625 0.1361111111111111
2 0.53515625 0.1259259259259259 0.0546875 0.11666666666666667
2 0.0546875 0.20555555555555555 0.065625 0.022222222222222223
2 0.0546875 0.31666666666666665 0.065625 0.11666666666666667
7 0.325 0.3162037037037037 0.43125 0.05277777777777778
2 0.0546875 0.475 0.065625 0.11666666666666667
7 0.325 0.47453703703703703 0.43125 0.05277777777777778
2 0.0546875 0.6333333333333333 0.065625 0.11666666666666667
7 0.325 0.6328703703703704 0.43125 0.05277777777777778
2 0.0546875 0.7916666666666666 0.065625 0.11666666666666667
7 0.325 0.7912037037037037 0.43125 0.05277777777777778
2 0.0546875 0.95 0.065625 0.11666666666666667
7 0.325 0.9495370370370371 0.43125 0.05277777777777778
2 0.0546875 1.1083333333333334 0.065625 0.11666666666666667
7 0.325 1.1078703703703703 0.43125 0.05277777777777778
2 0.0546875 1.2666666666666666 0.065625 0.11666666666666667
7 0.325 1.2662037037037037 0.43125 0.05277777777777778
2 0.0546875 1.425 0.065625 0.11666666666666667
7 0.325 1.424537037037037 0.43125 0.05277777777777778
2 0.0546875 1.5833333333333333 0.065625 0.11666666666666667
7 0.325 1.5828703703703704 0.43125 0.05277777777777778
2 0.19921875 0.2569444444444444 0.3984375 0.3972222222222222
2 0.04088541666666667 0.5143518518518518 0.03802083333333333 0.06759259259259259
7 0.12213541666666666 0.5143518518518518 0.08072916666666667 0.04537037037037037
2 0.04088541666666667 0.6337962962962963 0.03802083333333333 0.06759259259259259
7 0.12135416666666667 0.6337962962962963 0.07916666666666666 0.04537037037037037
2 0.04088541666666667 0.7532407407407408 0.03802083333333333 0.06759259259259259
7 0.10859375 0.7532407407407408 0.05364583333333333 0.04537037037037037
2 0.04088541666666667 0.8726851851851852 0.03802083333333333 0.06759259259259259
7 0.11171875 0.8726851851851852 0.059895833333333336 0.04537037037037037
2 0.04088541666666667 0.9921296296296296 0.03802083333333333 0.06759259259259259
7 0.10572916666666667 0.9921296296296296 0.04791666666666667 0.04537037037037037
2 0.04088541666666667 1.111574074074074 0.03802083333333333 0.06759259259259259
7 0.11328125 1.111574074074074 0.06302083333333333 0.04537037037037037
2 0.04088541666666667 1.2310185185185185 0.03802083333333333 0.06759259259259259
7 0.12760416666666666 1.2310185185185185 0.09166666666666666 0.04537037037037037
2 0.04088541666666667 1.350462962962963 0.03802083333333333 0.06759259259259259
7 0.12369791666666667 1.350462962962963 0.08385416666666666 0.04537037037037037
2 0.04088541666666667 1.4699074074074074 0.03802083333333333 0.06759259259259259
7 0.13307291666666668 1.4699074074074074 0.10260416666666666 0.04537037037037037
2 0.04088541666666667 1.589351851851852 0.03802083333333333 0.06759259259259259
7 0.10416666666666667 1.589351851851852 0.04479166666666667 0.04537037037037037
