2 0.07592592592592592 0.06822916666666666 0.07777777777777778 0.04375
2 0.07592592592592592 0.06822916666666666 0.07777777777777778 0.04375
2 0.825 0.06822916666666666 0.11666666666666667 0.07083333333333333
2 0.9416666666666667 0.06822916666666666 0.11666666666666667 0.07083333333333333
8 0.13240740740740742 0.7041666666666667 0.1925925925925926 0.042708333333333334
7 0.13703703703703704 0.7080729166666667 0.13333333333333333 0.016145833333333335
4 0.5 0.50234375 0.924074074074074 0.03802083333333333
4 0.5018518518518519 0.64140625 0.924074074074074 0.03802083333333333
7 0.5018518518518519 0.3859375 0.9092592592592592 0.052083333333333336
7 0.5041666666666667 0.25286458333333334 0.7861111111111111 0.06927083333333334
