7 0.5 0.13463541666666667 0.8722222222222222 0.0609375
8 0.44675925925925924 0.8182291666666667 0.6435185185185185 0.065625
7 0.44027777777777777 0.8169270833333333 0.1361111111111111 0.021354166666666667
5 0.13796296296296295 0.20104166666666667 0.08333333333333333 0.03958333333333333
5 0.13703703703703704 0.26458333333333334 0.05555555555555555 0.035416666666666666
5 0.1425925925925926 0.3375 0.06296296296296296 0.04479166666666667
5 0.1412037037037037 0.40286458333333336 0.05092592592592592 0.034895833333333334
5 0.13518518518518519 0.46875 0.05925925925925926 0.03958333333333333
5 0.14305555555555555 0.53359375 0.04722222222222222 0.030729166666666665
5 0.14305555555555555 0.6015625 0.05462962962962963 0.0375
5 0.1449074074074074 0.67109375 0.062037037037037036 0.0359375
5 0.1439814814814815 0.7346354166666667 0.06018518518518518 0.03697916666666667
