7 0.21015625 0.9962962962962963 0.3765625 0.1037037037037037
2 0.4315104166666667 1.0125 0.0328125 0.058333333333333334
7 0.496875 1.012037037037037 0.05416666666666667 0.046296296296296294
2 0.08645833333333333 1.1675925925925925 0.065625 0.11666666666666667
7 0.08645833333333333 1.2898148148148147 0.0625 0.07407407407407407
2 0.21614583333333334 1.1675925925925925 0.065625 0.11666666666666667
7 0.21614583333333334 1.2898148148148147 0.11875 0.07407407407407407
2 0.3458333333333333 1.1675925925925925 0.065625 0.11666666666666667
7 0.3458333333333333 1.2898148148148147 0.09166666666666666 0.07407407407407407
2 0.47552083333333334 1.1675925925925925 0.065625 0.11666666666666667
7 0.4752604166666667 1.2898148148148147 0.06197916666666667 0.07407407407407407
2 0.08645833333333333 1.462962962962963 0.065625 0.11666666666666667
7 0.08645833333333333 1.5851851851851853 0.07083333333333333 0.07407407407407407
