2 0.11805555555555555 0.16015625 0.08055555555555556 0.0328125
2 0.11805555555555555 0.22057291666666667 0.08055555555555556 0.0453125
2 0.11805555555555555 0.33828125 0.08055555555555556 0.0453125
2 0.11805555555555555 0.4049479166666667 0.08055555555555556 0.0453125
2 0.11805555555555555 0.47109375 0.08055555555555556 0.0453125
2 0.11805555555555555 0.5377604166666666 0.08055555555555556 0.0453125
2 0.11805555555555555 0.60390625 0.08055555555555556 0.0453125
2 0.11805555555555555 0.7221354166666667 0.08055555555555556 0.0453125
2 0.11805555555555555 0.78828125 0.08055555555555556 0.0453125
2 0.11805555555555555 0.8549479166666667 0.08055555555555556 0.0453125
2 0.11805555555555555 0.91640625 0.08055555555555556 0.0359375
2 0.9277777777777778 0.09609375 0.10925925925925926 0.07447916666666667
2 0.8550925925925926 0.22994791666666667 0.03981481481481482 0.025520833333333333
2 0.8560185185185185 0.2950520833333333 0.05648148148148148 0.027604166666666666
2 0.8597222222222223 0.40989583333333335 0.03796296296296296 0.03854166666666667
2 0.8587962962962963 0.47890625 0.05092592592592592 0.0234375
2 0.8662037037037037 0.5471354166666667 0.028703703703703703 0.025520833333333333
2 0.8587962962962963 0.6122395833333333 0.058333333333333334 0.03697916666666667
2 0.8574074074074074 0.6755208333333333 0.08148148148148149 0.030208333333333334
2 0.8694444444444445 0.7966145833333333 0.05740740740740741 0.027604166666666666
2 0.8712962962962963 0.8669270833333333 0.07592592592592592 0.03177083333333333
