2 0.19675925925925927 0.17447916666666666 0.06759259259259259 0.04895833333333333
7 0.1962962962962963 0.2203125 0.1685185185185185 0.03125
2 0.49953703703703706 0.17447916666666666 0.06759259259259259 0.04895833333333333
7 0.49953703703703706 0.2203125 0.24166666666666667 0.03125
2 0.8023148148148148 0.17447916666666666 0.06759259259259259 0.04895833333333333
7 0.8018518518518518 0.2203125 0.14814814814814814 0.03125
7 0.24305555555555555 0.3223958333333333 0.3731481481481482 0.03854166666666667
2 0.275 0.4140625 0.15555555555555556 0.08958333333333333
7 0.2726851851851852 0.49635416666666665 0.24351851851851852 0.059375
2 0.7268518518518519 0.41171875 0.1537037037037037 0.08489583333333334
7 0.7268518518518519 0.49635416666666665 0.24259259259259258 0.059375
7 0.2513888888888889 0.61171875 0.41203703703703703 0.0640625
2 0.2953703703703704 0.7203125 0.07592592592592592 0.042708333333333334
7 0.5472222222222223 0.7203125 0.3888888888888889 0.0875
7 0.2722222222222222 0.8841145833333334 0.4462962962962963 0.0453125
7 0.28888888888888886 0.07083333333333333 0.22777777777777777 0.036458333333333336
2 0.07268518518518519 0.07161458333333333 0.06944444444444445 0.0328125
2 0.9435185185185185 0.07135416666666666 0.06481481481481481 0.036458333333333336
