7 0.12407407407407407 0.13958333333333334 0.17222222222222222 0.035416666666666666
7 0.37546296296296294 0.14036458333333332 0.15462962962962962 0.0328125
7 0.6263888888888889 0.14244791666666667 0.13055555555555556 0.028645833333333332
7 0.8763888888888889 0.14088541666666668 0.1712962962962963 0.027604166666666666
7 0.14212962962962963 0.07083333333333333 0.2064814814814815 0.036458333333333336
7 0.38101851851851853 0.21666666666666667 0.43425925925925923 0.04791666666666667
7 0.6648148148148149 0.2833333333333333 0.1388888888888889 0.029166666666666667
7 0.09259259259259259 0.2828125 0.11851851851851852 0.027083333333333334
7 0.7453703703703703 0.37786458333333334 0.3055555555555556 0.03697916666666667
7 0.3787037037037037 0.87734375 0.1537037037037037 0.021354166666666667
7 0.6185185185185185 0.87890625 0.15555555555555556 0.021354166666666667
2 0.9365740740740741 0.49947916666666664 0.0712962962962963 0.036458333333333336
2 0.961574074074074 0.28515625 0.04537037037037037 0.018229166666666668
2 0.3990740740740741 0.28489583333333335 0.044444444444444446 0.017708333333333333
2 0.49907407407407406 0.2838541666666667 0.06666666666666667 0.03125
2 0.9439814814814815 0.06979166666666667 0.075 0.04479166666666667
2 0.0699074074074074 0.21458333333333332 0.06944444444444445 0.026041666666666668
