2 0.03828125 0.12638888888888888 0.0765625 0.1361111111111111
7 0.12447916666666667 0.1259259259259259 0.08541666666666667 0.06481481481481481
2 0.53515625 0.1259259259259259 0.0546875 0.11666666666666667
2 0.14166666666666666 0.41759259259259257 0.27291666666666664 0.42777777777777776
2 0.14166666666666666 0.36898148148148147 0.27291666666666664 0.33055555555555555
7 0.12265625 0.5828703703703704 0.19114583333333332 0.03981481481481482
2 0.24557291666666667 0.5828703703703704 0.0328125 0.058333333333333334
2 0.14166666666666666 0.41759259259259257 0.27291666666666664 0.42777777777777776
2 0.14166666666666666 0.41759259259259257 0.27291666666666664 0.42777777777777776
2 0.4203125 0.41759259259259257 0.27291666666666664 0.42777777777777776
7 0.40130208333333334 0.5828703703703704 0.19114583333333332 0.03981481481481482
2 0.52421875 0.5828703703703704 0.0328125 0.058333333333333334
2 0.4203125 0.41759259259259257 0.27291666666666664 0.42777777777777776
2 0.4203125 0.41759259259259257 0.27291666666666664 0.42777777777777776
2 0.14166666666666666 0.8555555555555555 0.27291666666666664 0.42777777777777776
7 0.12265625 1.0199074074074075 0.19114583333333332 0.03981481481481482
2 0.24557291666666667 1.0208333333333333 0.0328125 0.058333333333333334
2 0.14166666666666666 0.8555555555555555 0.27291666666666664 0.42777777777777776
2 0.14166666666666666 0.8555555555555555 0.27291666666666664 0.42777777777777776
2 0.4203125 0.8555555555555555 0.27291666666666664 0.42777777777777776
7 0.40130208333333334 1.0199074074074075 0.19114583333333332 0.03981481481481482
2 0.52421875 1.0208333333333333 0.0328125 0.058333333333333334
2 0.4203125 0.8555555555555555 0.27291666666666664 0.42777777777777776
2 0.4203125 0.8555555555555555 0.27291666666666664 0.42777777777777776
2 0.14166666666666666 1.2925925925925925 0.27291666666666664 0.42777777777777776
7 0.12265625 1.4578703703703704 0.19114583333333332 0.03981481481481482
2 0.24557291666666667 1.4578703703703704 0.0328125 0.058333333333333334
2 0.14166666666666666 1.2925925925925925 0.27291666666666664 0.42777777777777776
2 0.14166666666666666 1.2925925925925925 0.27291666666666664 0.42777777777777776
2 0.4203125 1.2925925925925925 0.27291666666666664 0.42777777777777776
7 0.40130208333333334 1.4578703703703704 0.19114583333333332 0.03981481481481482
2 0.52421875 1.4578703703703704 0.0328125 0.058333333333333334
2 0.4203125 1.2925925925925925 0.27291666666666664 0.42777777777777776
2 0.4203125 1.2925925925925925 0.27291666666666664 0.42777777777777776
2 0.14166666666666666 1.5888888888888888 0.27291666666666664 0.14444444444444443
2 0.14166666666666666 1.5888888888888888 0.27291666666666664 0.14444444444444443
2 0.14166666666666666 1.5888888888888888 0.27291666666666664 0.14444444444444443
2 0.4203125 1.5888888888888888 0.27291666666666664 0.14444444444444443
2 0.4203125 1.5888888888888888 0.27291666666666664 0.14444444444444443
2 0.4203125 1.5888888888888888 0.27291666666666664 0.14444444444444443
