7 0.15416666666666667 0.1259259259259259 0.26458333333333334 0.06481481481481481
7 0.09375 0.2550925925925926 0.1875 0.12129629629629629
2 0.09375 0.31342592592592594 0.1875 0.004629629629629629
7 0.28125 0.2550925925925926 0.1875 0.12129629629629629
2 0.28125 0.31342592592592594 0.1875 0.004629629629629629
7 0.46875 0.2550925925925926 0.1875 0.12129629629629629
2 0.46875 0.31342592592592594 0.1875 0.004629629629629629
2 0.07109375 0.44212962962962965 0.0984375 0.175
7 0.20052083333333334 0.44166666666666665 0.13125 0.06481481481481481
2 0.07109375 0.6652777777777777 0.0984375 0.175
7 0.16328125 0.6648148148148149 0.05677083333333333 0.06481481481481481
2 0.07109375 0.8875 0.0984375 0.175
7 0.23307291666666666 0.8875 0.19635416666666666 0.06388888888888888
