2 0.23796296296296296 0.06458333333333334 0.2814814814814815 0.036458333333333336
2 0.7662037037037037 0.06458333333333334 0.3212962962962963 0.036458333333333336
2 0.49953703703703706 0.12421875 0.787962962962963 0.0546875
4 0.5 0.20703125 0.8055555555555556 0.0703125
4 0.5 0.2838541666666667 0.8055555555555556 0.06979166666666667
2 0.5 0.37083333333333335 0.8055555555555556 0.04895833333333333
7 0.1259259259259259 0.4375 0.009259259259259259 0.021875
7 0.3037037037037037 0.4359375 0.2962962962962963 0.026041666666666668
7 0.1259259259259259 0.484375 0.009259259259259259 0.021875
7 0.29444444444444445 0.4828125 0.2777777777777778 0.026041666666666668
2 0.5 0.5395833333333333 0.8055555555555556 0.0875
2 0.500462962962963 0.9135416666666667 0.9990740740740741 0.041666666666666664
8 0.4981481481481482 0.3697916666666667 0.8055555555555556 0.04895833333333333
