2 0.9203703703703704 0.06354166666666666 0.08518518518518518 0.04791666666666667
7 0.45694444444444443 0.05807291666666667 0.8416666666666667 0.03697916666666667
7 0.3976851851851852 0.11614583333333334 0.7898148148148149 0.035416666666666666
7 0.8962962962962963 0.11901041666666666 0.1925925925925926 0.0484375
7 0.4976851851851852 0.16927083333333334 0.9898148148148148 0.04479166666666667
2 0.500462962962963 0.22682291666666668 0.9990740740740741 0.04635416666666667
7 0.3976851851851852 0.2755208333333333 0.7898148148148149 0.035416666666666666
8 0.8962962962962963 0.27838541666666666 0.1925925925925926 0.0484375
7 0.500462962962963 0.3138020833333333 0.9990740740740741 0.022395833333333334
8 0.500462962962963 0.35182291666666665 0.9990740740740741 0.04635416666666667
