2 0.03828125 0.12638888888888888 0.0765625 0.1361111111111111
7 0.1421875 0.1259259259259259 0.12083333333333333 0.06481481481481481
2 0.19947916666666668 0.2875 0.32083333333333336 0.1175925925925926
7 0.28125 0.4986111111111111 0.484375 0.2361111111111111
7 0.28098958333333335 0.7194444444444444 0.4921875 0.13518518518518519
2 0.5015625 0.8574074074074074 0.015625 0.14074074074074075
7 0.2643229166666667 0.8574074074074074 0.4234375 0.07037037037037037
2 0.5015625 1.0351851851851852 0.015625 0.14074074074074075
7 0.2643229166666667 1.0351851851851852 0.4234375 0.07037037037037037
2 0.5015625 1.212962962962963 0.015625 0.14074074074074075
7 0.2643229166666667 1.212962962962963 0.4234375 0.07037037037037037
2 0.07317708333333334 1.4282407407407407 0.06302083333333333 0.1398148148148148
7 0.1953125 1.4282407407407407 0.159375 0.1398148148148148
2 0.3255208333333333 1.4282407407407407 0.06354166666666666 0.1398148148148148
7 0.4473958333333333 1.4282407407407407 0.159375 0.1398148148148148
2 0.07317708333333334 1.5986111111111112 0.06302083333333333 0.125
7 0.1953125 1.5986111111111112 0.159375 0.125
2 0.3255208333333333 1.5986111111111112 0.06354166666666666 0.125
7 0.4473958333333333 1.5986111111111112 0.159375 0.125
2 0.04088541666666667 0.11296296296296296 0.08177083333333333 0.10925925925925926
7 0.11119791666666666 0.11296296296296296 0.058854166666666666 0.10925925925925926
2 0.04088541666666667 0.22314814814814815 0.08177083333333333 0.10925925925925926
7 0.13932291666666666 0.22314814814814815 0.11510416666666666 0.10925925925925926
2 0.04088541666666667 0.3337962962962963 0.08177083333333333 0.11018518518518519
7 0.13958333333333334 0.3337962962962963 0.115625 0.11018518518518519
2 0.04088541666666667 0.4439814814814815 0.08177083333333333 0.11018518518518519
7 0.14166666666666666 0.4439814814814815 0.11979166666666667 0.11018518518518519
2 0.04088541666666667 0.5546296296296296 0.08177083333333333 0.10925925925925926
7 0.1328125 0.5546296296296296 0.10208333333333333 0.10925925925925926
2 0.04088541666666667 0.6648148148148149 0.08177083333333333 0.10925925925925926
7 0.10911458333333333 0.6648148148148149 0.0546875 0.10925925925925926
2 0.04088541666666667 0.7754629629629629 0.08177083333333333 0.11018518518518519
7 0.15598958333333332 0.7754629629629629 0.1484375 0.11018518518518519
2 0.04088541666666667 0.8856481481481482 0.08177083333333333 0.11018518518518519
7 0.16744791666666667 0.8856481481481482 0.17135416666666667 0.11018518518518519
2 0.04088541666666667 0.9962962962962963 0.08177083333333333 0.10925925925925926
7 0.12265625 0.9962962962962963 0.08177083333333333 0.10925925925925926
2 0.04088541666666667 1.1064814814814814 0.08177083333333333 0.10925925925925926
7 0.11614583333333334 1.1064814814814814 0.06875 0.10925925925925926
