2 0.03828125 0.12638888888888888 0.0765625 0.1361111111111111
7 0.18880208333333334 0.1259259259259259 0.2140625 0.06481481481481481
2 0.19947916666666668 0.2875 0.32083333333333336 0.1175925925925926
7 0.28125 0.4986111111111111 0.484375 0.2361111111111111
7 0.28098958333333335 0.7194444444444444 0.4921875 0.13518518518518519
2 0.5015625 0.8574074074074074 0.015625 0.14074074074074075
7 0.2643229166666667 0.8574074074074074 0.4234375 0.07037037037037037
2 0.5015625 1.0351851851851852 0.015625 0.14074074074074075
7 0.2643229166666667 1.0351851851851852 0.4234375 0.07037037037037037
2 0.5015625 1.212962962962963 0.015625 0.14074074074074075
7 0.2643229166666667 1.212962962962963 0.4234375 0.07037037037037037
2 0.07317708333333334 1.4282407407407407 0.06302083333333333 0.1398148148148148
7 0.1953125 1.4282407407407407 0.159375 0.1398148148148148
2 0.3255208333333333 1.4282407407407407 0.06354166666666666 0.1398148148148148
7 0.4473958333333333 1.4282407407407407 0.159375 0.1398148148148148
2 0.07317708333333334 1.5986111111111112 0.06302083333333333 0.125
7 0.1953125 1.5986111111111112 0.159375 0.125
2 0.3255208333333333 1.5986111111111112 0.06354166666666666 0.125
7 0.4473958333333333 1.5986111111111112 0.159375 0.125
