2 0.03828125 0.12638888888888888 0.0765625 0.1361111111111111
7 0.1421875 0.1259259259259259 0.12083333333333333 0.06481481481481481
7 0.28098958333333335 0.2912037037037037 0.4921875 0.08796296296296297
2 0.5026041666666666 0.2912037037037037 0.04895833333333333 0.08796296296296297
7 0.21692708333333333 0.5467592592592593 0.32864583333333336 0.1398148148148148
7 0.4231770833333333 0.5467592592592593 0.049479166666666664 0.049074074074074076
2 0.4875 0.5467592592592593 0.04375 0.1398148148148148
7 0.21692708333333333 0.687962962962963 0.32864583333333336 0.14074074074074075
7 0.4231770833333333 0.687962962962963 0.049479166666666664 0.04814814814814815
2 0.4875 0.687962962962963 0.04375 0.14074074074074075
7 0.21197916666666666 0.8287037037037037 0.31875 0.14074074074074075
7 0.41848958333333336 0.8287037037037037 0.058854166666666666 0.04814814814814815
2 0.4875 0.8287037037037037 0.04375 0.14074074074074075
7 0.21145833333333333 0.9699074074074074 0.3177083333333333 0.1398148148148148
7 0.41770833333333335 0.9699074074074074 0.06041666666666667 0.049074074074074076
2 0.4875 0.9699074074074074 0.04375 0.1398148148148148
2 0.04088541666666667 0.11296296296296296 0.08177083333333333 0.10925925925925926
7 0.11119791666666666 0.11296296296296296 0.058854166666666666 0.10925925925925926
2 0.04088541666666667 0.22314814814814815 0.08177083333333333 0.10925925925925926
7 0.13932291666666666 0.22314814814814815 0.11510416666666666 0.10925925925925926
2 0.04088541666666667 0.3337962962962963 0.08177083333333333 0.11018518518518519
7 0.13958333333333334 0.3337962962962963 0.115625 0.11018518518518519
2 0.04088541666666667 0.4439814814814815 0.08177083333333333 0.11018518518518519
7 0.14166666666666666 0.4439814814814815 0.11979166666666667 0.11018518518518519
2 0.04088541666666667 0.5546296296296296 0.08177083333333333 0.10925925925925926
7 0.1328125 0.5546296296296296 0.10208333333333333 0.10925925925925926
2 0.04088541666666667 0.6648148148148149 0.08177083333333333 0.10925925925925926
7 0.10911458333333333 0.6648148148148149 0.0546875 0.10925925925925926
2 0.04088541666666667 0.7754629629629629 0.08177083333333333 0.11018518518518519
7 0.15598958333333332 0.7754629629629629 0.1484375 0.11018518518518519
2 0.04088541666666667 0.8856481481481482 0.08177083333333333 0.11018518518518519
7 0.16744791666666667 0.8856481481481482 0.17135416666666667 0.11018518518518519
2 0.04088541666666667 0.9962962962962963 0.08177083333333333 0.10925925925925926
7 0.12265625 0.9962962962962963 0.08177083333333333 0.10925925925925926
2 0.04088541666666667 1.1064814814814814 0.08177083333333333 0.10925925925925926
7 0.10911458333333333 1.1064814814814814 0.0546875 0.10925925925925926
