2 0.03828125 0.12638888888888888 0.0765625 0.1361111111111111
7 0.15286458333333333 0.1259259259259259 0.1421875 0.06481481481481481
7 0.28098958333333335 0.2912037037037037 0.4921875 0.08796296296296297
2 0.5026041666666666 0.2912037037037037 0.04895833333333333 0.08796296296296297
2 0.06536458333333334 0.6532407407407408 0.0765625 0.1361111111111111
7 0.20494791666666667 0.6263888888888889 0.059895833333333336 0.058333333333333334
7 0.27734375 0.6819444444444445 0.2046875 0.05277777777777778
2 0.06536458333333334 0.8541666666666666 0.0765625 0.1361111111111111
2 0.12682291666666667 0.8185185185185185 0.04114583333333333 0.06481481481481481
7 0.22552083333333334 0.8013888888888889 0.10104166666666667 0.058333333333333334
7 0.28828125 0.8569444444444444 0.2265625 0.05277777777777778
7 0.24921875 0.9097222222222222 0.1484375 0.05277777777777778
2 0.06536458333333334 1.0689814814814815 0.0765625 0.1361111111111111
2 0.12682291666666667 1.0337962962962963 0.04114583333333333 0.06574074074074074
2 0.12682291666666667 1.1041666666666667 0.04114583333333333 0.06574074074074074
7 0.23359375 1.0166666666666666 0.1171875 0.05925925925925926
7 0.29375 1.072685185185185 0.2375 0.05277777777777778
7 0.30625 1.1254629629629629 0.2625 0.05277777777777778
2 0.06536458333333334 1.2810185185185186 0.0765625 0.1361111111111111
7 0.21510416666666668 1.2319444444444445 0.08020833333333334 0.058333333333333334
7 0.35494791666666664 1.3106481481481482 0.35989583333333336 0.09907407407407408
2 0.06536458333333334 1.4893518518518518 0.0765625 0.1361111111111111
7 0.25364583333333335 1.4402777777777778 0.15729166666666666 0.058333333333333334
7 0.35494791666666664 1.5189814814814815 0.35989583333333336 0.09907407407407408
