2 0.06851851851851852 0.07109375 0.13518518518518519 0.0765625
7 0.27175925925925926 0.07083333333333333 0.25277777777777777 0.036458333333333336
4 0.49953703703703706 0.16380208333333332 0.875 0.049479166666666664
2 0.8935185185185185 0.16380208333333332 0.08703703703703704 0.049479166666666664
7 0.38564814814814813 0.30755208333333334 0.5842592592592593 0.07864583333333333
7 0.7523148148148148 0.30755208333333334 0.08796296296296297 0.027604166666666666
2 0.8666666666666667 0.30755208333333334 0.07777777777777778 0.07864583333333333
7 0.38564814814814813 0.38697916666666665 0.5842592592592593 0.07916666666666666
7 0.7523148148148148 0.38697916666666665 0.08796296296296297 0.027083333333333334
2 0.8666666666666667 0.38697916666666665 0.07777777777777778 0.07916666666666666
7 0.3768518518518518 0.4661458333333333 0.5666666666666667 0.07916666666666666
7 0.7439814814814815 0.4661458333333333 0.10462962962962963 0.027083333333333334
2 0.8666666666666667 0.4661458333333333 0.07777777777777778 0.07916666666666666
7 0.37592592592592594 0.5455729166666666 0.5648148148148148 0.07864583333333333
7 0.7425925925925926 0.5455729166666666 0.10740740740740741 0.027604166666666666
2 0.8666666666666667 0.5455729166666666 0.07777777777777778 0.07864583333333333
