2 0.03828125 0.12638888888888888 0.0765625 0.1361111111111111
7 0.11875 0.1259259259259259 0.07395833333333333 0.06481481481481481
2 0.05182291666666667 0.3263888888888889 0.0765625 0.2064814814814815
7 0.16171875 0.2537037037037037 0.1296875 0.06111111111111111
7 0.3125 0.31157407407407406 0.43125 0.05277777777777778
7 0.3125 0.36435185185185187 0.43125 0.05277777777777778
7 0.3125 0.4101851851851852 0.43125 0.03888888888888889
2 0.5348958333333333 0.31805555555555554 0.013541666666666667 0.041666666666666664
2 0.05182291666666667 0.5347222222222222 0.0765625 0.2064814814814815
7 0.16484375 0.462037037037037 0.1359375 0.06111111111111111
7 0.3125 0.5425925925925926 0.43125 0.09814814814814815
7 0.3125 0.6148148148148148 0.43125 0.046296296296296294
2 0.5348958333333333 0.5263888888888889 0.013541666666666667 0.041666666666666664
2 0.05182291666666667 0.7430555555555556 0.0765625 0.2064814814814815
7 0.1546875 0.6703703703703704 0.115625 0.06111111111111111
7 0.3125 0.7282407407407407 0.43125 0.05277777777777778
7 0.3125 0.7810185185185186 0.43125 0.05277777777777778
7 0.3125 0.8268518518518518 0.43125 0.03888888888888889
2 0.5348958333333333 0.7347222222222223 0.013541666666666667 0.041666666666666664
2 0.05182291666666667 0.9513888888888888 0.0765625 0.2064814814814815
7 0.16302083333333334 0.8787037037037037 0.13229166666666667 0.06111111111111111
7 0.3125 0.9365740740740741 0.43125 0.05277777777777778
7 0.3125 0.9893518518518518 0.43125 0.05277777777777778
7 0.3125 1.0351851851851852 0.43125 0.03888888888888889
2 0.5348958333333333 0.9430555555555555 0.013541666666666667 0.041666666666666664
2 0.05182291666666667 1.1597222222222223 0.0765625 0.2064814814814815
7 0.18046875 1.087037037037037 0.1671875 0.06111111111111111
7 0.3125 1.1449074074074075 0.43125 0.05277777777777778
7 0.3125 1.197685185185185 0.43125 0.05277777777777778
7 0.3125 1.2435185185185185 0.43125 0.03888888888888889
2 0.5348958333333333 1.1513888888888888 0.013541666666666667 0.041666666666666664
