7 0.14036458333333332 0.2523148148148148 0.04114583333333333 0.04537037037037037
7 0.42135416666666664 0.2523148148148148 0.08541666666666667 0.04537037037037037
2 0.03828125 0.12638888888888888 0.0765625 0.1361111111111111
2 0.5296875 0.1259259259259259 0.065625 0.11666666666666667
4 0.5296875 0.1259259259259259 0.065625 0.11666666666666667
7 0.325 0.12638888888888888 0.475 0.1361111111111111
2 0.04375 0.4083333333333333 0.04375 0.07777777777777778
7 0.1109375 0.3888888888888889 0.06875 0.03888888888888889
7 0.15859375 0.425 0.1640625 0.03333333333333333
2 0.10390625 0.6125 0.1640625 0.2916666666666667
7 0.36875 0.5310185185185186 0.321875 0.1287037037037037
2 0.04375 0.8944444444444445 0.04375 0.07777777777777778
7 0.1 0.875 0.046875 0.03888888888888889
7 0.15859375 0.9111111111111111 0.1640625 0.03333333333333333
2 0.10390625 1.0986111111111112 0.1640625 0.2916666666666667
7 0.36875 0.9916666666666667 0.321875 0.07777777777777778
2 0.04375 1.3805555555555555 0.04375 0.07777777777777778
7 0.10130208333333333 1.3611111111111112 0.049479166666666664 0.03888888888888889
7 0.15859375 1.3972222222222221 0.1640625 0.03333333333333333
2 0.10390625 1.55 0.1640625 0.2222222222222222
7 0.36875 1.5032407407407407 0.321875 0.1287037037037037
