2 0.500462962962963 0.22135416666666666 0.9990740740740741 0.3770833333333333
2 0.06851851851851852 0.07109375 0.13518518518518519 0.0765625
2 0.07777777777777778 0.5854166666666667 0.07777777777777778 0.04375
7 0.18981481481481483 0.5747395833333333 0.06851851851851852 0.022395833333333334
7 0.5583333333333333 0.5950520833333334 0.8055555555555556 0.018229166666666668
7 0.5 0.7309895833333333 0.9222222222222223 0.18177083333333333
8 0.5 0.8984375 0.9222222222222223 0.065625
7 0.5 0.4947916666666667 0.9222222222222223 0.08229166666666667
2 0.8930555555555556 0.41015625 0.1361111111111111 0.0765625
7 0.5074074074074074 0.8997395833333334 0.18333333333333332 0.0234375
