7 0.28125 0.13564814814814816 0.475 0.1361111111111111
7 0.4921875 0.13564814814814816 0.06354166666666666 0.1361111111111111
2 0.28125 0.3351851851851852 0.496875 0.24259259259259258
7 0.28125 0.5083333333333333 0.475 0.06481481481481481
7 0.28125 0.6087962962962963 0.475 0.05277777777777778
2 0.15130208333333334 0.9458333333333333 0.2484375 0.4861111111111111
2 0.15130208333333334 0.9458333333333333 0.2484375 0.4861111111111111
7 0.15130208333333334 1.1162037037037038 0.2484375 0.14537037037037037
2 0.41067708333333336 0.9458333333333333 0.2484375 0.4861111111111111
2 0.41067708333333336 0.9458333333333333 0.2484375 0.4861111111111111
7 0.41067708333333336 1.1162037037037038 0.2484375 0.14537037037037037
2 0.15130208333333334 1.4347222222222222 0.2484375 0.4527777777777778
2 0.15130208333333334 1.4347222222222222 0.2484375 0.4527777777777778
7 0.15130208333333334 1.6050925925925925 0.2484375 0.11203703703703703
2 0.41067708333333336 1.4347222222222222 0.2484375 0.4527777777777778
2 0.41067708333333336 1.4347222222222222 0.2484375 0.4527777777777778
7 0.41067708333333336 1.6050925925925925 0.2484375 0.11203703703703703
