7 0.5 0.07630208333333334 0.8444444444444444 0.0765625
7 0.875 0.07630208333333334 0.11296296296296296 0.0765625
2 0.5 0.18854166666666666 0.8833333333333333 0.13645833333333332
7 0.5 0.2859375 0.8444444444444444 0.036458333333333336
7 0.5 0.3424479166666667 0.8444444444444444 0.0296875
2 0.2689814814814815 0.53203125 0.44166666666666665 0.2734375
7 0.2689814814814815 0.6278645833333333 0.44166666666666665 0.08177083333333333
2 0.1259259259259259 0.4390625 0.11666666666666667 0.065625
2 0.7300925925925926 0.53203125 0.44166666666666665 0.2734375
2 0.7300925925925926 0.53203125 0.44166666666666665 0.2734375
7 0.7300925925925926 0.6278645833333333 0.44166666666666665 0.08177083333333333
2 0.2689814814814815 0.80703125 0.44166666666666665 0.2546875
7 0.2689814814814815 0.9028645833333333 0.44166666666666665 0.06302083333333333
2 0.1259259259259259 0.7234375 0.11666666666666667 0.065625
2 0.7300925925925926 0.80703125 0.44166666666666665 0.2546875
7 0.7300925925925926 0.9028645833333333 0.44166666666666665 0.06302083333333333
2 0.587037037037037 0.7234375 0.11666666666666667 0.065625
8 0.5 0.8796875 0.9222222222222223 0.065625
7 0.5055555555555555 0.8838541666666667 0.17962962962962964 0.04479166666666667
