2 0.07005208333333333 0.10694444444444444 0.1078125 0.09722222222222222
2 0.21067708333333332 0.10694444444444444 0.1078125 0.09722222222222222
2 0.35130208333333335 0.10694444444444444 0.1078125 0.09722222222222222
2 0.49192708333333335 0.10694444444444444 0.1078125 0.09722222222222222
7 0.07369791666666667 0.20416666666666666 0.14739583333333334 0.05277777777777778
7 0.23307291666666666 0.20416666666666666 0.10572916666666667 0.05277777777777778
7 0.3765625 0.20416666666666666 0.115625 0.05277777777777778
7 0.5065104166666666 0.20416666666666666 0.07864583333333333 0.05277777777777778
2 0.09973958333333334 0.4300925925925926 0.17239583333333333 0.30648148148148147
7 0.09635416666666667 0.6111111111111112 0.15208333333333332 0.03888888888888889
7 0.09635416666666667 0.6541666666666667 0.15208333333333332 0.03611111111111111
2 0.28072916666666664 0.4300925925925926 0.17291666666666666 0.30648148148148147
7 0.27734375 0.6111111111111112 0.1515625 0.03888888888888889
7 0.27734375 0.6541666666666667 0.1515625 0.03611111111111111
2 0.46145833333333336 0.4300925925925926 0.17291666666666666 0.30648148148148147
7 0.4583333333333333 0.6310185185185185 0.15208333333333332 0.0787037037037037
7 0.4583333333333333 0.6935185185185185 0.15208333333333332 0.037037037037037035
2 0.09973958333333334 0.9189814814814815 0.17239583333333333 0.30648148148148147
7 0.09635416666666667 1.1 0.15208333333333332 0.03888888888888889
7 0.09635416666666667 1.1430555555555555 0.15208333333333332 0.03611111111111111
2 0.28072916666666664 0.9189814814814815 0.17291666666666666 0.30648148148148147
7 0.27734375 1.1 0.1515625 0.03888888888888889
7 0.27734375 1.1430555555555555 0.1515625 0.03611111111111111
2 0.46145833333333336 0.9189814814814815 0.17291666666666666 0.30648148148148147
7 0.4583333333333333 1.1199074074074074 0.15208333333333332 0.0787037037037037
7 0.4583333333333333 1.1824074074074074 0.15208333333333332 0.037037037037037035
2 0.09973958333333334 1.4078703703703703 0.17239583333333333 0.30648148148148147
7 0.09635416666666667 1.6027777777777779 0.15208333333333332 0.06666666666666667
2 0.28072916666666664 1.4078703703703703 0.17291666666666666 0.30648148148148147
7 0.27734375 1.6027777777777779 0.1515625 0.06666666666666667
2 0.46145833333333336 1.4078703703703703 0.17291666666666666 0.30648148148148147
7 0.4583333333333333 1.6027777777777779 0.15208333333333332 0.06666666666666667
