2 0.21380208333333334 0.12083333333333333 0.0546875 0.09722222222222222
7 0.30807291666666664 0.12083333333333333 0.13385416666666666 0.09722222222222222
2 0.10052083333333334 0.30462962962962964 0.08229166666666667 0.14629629629629629
2 0.22057291666666667 0.30462962962962964 0.08177083333333333 0.14629629629629629
2 0.34088541666666666 0.30462962962962964 0.08177083333333333 0.14629629629629629
2 0.46119791666666665 0.30462962962962964 0.08177083333333333 0.14629629629629629
7 0.28098958333333335 0.4930555555555556 0.4661458333333333 0.058333333333333334
7 0.28098958333333335 0.5550925925925926 0.4661458333333333 0.03981481481481482
7 0.28098958333333335 1.0342592592592592 0.4661458333333333 0.8222222222222222
2 0.28098958333333335 1.5393518518518519 0.08177083333333333 0.14537037037037037
