2 0.07005208333333333 0.10694444444444444 0.1078125 0.09722222222222222
2 0.21067708333333332 0.10694444444444444 0.1078125 0.09722222222222222
2 0.35130208333333335 0.10694444444444444 0.1078125 0.09722222222222222
2 0.49192708333333335 0.10694444444444444 0.1078125 0.09722222222222222
7 0.07369791666666667 0.20416666666666666 0.14739583333333334 0.05277777777777778
7 0.23307291666666666 0.20416666666666666 0.10572916666666667 0.05277777777777778
7 0.3765625 0.20416666666666666 0.115625 0.05277777777777778
7 0.5065104166666666 0.20416666666666666 0.07864583333333333 0.05277777777777778
7 0.25546875 0.31527777777777777 0.4734375 0.07685185185185185
7 0.5161458333333333 0.31527777777777777 0.04791666666666667 0.04722222222222222
2 0.5484375 0.31527777777777777 0.013541666666666667 0.025
2 0.09817708333333333 0.5087962962962963 0.17447916666666666 0.3101851851851852
7 0.09817708333333333 0.6912037037037037 0.15989583333333332 0.03981481481481482
7 0.09817708333333333 0.7361111111111112 0.15989583333333332 0.05
2 0.28098958333333335 0.5087962962962963 0.17447916666666666 0.3101851851851852
7 0.28098958333333335 0.6912037037037037 0.15989583333333332 0.03981481481481482
7 0.28098958333333335 0.7361111111111112 0.15989583333333332 0.05
2 0.46380208333333334 0.5087962962962963 0.17447916666666666 0.3101851851851852
7 0.46380208333333334 0.6912037037037037 0.15989583333333332 0.03981481481481482
7 0.46380208333333334 0.7361111111111112 0.15989583333333332 0.05
7 0.25546875 0.8722222222222222 0.4734375 0.07777777777777778
7 0.5161458333333333 0.8717592592592592 0.04791666666666667 0.04722222222222222
2 0.5484375 0.8722222222222222 0.013541666666666667 0.024074074074074074
2 0.09817708333333333 1.0657407407407407 0.17447916666666666 0.30925925925925923
7 0.09817708333333333 1.2675925925925926 0.15989583333333332 0.07962962962962963
7 0.09817708333333333 1.3324074074074075 0.15989583333333332 0.05
2 0.28098958333333335 1.0657407407407407 0.17447916666666666 0.30925925925925923
7 0.28098958333333335 1.2675925925925926 0.15989583333333332 0.07962962962962963
7 0.28098958333333335 1.3324074074074075 0.15989583333333332 0.05
2 0.46380208333333334 1.0657407407407407 0.17447916666666666 0.30925925925925923
7 0.46380208333333334 1.2675925925925926 0.15989583333333332 0.07962962962962963
7 0.46380208333333334 1.3324074074074075 0.15989583333333332 0.05
7 0.25546875 1.4291666666666667 0.4734375 0.07685185185185185
7 0.5161458333333333 1.4291666666666667 0.04791666666666667 0.04722222222222222
2 0.5484375 1.4291666666666667 0.013541666666666667 0.025
2 0.09817708333333333 1.5643518518518518 0.17447916666666666 0.1935185185185185
2 0.28098958333333335 1.5643518518518518 0.17447916666666666 0.1935185185185185
2 0.46380208333333334 1.5643518518518518 0.17447916666666666 0.1935185185185185
