2 0.05925925925925926 0.06536458333333334 0.10925925925925926 0.06197916666666667
7 0.49907407407407406 0.06536458333333334 0.19814814814814816 0.0546875
2 0.0787037037037037 0.14270833333333333 0.10925925925925926 0.06145833333333333
7 0.5263888888888889 0.13333333333333333 0.7361111111111112 0.026041666666666668
7 0.5263888888888889 0.15546875 0.7361111111111112 0.018229166666666668
7 0.9041666666666667 0.14557291666666666 0.019444444444444445 0.025520833333333333
2 0.9384259259259259 0.14296875 0.09722222222222222 0.0546875
7 0.5662037037037037 0.19401041666666666 0.7935185185185185 0.025520833333333333
4 0.4263888888888889 0.903125 0.8046296296296296 0.04791666666666667
8 0.9143518518518519 0.903125 0.14537037037037037 0.04791666666666667
7 0.9203703703703704 0.90859375 0.09814814814814815 0.0265625
