2 0.051041666666666666 0.11851851851851852 0.04791666666666667 0.08518518518518518
4 0.24739583333333334 0.11851851851851852 0.3302083333333333 0.08518518518518518
2 0.4432291666666667 0.11851851851851852 0.04791666666666667 0.08518518518518518
7 0.51484375 0.11898148148148148 0.0671875 0.12129629629629629
2 0.06848958333333334 0.26481481481481484 0.08177083333333333 0.14629629629629629
7 0.3221354166666667 0.23796296296296296 0.4109375 0.046296296296296294
2 0.12630208333333334 0.2972222222222222 0.019270833333333334 0.03333333333333333
7 0.15572916666666667 0.2972222222222222 0.03125 0.02962962962962963
2 0.2015625 0.2972222222222222 0.01875 0.03333333333333333
7 0.23307291666666666 0.2972222222222222 0.03802083333333333 0.02962962962962963
2 0.06848958333333334 0.43657407407407406 0.08177083333333333 0.14537037037037037
7 0.3221354166666667 0.40925925925925927 0.4109375 0.046296296296296294
2 0.12630208333333334 0.4689814814814815 0.019270833333333334 0.03425925925925926
7 0.15572916666666667 0.4685185185185185 0.03125 0.02962962962962963
2 0.2015625 0.4689814814814815 0.01875 0.03425925925925926
7 0.23307291666666666 0.4685185185185185 0.03802083333333333 0.02962962962962963
2 0.06848958333333334 0.6078703703703704 0.08177083333333333 0.14537037037037037
7 0.3221354166666667 0.5810185185185185 0.4109375 0.04537037037037037
2 0.12630208333333334 0.6402777777777777 0.019270833333333334 0.03425925925925926
7 0.15572916666666667 0.6402777777777777 0.03125 0.030555555555555555
2 0.2015625 0.6402777777777777 0.01875 0.03425925925925926
7 0.23307291666666666 0.6402777777777777 0.03802083333333333 0.030555555555555555
2 0.06848958333333334 0.7796296296296297 0.08177083333333333 0.14629629629629629
7 0.3221354166666667 0.7523148148148148 0.4109375 0.04537037037037037
2 0.12630208333333334 0.8115740740740741 0.019270833333333334 0.03425925925925926
7 0.15208333333333332 0.812037037037037 0.023958333333333335 0.02962962962962963
2 0.19453125 0.8115740740740741 0.019270833333333334 0.03425925925925926
7 0.22239583333333332 0.812037037037037 0.03125 0.02962962962962963
2 0.06848958333333334 0.950925925925926 0.08177083333333333 0.14629629629629629
7 0.3221354166666667 0.924074074074074 0.4109375 0.046296296296296294
2 0.12630208333333334 0.9833333333333333 0.019270833333333334 0.03333333333333333
7 0.15208333333333332 0.9833333333333333 0.023958333333333335 0.02962962962962963
2 0.19453125 0.9833333333333333 0.019270833333333334 0.03333333333333333
7 0.22239583333333332 0.9833333333333333 0.03125 0.02962962962962963
2 0.06848958333333334 1.1226851851851851 0.08177083333333333 0.14537037037037037
7 0.3221354166666667 1.0953703703703703 0.4109375 0.046296296296296294
2 0.12630208333333334 1.1550925925925926 0.019270833333333334 0.03425925925925926
7 0.15052083333333333 1.1546296296296297 0.020833333333333332 0.02962962962962963
2 0.19140625 1.1550925925925926 0.019270833333333334 0.03425925925925926
7 0.22291666666666668 1.1546296296296297 0.03854166666666667 0.02962962962962963
2 0.06848958333333334 1.2939814814814814 0.08177083333333333 0.14537037037037037
7 0.3221354166666667 1.2671296296296297 0.4109375 0.04537037037037037
2 0.12630208333333334 1.3263888888888888 0.019270833333333334 0.03425925925925926
7 0.15052083333333333 1.3263888888888888 0.020833333333333332 0.030555555555555555
2 0.19140625 1.3263888888888888 0.019270833333333334 0.03425925925925926
7 0.21588541666666666 1.3263888888888888 0.024479166666666666 0.030555555555555555
2 0.06848958333333334 1.4657407407407408 0.08177083333333333 0.14629629629629629
7 0.3221354166666667 1.438425925925926 0.4109375 0.04537037037037037
2 0.12630208333333334 1.4976851851851851 0.019270833333333334 0.03425925925925926
7 0.15208333333333332 1.4981481481481482 0.023958333333333335 0.02962962962962963
2 0.19453125 1.4976851851851851 0.019270833333333334 0.03425925925925926
7 0.21901041666666668 1.4981481481481482 0.024479166666666666 0.02962962962962963
2 0.06848958333333334 1.5930555555555554 0.08177083333333333 0.058333333333333334
7 0.3221354166666667 1.6046296296296296 0.4109375 0.03518518518518519
