2 0.1087962962962963 0.3294270833333333 0.07314814814814814 0.04114583333333333
7 0.4810185185185185 0.32916666666666666 0.6712962962962963 0.026041666666666668
2 0.8717592592592592 0.3294270833333333 0.11018518518518519 0.04114583333333333
2 0.1087962962962963 0.39817708333333335 0.07314814814814814 0.04114583333333333
7 0.4810185185185185 0.39791666666666664 0.6712962962962963 0.026041666666666668
2 0.8717592592592592 0.39817708333333335 0.11018518518518519 0.04114583333333333
7 0.39537037037037037 0.4666666666666667 0.6203703703703703 0.026041666666666668
2 0.7791666666666667 0.4669270833333333 0.07314814814814814 0.04114583333333333
2 0.8777777777777778 0.4669270833333333 0.07222222222222222 0.04114583333333333
8 0.5 0.5614583333333333 0.8055555555555556 0.065625
2 0.49953703703703706 0.6630208333333333 0.14537037037037037 0.08229166666666667
7 0.5018518518518519 0.5591145833333333 0.25555555555555554 0.0265625
