2 0.500462962962963 0.15729166666666666 0.9990740740740741 0.31354166666666666
2 0.05925925925925926 0.033854166666666664 0.10925925925925926 0.06145833333333333
7 0.49953703703703706 0.03359375 0.14351851851851852 0.0546875
2 0.9273148148148148 0.033854166666666664 0.11018518518518519 0.06145833333333333
2 0.20601851851851852 0.15703125 0.31574074074074077 0.17760416666666667
7 0.6699074074074074 0.10885416666666667 0.562037037037037 0.029166666666666667
2 0.425 0.16067708333333333 0.07222222222222222 0.04114583333333333
2 0.44907407407407407 0.17421875 0.024074074074074074 0.0140625
7 0.6967592592592593 0.16067708333333333 0.4212962962962963 0.022395833333333334
2 0.9291666666666667 0.16067708333333333 0.04351851851851852 0.024479166666666666
7 0.45555555555555555 0.20286458333333332 0.13333333333333333 0.0328125
7 0.5861111111111111 0.20286458333333332 0.12777777777777777 0.0328125
2 0.27175925925925926 0.2799479166666667 0.049074074074074076 0.027604166666666666
7 0.35462962962962963 0.2799479166666667 0.10185185185185185 0.025520833333333333
2 0.5935185185185186 0.2799479166666667 0.04814814814814815 0.027604166666666666
7 0.6708333333333333 0.2799479166666667 0.09166666666666666 0.025520833333333333
7 0.14722222222222223 0.3416666666666667 0.17777777777777778 0.026041666666666668
2 0.25787037037037036 0.3416666666666667 0.03425925925925926 0.017708333333333333
7 0.48009259259259257 0.3416666666666667 0.03796296296296296 0.026041666666666668
2 0.5208333333333334 0.3416666666666667 0.03425925925925926 0.017708333333333333
7 0.8328703703703704 0.3416666666666667 0.18981481481481483 0.026041666666666668
7 0.4388888888888889 0.39557291666666666 0.8296296296296296 0.025520833333333333
2 0.04351851851851852 0.4265625 0.03888888888888889 0.021875
7 0.12638888888888888 0.42604166666666665 0.12685185185185185 0.016666666666666666
2 0.2462962962962963 0.4265625 0.03888888888888889 0.021875
7 0.29398148148148145 0.42604166666666665 0.05648148148148148 0.016666666666666666
2 0.9268518518518518 0.39609375 0.14629629629629629 0.0546875
7 0.4388888888888889 0.47760416666666666 0.8296296296296296 0.026041666666666668
2 0.04351851851851852 0.5083333333333333 0.03888888888888889 0.021875
7 0.12638888888888888 0.5083333333333333 0.12685185185185185 0.016666666666666666
2 0.2462962962962963 0.5083333333333333 0.03888888888888889 0.021875
7 0.29398148148148145 0.5083333333333333 0.05648148148148148 0.016666666666666666
2 0.9268518518518518 0.4783854166666667 0.14629629629629629 0.0546875
7 0.4388888888888889 0.5596354166666667 0.8296296296296296 0.025520833333333333
2 0.04351851851851852 0.590625 0.03888888888888889 0.021875
7 0.12638888888888888 0.5901041666666667 0.12685185185185185 0.016666666666666666
2 0.2462962962962963 0.590625 0.03888888888888889 0.021875
7 0.29398148148148145 0.5901041666666667 0.05648148148148148 0.016666666666666666
2 0.9268518518518518 0.56015625 0.14629629629629629 0.0546875
7 0.4388888888888889 0.6416666666666667 0.8296296296296296 0.026041666666666668
2 0.04351851851851852 0.6723958333333333 0.03888888888888889 0.021875
7 0.12638888888888888 0.6723958333333333 0.12685185185185185 0.016666666666666666
2 0.2462962962962963 0.6723958333333333 0.03888888888888889 0.021875
7 0.29398148148148145 0.6723958333333333 0.05648148148148148 0.016666666666666666
2 0.9268518518518518 0.6424479166666667 0.14629629629629629 0.0546875
7 0.4388888888888889 0.7236979166666667 0.8296296296296296 0.025520833333333333
2 0.04351851851851852 0.7546875 0.03888888888888889 0.021875
7 0.12638888888888888 0.7541666666666667 0.12685185185185185 0.016666666666666666
2 0.2462962962962963 0.7546875 0.03888888888888889 0.021875
7 0.29398148148148145 0.7541666666666667 0.05648148148148148 0.016666666666666666
2 0.9268518518518518 0.72421875 0.14629629629629629 0.0546875
7 0.4388888888888889 0.8057291666666667 0.8296296296296296 0.026041666666666668
2 0.04351851851851852 0.8364583333333333 0.03888888888888889 0.021875
7 0.12638888888888888 0.8364583333333333 0.12685185185185185 0.016666666666666666
2 0.2462962962962963 0.8364583333333333 0.03888888888888889 0.021875
7 0.29398148148148145 0.8364583333333333 0.05648148148148148 0.016666666666666666
2 0.9268518518518518 0.8065104166666667 0.14629629629629629 0.0546875
7 0.4388888888888889 0.8877604166666667 0.8296296296296296 0.025520833333333333
2 0.04351851851851852 0.91875 0.03888888888888889 0.021875
7 0.12638888888888888 0.9182291666666667 0.12685185185185185 0.016666666666666666
2 0.2462962962962963 0.91875 0.03888888888888889 0.021875
7 0.29398148148148145 0.9182291666666667 0.05648148148148148 0.016666666666666666
2 0.9268518518518518 0.88828125 0.14629629629629629 0.0546875
3 0.500462962962963 0.15807291666666667 0.9990740740740741 0.3140625
8 0.3314814814814815 0.27708333333333335 0.29259259259259257 0.04479166666666667
8 0.6416666666666667 0.2796875 0.25555555555555554 0.041666666666666664
