2 0.05925925925925926 0.06536458333333334 0.10925925925925926 0.06197916666666667
7 0.5 0.06536458333333334 0.12777777777777777 0.0546875
2 0.500462962962963 0.51640625 0.9990740740740741 0.8359375
2 0.07314814814814814 0.35130208333333335 0.14444444444444443 0.08177083333333333
7 0.2074074074074074 0.33671875 0.12407407407407407 0.0359375
7 0.19490740740740742 0.36953125 0.09907407407407408 0.0296875
2 0.9268518518518518 0.35130208333333335 0.14629629629629629 0.08177083333333333
2 0.2273148148148148 0.6106770833333334 0.14537037037037037 0.08177083333333333
7 0.49953703703703706 0.6106770833333334 0.20462962962962963 0.11510416666666666
2 0.7717592592592593 0.6106770833333334 0.14537037037037037 0.08177083333333333
7 0.500462962962963 0.70703125 0.9990740740740741 0.0359375
8 0.49907407407407406 0.78671875 0.21851851851851853 0.0546875
7 0.5074074074074074 0.79453125 0.15 0.027604166666666666
