2 0.05925925925925926 0.06536458333333334 0.10925925925925926 0.06197916666666667
7 0.5 0.06536458333333334 0.23333333333333334 0.0546875
7 0.9273148148148148 0.06536458333333334 0.11018518518518519 0.06197916666666667
7 0.49953703703703706 0.14427083333333332 0.950925925925926 0.09166666666666666
2 0.1824074074074074 0.2864583333333333 0.3074074074074074 0.1875
7 0.1824074074074074 0.2591145833333333 0.25925925925925924 0.10572916666666667
2 0.49953703703703706 0.2864583333333333 0.30648148148148147 0.1875
7 0.49953703703703706 0.2591145833333333 0.25833333333333336 0.10572916666666667
2 0.8166666666666667 0.2864583333333333 0.3074074074074074 0.1875
7 0.8166666666666667 0.2591145833333333 0.25925925925925924 0.10572916666666667
2 0.1824074074074074 0.4796875 0.3074074074074074 0.1875
7 0.1824074074074074 0.45208333333333334 0.25925925925925924 0.10520833333333333
2 0.49953703703703706 0.4796875 0.30648148148148147 0.1875
7 0.49953703703703706 0.45208333333333334 0.25833333333333336 0.10520833333333333
2 0.8166666666666667 0.4796875 0.3074074074074074 0.1875
7 0.8166666666666667 0.45208333333333334 0.25925925925925924 0.10520833333333333
2 0.1824074074074074 0.6723958333333333 0.3074074074074074 0.1875
7 0.1824074074074074 0.6450520833333333 0.25925925925925924 0.10572916666666667
2 0.49953703703703706 0.6723958333333333 0.30648148148148147 0.1875
7 0.49953703703703706 0.6450520833333333 0.25833333333333336 0.10572916666666667
2 0.8166666666666667 0.6723958333333333 0.3074074074074074 0.1875
7 0.8166666666666667 0.6450520833333333 0.25925925925925924 0.10572916666666667
2 0.1824074074074074 0.8153645833333333 0.3074074074074074 0.08697916666666666
7 0.1824074074074074 0.8221354166666667 0.25925925925925924 0.0734375
2 0.49953703703703706 0.8153645833333333 0.30648148148148147 0.08697916666666666
7 0.49953703703703706 0.8221354166666667 0.25833333333333336 0.0734375
2 0.8166666666666667 0.8153645833333333 0.3074074074074074 0.08697916666666666
7 0.8166666666666667 0.8221354166666667 0.25925925925925924 0.0734375
8 0.49907407407407406 0.8963541666666667 0.3648148148148148 0.04791666666666667
7 0.5 0.9013020833333333 0.11481481481481481 0.024479166666666666
