3 0.5027777777777778 0.3125 0.3055555555555556 0.16458333333333333
7 0.5009259259259259 0.4942708333333333 0.8574074074074074 0.11979166666666667
8 0.5055555555555555 0.6 0.3574074074074074 0.046875
7 0.5101851851851852 0.60234375 0.25 0.019270833333333334
8 0.2550925925925926 0.7979166666666667 0.49166666666666664 0.1
8 0.7513888888888889 0.7953125 0.4861111111111111 0.103125
2 0.09398148148148149 0.8817708333333333 0.13055555555555556 0.051041666666666666
2 0.29768518518518516 0.88125 0.10092592592592593 0.05625
2 0.5009259259259259 0.8854166666666666 0.10185185185185185 0.04791666666666667
2 0.7027777777777777 0.8828125 0.07962962962962963 0.042708333333333334
2 0.8842592592592593 0.8817708333333333 0.07962962962962963 0.036458333333333336
