7 0.48055555555555557 0.2721354166666667 0.8055555555555556 0.10677083333333333
8 0.48055555555555557 0.3802083333333333 0.8055555555555556 0.065625
8 0.48055555555555557 0.46770833333333334 0.8055555555555556 0.065625
7 0.48055555555555557 0.5572916666666666 0.8055555555555556 0.026041666666666668
4 0.48055555555555557 0.58515625 0.8055555555555556 0.0296875
7 0.48055555555555557 0.6127604166666667 0.8055555555555556 0.025520833333333333
4 0.4787037037037037 0.6403645833333333 0.8055555555555556 0.0296875
7 0.48055555555555557 0.6682291666666667 0.8055555555555556 0.026041666666666668
4 0.48055555555555557 0.6950520833333333 0.8055555555555556 0.0296875
8 0.48055555555555557 0.765625 0.8055555555555556 0.065625
7 0.35185185185185186 0.07083333333333333 0.17962962962962964 0.036458333333333336
2 0.06851851851851852 0.07109375 0.13518518518518519 0.0765625
2 0.19444444444444445 0.07083333333333333 0.11666666666666667 0.065625
7 0.19027777777777777 0.1421875 0.22870370370370371 0.065625
7 0.49907407407407406 0.1421875 0.1574074074074074 0.065625
7 0.8078703703703703 0.1421875 0.15648148148148147 0.065625
7 0.49907407407407406 0.3859375 0.34074074074074073 0.0375
7 0.48657407407407405 0.4671875 0.16018518518518518 0.030208333333333334
7 0.49212962962962964 0.7669270833333334 0.11574074074074074 0.04010416666666667
