7 0.28125 0.43796296296296294 0.475 0.09814814814814815
2 0.10520833333333333 0.6453703703703704 0.12291666666666666 0.21851851851851853
7 0.34270833333333334 0.5685185185185185 0.35208333333333336 0.06481481481481481
7 0.34270833333333334 0.637962962962963 0.35208333333333336 0.07407407407407407
2 0.10520833333333333 0.8666666666666667 0.12291666666666666 0.21851851851851853
7 0.34270833333333334 0.7898148148148149 0.35208333333333336 0.06481481481481481
7 0.34270833333333334 0.8592592592592593 0.35208333333333336 0.07407407407407407
2 0.10520833333333333 1.087962962962963 0.12291666666666666 0.21851851851851853
7 0.34270833333333334 1.0115740740740742 0.35208333333333336 0.06574074074074074
7 0.34270833333333334 1.0638888888888889 0.35208333333333336 0.03888888888888889
2 0.10520833333333333 1.3097222222222222 0.12291666666666666 0.21944444444444444
7 0.34270833333333334 1.2328703703703703 0.35208333333333336 0.06574074074074074
7 0.34270833333333334 1.285648148148148 0.35208333333333336 0.03981481481481482
2 0.10520833333333333 1.5027777777777778 0.12291666666666666 0.16111111111111112
7 0.34270833333333334 1.4546296296296297 0.35208333333333336 0.06481481481481481
7 0.34270833333333334 1.5069444444444444 0.35208333333333336 0.03981481481481482
7 0.18125 0.1259259259259259 0.06770833333333333 0.06481481481481481
2 0.03828125 0.12638888888888888 0.0765625 0.1361111111111111
2 0.109375 0.1259259259259259 0.065625 0.11666666666666667
7 0.09427083333333333 0.25277777777777777 0.11041666666666666 0.11666666666666667
7 0.28203125 0.25277777777777777 0.0765625 0.11666666666666667
7 0.4705729166666667 0.25277777777777777 0.13489583333333333 0.11666666666666667
