7 0.103125 0.4134259259259259 0.11875 0.049074074074074076
7 0.221875 0.4134259259259259 0.11875 0.049074074074074076
7 0.340625 0.4134259259259259 0.11875 0.049074074074074076
7 0.459375 0.4134259259259259 0.11875 0.049074074074074076
7 0.28125 1.2412037037037038 0.475 0.032407407407407406
7 0.28125 1.2083333333333333 0.475 0.03333333333333333
7 0.08828125 1.1671296296296296 0.0890625 0.049074074074074076
7 0.20703125 1.1671296296296296 0.1484375 0.049074074074074076
7 0.340625 1.1671296296296296 0.11875 0.049074074074074076
7 0.459375 1.1671296296296296 0.11875 0.049074074074074076
7 0.103125 1.1180555555555556 0.11875 0.049074074074074076
7 0.221875 1.1180555555555556 0.11875 0.049074074074074076
7 0.340625 1.1180555555555556 0.11875 0.049074074074074076
7 0.459375 1.1180555555555556 0.11875 0.049074074074074076
7 0.13567708333333334 0.1259259259259259 0.09635416666666667 0.06481481481481481
2 0.0546875 0.1259259259259259 0.065625 0.11666666666666667
2 0.53515625 0.1259259259259259 0.0546875 0.11666666666666667
7 0.1578125 0.25277777777777777 0.05625 0.11666666666666667
7 0.40546875 0.25277777777777777 0.0765625 0.11666666666666667
