7 0.48055555555555557 0.23359375 0.8055555555555556 0.0296875
7 0.48055555555555557 0.2830729166666667 0.8055555555555556 0.025520833333333333
7 0.48055555555555557 0.33098958333333334 0.8055555555555556 0.0703125
7 0.3175925925925926 0.4041666666666667 0.47962962962962963 0.026041666666666668
4 0.7203703703703703 0.40286458333333336 0.32592592592592595 0.0296875
7 0.48055555555555557 0.49661458333333336 0.8055555555555556 0.0703125
7 0.2574074074074074 0.5697916666666667 0.3592592592592593 0.026041666666666668
4 0.6601851851851852 0.5684895833333333 0.4462962962962963 0.0296875
7 0.2902777777777778 0.6401041666666667 0.425 0.026041666666666668
7 0.48055555555555557 0.69921875 0.8055555555555556 0.0921875
0 0.48055555555555557 0.7890625 0.8055555555555556 0.04375
8 0.48055555555555557 0.87265625 0.8055555555555556 0.0359375
7 0.35185185185185186 0.07083333333333333 0.17962962962962964 0.036458333333333336
2 0.06851851851851852 0.07109375 0.13518518518518519 0.0765625
2 0.19444444444444445 0.07083333333333333 0.11666666666666667 0.065625
7 0.19027777777777777 0.1421875 0.15833333333333333 0.065625
7 0.49907407407407406 0.1421875 0.1574074074074074 0.065625
7 0.8078703703703703 0.1421875 0.10462962962962963 0.065625
