7 0.5 0.14479166666666668 0.9222222222222223 0.027083333333333334
7 0.5 0.20130208333333333 0.9222222222222223 0.025520833333333333
7 0.5 0.22708333333333333 0.9222222222222223 0.026041666666666668
4 0.5 0.25494791666666666 0.9222222222222223 0.0296875
7 0.5 0.30442708333333335 0.9222222222222223 0.025520833333333333
7 0.5 0.3302083333333333 0.9222222222222223 0.026041666666666668
4 0.5 0.3580729166666667 0.9222222222222223 0.0296875
7 0.5 0.42942708333333335 0.9222222222222223 0.025520833333333333
7 0.5 0.81328125 0.9222222222222223 0.0484375
2 0.2689814814814815 0.90546875 0.45092592592592595 0.04114583333333333
8 0.7300925925925926 0.90546875 0.45092592592592595 0.04114583333333333
7 0.19027777777777777 0.07083333333333333 0.30277777777777776 0.036458333333333336
8 0.2671296296296296 0.9044270833333333 0.45092592592592595 0.04114583333333333
