7 0.48055555555555557 0.2721354166666667 0.8055555555555556 0.10677083333333333
8 0.48055555555555557 0.3802083333333333 0.8055555555555556 0.065625
8 0.48055555555555557 0.46770833333333334 0.8055555555555556 0.065625
7 0.35185185185185186 0.07083333333333333 0.17962962962962964 0.036458333333333336
2 0.06851851851851852 0.07109375 0.13518518518518519 0.0765625
2 0.19444444444444445 0.07083333333333333 0.11666666666666667 0.065625
7 0.19027777777777777 0.1421875 0.22870370370370371 0.065625
7 0.49907407407407406 0.1421875 0.1574074074074074 0.065625
7 0.8078703703703703 0.1421875 0.15648148148148147 0.065625
7 0.49027777777777776 0.3815104166666667 0.30462962962962964 0.022395833333333334
7 0.48657407407407405 0.4700520833333333 0.14166666666666666 0.024479166666666666
