7 0.17222222222222222 0.07083333333333333 0.09074074074074075 0.036458333333333336
7 0.31157407407407406 0.07083333333333333 0.16203703703703703 0.036458333333333336
2 0.06388888888888888 0.07109375 0.1259259259259259 0.0765625
7 0.2490740740740741 0.14192708333333334 0.07407407407407407 0.025520833333333333
7 0.7490740740740741 0.14192708333333334 0.07037037037037037 0.025520833333333333
2 0.09722222222222222 0.2296875 0.11666666666666667 0.065625
2 0.09722222222222222 0.2296875 0.11666666666666667 0.065625
7 0.37824074074074077 0.21145833333333333 0.3675925925925926 0.03229166666666667
7 0.5069444444444444 0.23880208333333333 0.625 0.022395833333333334
7 0.8902777777777777 0.23880208333333333 0.09166666666666666 0.022395833333333334
7 0.5254629629629629 0.2609375 0.6620370370370371 0.021875
7 0.9083333333333333 0.2609375 0.05555555555555555 0.021875
7 0.4703703703703704 0.29192708333333334 0.5518518518518518 0.025520833333333333
7 0.8532407407407407 0.29192708333333334 0.16574074074074074 0.025520833333333333
2 0.09722222222222222 0.38125 0.11666666666666667 0.065625
2 0.09722222222222222 0.38125 0.11666666666666667 0.065625
7 0.33194444444444443 0.36354166666666665 0.275 0.03229166666666667
7 0.5069444444444444 0.390625 0.625 0.021875
7 0.8902777777777777 0.390625 0.09166666666666666 0.021875
7 0.5407407407407407 0.4127604166666667 0.6925925925925925 0.022395833333333334
7 0.9236111111111112 0.4127604166666667 0.025 0.022395833333333334
7 0.4703703703703704 0.4440104166666667 0.5518518518518518 0.025520833333333333
7 0.8532407407407407 0.4440104166666667 0.16574074074074074 0.025520833333333333
2 0.09722222222222222 0.5333333333333333 0.11666666666666667 0.065625
2 0.09722222222222222 0.5333333333333333 0.11666666666666667 0.065625
7 0.42592592592592593 0.5153645833333333 0.46296296296296297 0.03177083333333333
7 0.5069444444444444 0.5424479166666667 0.625 0.022395833333333334
7 0.8902777777777777 0.5424479166666667 0.09166666666666666 0.022395833333333334
7 0.5277777777777778 0.56484375 0.6666666666666666 0.022395833333333334
7 0.9106481481481481 0.56484375 0.05092592592592592 0.022395833333333334
7 0.5287037037037037 0.5958333333333333 0.6685185185185185 0.026041666666666668
2 0.09722222222222222 0.6854166666666667 0.11666666666666667 0.065625
2 0.09722222222222222 0.6854166666666667 0.11666666666666667 0.065625
7 0.3962962962962963 0.6674479166666667 0.40370370370370373 0.03177083333333333
7 0.5069444444444444 0.69453125 0.625 0.022395833333333334
7 0.8902777777777777 0.69453125 0.09166666666666666 0.022395833333333334
7 0.5254629629629629 0.7169270833333333 0.6620370370370371 0.022395833333333334
7 0.9083333333333333 0.7169270833333333 0.05555555555555555 0.022395833333333334
7 0.5287037037037037 0.7479166666666667 0.6685185185185185 0.026041666666666668
2 0.09722222222222222 0.83515625 0.11666666666666667 0.0609375
2 0.09722222222222222 0.83515625 0.11666666666666667 0.0609375
7 0.33194444444444443 0.8192708333333333 0.275 0.03229166666666667
7 0.4976851851851852 0.8466145833333333 0.6064814814814815 0.022395833333333334
7 0.8805555555555555 0.8466145833333333 0.1111111111111111 0.022395833333333334
7 0.5430555555555555 0.86171875 0.6972222222222222 0.0078125
7 0.9259259259259259 0.86171875 0.020370370370370372 0.0078125
2 0.8930555555555556 0.80546875 0.1361111111111111 0.0765625
2 0.11666666666666667 0.096875 0.15555555555555556 0.0875
7 0.4083333333333333 0.17447916666666666 0.7388888888888889 0.026041666666666668
7 0.4083333333333333 0.20026041666666666 0.7388888888888889 0.025520833333333333
7 0.3888888888888889 0.2859375 0.7 0.065625
7 0.3888888888888889 0.3515625 0.7 0.065625
7 0.3888888888888889 0.4171875 0.7 0.065625
7 0.3888888888888889 0.50625 0.7 0.065625
7 0.3888888888888889 0.571875 0.7 0.065625
7 0.3888888888888889 0.6375 0.7 0.065625
7 0.3888888888888889 0.703125 0.7 0.065625
8 0.3888888888888889 0.7921875 0.7 0.065625
