7 0.096875 0.1259259259259259 0.051041666666666666 0.06481481481481481
7 0.17526041666666667 0.1259259259259259 0.09114583333333333 0.06481481481481481
2 0.03567708333333333 0.12638888888888888 0.07135416666666666 0.1361111111111111
7 0.14010416666666667 0.2523148148148148 0.041666666666666664 0.04537037037037037
7 0.42135416666666664 0.2523148148148148 0.03958333333333333 0.04537037037037037
2 0.0546875 0.4083333333333333 0.065625 0.11666666666666667
2 0.0546875 0.4083333333333333 0.065625 0.11666666666666667
7 0.21276041666666667 0.37592592592592594 0.20677083333333332 0.05740740740740741
7 0.28515625 0.42453703703703705 0.3515625 0.03981481481481482
7 0.50078125 0.42453703703703705 0.0515625 0.03981481481481482
7 0.2955729166666667 0.4638888888888889 0.3723958333333333 0.03888888888888889
7 0.5109375 0.4638888888888889 0.03125 0.03888888888888889
7 0.26458333333333334 0.5189814814814815 0.3104166666666667 0.04537037037037037
7 0.47994791666666664 0.5189814814814815 0.09322916666666667 0.04537037037037037
2 0.0546875 0.6777777777777778 0.065625 0.11666666666666667
2 0.0546875 0.6777777777777778 0.065625 0.11666666666666667
7 0.18671875 0.6462962962962963 0.1546875 0.05740740740740741
7 0.28515625 0.6944444444444444 0.3515625 0.03888888888888889
7 0.50078125 0.6944444444444444 0.0515625 0.03888888888888889
7 0.30416666666666664 0.7337962962962963 0.38958333333333334 0.03981481481481482
7 0.51953125 0.7337962962962963 0.0140625 0.03981481481481482
7 0.26458333333333334 0.7893518518518519 0.3104166666666667 0.04537037037037037
7 0.47994791666666664 0.7893518518518519 0.09322916666666667 0.04537037037037037
2 0.0546875 0.9481481481481482 0.065625 0.11666666666666667
2 0.0546875 0.9481481481481482 0.065625 0.11666666666666667
7 0.23958333333333334 0.9162037037037037 0.2604166666666667 0.05648148148148148
7 0.28515625 0.9643518518518519 0.3515625 0.03981481481481482
7 0.50078125 0.9643518518518519 0.0515625 0.03981481481481482
7 0.296875 1.0041666666666667 0.375 0.03981481481481482
7 0.5122395833333333 1.0041666666666667 0.028645833333333332 0.03981481481481482
7 0.29739583333333336 1.0592592592592593 0.37604166666666666 0.046296296296296294
2 0.0546875 1.2185185185185186 0.065625 0.11666666666666667
2 0.0546875 1.2185185185185186 0.065625 0.11666666666666667
7 0.22291666666666668 1.186574074074074 0.22708333333333333 0.05648148148148148
7 0.28515625 1.2347222222222223 0.3515625 0.03981481481481482
7 0.50078125 1.2347222222222223 0.0515625 0.03981481481481482
7 0.2955729166666667 1.274537037037037 0.3723958333333333 0.03981481481481482
7 0.5109375 1.274537037037037 0.03125 0.03981481481481482
7 0.29739583333333336 1.3296296296296297 0.37604166666666666 0.046296296296296294
2 0.0546875 1.4847222222222223 0.065625 0.10833333333333334
2 0.0546875 1.4847222222222223 0.065625 0.10833333333333334
7 0.18671875 1.4564814814814815 0.1546875 0.05740740740740741
7 0.2799479166666667 1.5050925925925926 0.3411458333333333 0.03981481481481482
7 0.4953125 1.5050925925925926 0.0625 0.03981481481481482
7 0.30546875 1.5319444444444446 0.3921875 0.013888888888888888
7 0.5208333333333334 1.5319444444444446 0.011458333333333333 0.013888888888888888
2 0.50234375 1.4319444444444445 0.0765625 0.1361111111111111
