2 0.49907407407407406 0.1421875 0.19444444444444445 0.109375
7 0.41203703703703703 0.23333333333333334 0.09074074074074075 0.036458333333333336
7 0.5509259259259259 0.23333333333333334 0.16296296296296298 0.036458333333333336
8 0.5 0.33489583333333334 0.6611111111111111 0.057291666666666664
8 0.49907407407407406 0.4234375 0.6759259259259259 0.065625
7 0.49953703703703706 0.496875 0.6805555555555556 0.053125
8 0.49953703703703706 0.5739583333333333 0.6805555555555556 0.07395833333333333
7 0.36342592592592593 0.6614583333333334 0.21388888888888888 0.07395833333333333
7 0.6574074074074074 0.6614583333333334 0.17037037037037037 0.07395833333333333
7 0.500462962962963 0.9015625 0.9990740740740741 0.065625
