7 0.0828125 0.1259259259259259 0.121875 0.06481481481481481
7 0.09375 0.2550925925925926 0.1875 0.12129629629629629
2 0.09375 0.31342592592592594 0.1875 0.004629629629629629
7 0.28125 0.2550925925925926 0.1875 0.12129629629629629
2 0.28125 0.31342592592592594 0.1875 0.004629629629629629
7 0.46875 0.2550925925925926 0.1875 0.12129629629629629
2 0.46875 0.31342592592592594 0.1875 0.004629629629629629
2 0.07109375 0.44212962962962965 0.0984375 0.175
7 0.20286458333333332 0.44166666666666665 0.1359375 0.06481481481481481
2 0.07109375 0.6652777777777777 0.0984375 0.175
7 0.20833333333333334 0.6648148148148149 0.146875 0.06481481481481481
2 0.07109375 0.8875 0.0984375 0.175
7 0.19713541666666667 0.8875 0.12447916666666667 0.06388888888888888
2 0.07109375 1.110648148148148 0.0984375 0.175
7 0.20546875 1.1101851851851852 0.14114583333333333 0.06481481481481481
2 0.07109375 1.3337962962962964 0.0984375 0.175
7 0.19635416666666666 1.3333333333333333 0.12291666666666666 0.06481481481481481
2 0.07109375 1.5041666666666667 0.0984375 0.06944444444444445
7 0.21744791666666666 1.5314814814814814 0.16510416666666666 0.014814814814814815
