7 0.2921875 1.0185185185185186 0.540625 0.1037037037037037
2 0.08645833333333333 1.1675925925925925 0.065625 0.11666666666666667
7 0.08645833333333333 1.2898148148148147 0.0625 0.07407407407407407
2 0.21614583333333334 1.1675925925925925 0.065625 0.11666666666666667
7 0.21614583333333334 1.2898148148148147 0.11875 0.07407407407407407
2 0.3458333333333333 1.1675925925925925 0.065625 0.11666666666666667
7 0.3458333333333333 1.2898148148148147 0.09166666666666666 0.07407407407407407
2 0.47552083333333334 1.1675925925925925 0.065625 0.11666666666666667
7 0.4752604166666667 1.2898148148148147 0.06197916666666667 0.07407407407407407
2 0.08645833333333333 1.462962962962963 0.065625 0.11666666666666667
7 0.08645833333333333 1.5851851851851853 0.036458333333333336 0.07407407407407407
2 0.21614583333333334 1.462962962962963 0.065625 0.11666666666666667
7 0.21614583333333334 1.5851851851851853 0.07083333333333333 0.07407407407407407
