7 0.15364583333333334 0.1259259259259259 0.14375 0.06481481481481481
2 0.03828125 0.12638888888888888 0.0765625 0.1361111111111111
7 0.042708333333333334 0.23287037037037037 0.041666666666666664 0.05277777777777778
7 0.15078125 0.2824074074074074 0.2578125 0.046296296296296294
7 0.28125 0.38935185185185184 0.5625 0.08425925925925926
7 0.09557291666666666 0.5356481481481481 0.14739583333333334 0.05277777777777778
7 0.08072916666666667 0.5851851851851851 0.11770833333333333 0.046296296296296294
7 0.0796875 0.7152777777777778 0.115625 0.05277777777777778
7 0.1015625 0.7643518518518518 0.159375 0.04537037037037037
7 0.09192708333333334 0.8939814814814815 0.14010416666666667 0.05277777777777778
7 0.1578125 0.9435185185185185 0.271875 0.046296296296296294
7 0.28125 1.050462962962963 0.5625 0.08425925925925926
7 0.08671875 1.1967592592592593 0.1296875 0.05277777777777778
7 0.11510416666666666 1.2462962962962962 0.18645833333333334 0.046296296296296294
7 0.05078125 1.3763888888888889 0.0578125 0.05277777777777778
7 0.05963541666666667 1.425462962962963 0.07552083333333333 0.04537037037037037
7 0.08255208333333333 1.5550925925925927 0.12135416666666667 0.05277777777777778
7 0.16510416666666666 1.6046296296296296 0.2864583333333333 0.046296296296296294
