2 0.12916666666666668 0.18009259259259258 0.04375 0.12129629629629629
7 0.26484375 0.18009259259259258 0.1734375 0.08981481481481482
2 0.0515625 0.41759259259259257 0.034375 0.06111111111111111
7 0.1125 0.41712962962962963 0.0875 0.08981481481481482
2 0.0515625 0.5555555555555556 0.034375 0.06111111111111111
7 0.10677083333333333 0.5550925925925926 0.07604166666666666 0.08981481481481482
2 0.0515625 0.6925925925925925 0.034375 0.06111111111111111
7 0.10364583333333334 0.6921296296296297 0.06979166666666667 0.08981481481481482
2 0.0515625 0.8305555555555556 0.034375 0.06111111111111111
7 0.146875 0.8300925925925926 0.15625 0.08981481481481482
7 0.5518229166666667 0.1259259259259259 0.021354166666666667 0.06481481481481481
2 0.49765625 0.12638888888888888 0.0765625 0.1361111111111111
7 0.5177083333333333 0.25092592592592594 0.08958333333333333 0.06481481481481481
7 0.5177083333333333 1.6134259259259258 0.08958333333333333 0.04537037037037037
7 0.5177083333333333 0.9268518518518518 0.08958333333333333 0.06481481481481481
