7 0.13229166666666667 0.1259259259259259 0.10104166666666667 0.06481481481481481
2 0.03828125 0.12638888888888888 0.0765625 0.1361111111111111
7 0.0875 0.2625 0.13125 0.05277777777777778
0 0.51875 0.262037037037037 0.04375 0.07777777777777778
7 0.28125 0.3726851851851852 0.5625 0.08425925925925926
7 0.05625 0.5189814814814815 0.06875 0.05277777777777778
7 0.165625 0.5685185185185185 0.2875 0.046296296296296294
0 0.51875 0.5416666666666666 0.04375 0.07777777777777778
7 0.04583333333333333 0.6986111111111111 0.04791666666666667 0.05277777777777778
7 0.2359375 0.7476851851851852 0.428125 0.04537037037037037
7 0.28125 0.8546296296296296 0.5625 0.08518518518518518
7 0.1328125 1.0013888888888889 0.221875 0.05277777777777778
7 0.1140625 1.050462962962963 0.184375 0.04537037037037037
7 0.05625 1.1800925925925927 0.06875 0.05277777777777778
7 0.1375 1.2296296296296296 0.23125 0.046296296296296294
0 0.51875 1.2027777777777777 0.04375 0.07777777777777778
7 0.04583333333333333 1.3597222222222223 0.04791666666666667 0.05277777777777778
7 0.1953125 1.4087962962962963 0.346875 0.04537037037037037
