7 0.28098958333333335 0.750462962962963 0.5130208333333334 0.05277777777777778
7 0.06979166666666667 0.8175925925925925 0.08854166666666667 0.046296296296296294
7 0.28098958333333335 1.4300925925925927 0.5130208333333334 0.05277777777777778
7 0.06979166666666667 1.4976851851851851 0.08854166666666667 0.04537037037037037
7 0.24166666666666667 0.1259259259259259 0.31979166666666664 0.06481481481481481
2 0.03828125 0.12638888888888888 0.0765625 0.1361111111111111
2 0.53515625 0.1259259259259259 0.0546875 0.11666666666666667
2 0.21875 0.11666666666666667 0.4375 0.23333333333333334
7 0.21875 0.3138888888888889 0.4375 0.11666666666666667
2 0.03828125 0.4305555555555556 0.0328125 0.11666666666666667
7 0.23515625 0.4300925925925926 0.2734375 0.04537037037037037
7 0.39921875 0.4305555555555556 0.0328125 0.11666666666666667
2 0.03828125 0.5472222222222223 0.0328125 0.11666666666666667
7 0.240625 0.5467592592592593 0.284375 0.04537037037037037
7 0.4046875 0.5472222222222223 0.021875 0.11666666666666667
2 0.03828125 0.6638888888888889 0.0328125 0.11666666666666667
7 0.240625 0.663425925925926 0.284375 0.04537037037037037
7 0.4046875 0.6638888888888889 0.021875 0.11666666666666667
2 0.03828125 0.7805555555555556 0.0328125 0.11666666666666667
7 0.240625 0.7800925925925926 0.284375 0.04537037037037037
7 0.4046875 0.7805555555555556 0.021875 0.11666666666666667
2 0.03828125 0.8972222222222223 0.0328125 0.11666666666666667
7 0.240625 0.8967592592592593 0.284375 0.04537037037037037
7 0.4046875 0.8972222222222223 0.021875 0.11666666666666667
2 0.03828125 1.0138888888888888 0.0328125 0.11666666666666667
7 0.240625 1.013425925925926 0.284375 0.04537037037037037
7 0.4046875 1.0138888888888888 0.021875 0.11666666666666667
2 0.03828125 1.1305555555555555 0.0328125 0.11666666666666667
7 0.240625 1.1300925925925926 0.284375 0.04537037037037037
7 0.4046875 1.1305555555555555 0.021875 0.11666666666666667
2 0.03828125 1.2472222222222222 0.0328125 0.11666666666666667
7 0.240625 1.2467592592592593 0.284375 0.04537037037037037
7 0.4046875 1.2472222222222222 0.021875 0.11666666666666667
2 0.03828125 1.363888888888889 0.0328125 0.11666666666666667
7 0.240625 1.3634259259259258 0.284375 0.04537037037037037
7 0.4046875 1.363888888888889 0.021875 0.11666666666666667
2 0.03828125 1.4805555555555556 0.0328125 0.11666666666666667
7 0.240625 1.4800925925925925 0.284375 0.04537037037037037
7 0.4046875 1.4805555555555556 0.021875 0.11666666666666667
7 0.21875 1.6111111111111112 0.4375 0.1
