7 0.15286458333333333 0.1259259259259259 0.1421875 0.06481481481481481
2 0.03828125 0.12638888888888888 0.0765625 0.1361111111111111
2 0.21875 0.11666666666666667 0.4375 0.23333333333333334
7 0.21875 0.3138888888888889 0.4375 0.11666666666666667
2 0.03828125 0.4305555555555556 0.0328125 0.11666666666666667
7 0.25703125 0.4300925925925926 0.3171875 0.04537037037037037
2 0.03828125 0.5472222222222223 0.0328125 0.11666666666666667
7 0.25703125 0.5467592592592593 0.3171875 0.04537037037037037
2 0.03828125 0.6638888888888889 0.0328125 0.11666666666666667
7 0.25703125 0.663425925925926 0.3171875 0.04537037037037037
2 0.03828125 0.7805555555555556 0.0328125 0.11666666666666667
7 0.25703125 0.7800925925925926 0.3171875 0.04537037037037037
2 0.03828125 0.8972222222222223 0.0328125 0.11666666666666667
7 0.25703125 0.8967592592592593 0.3171875 0.04537037037037037
2 0.03828125 1.0138888888888888 0.0328125 0.11666666666666667
7 0.25703125 1.013425925925926 0.3171875 0.04537037037037037
2 0.03828125 1.1305555555555555 0.0328125 0.11666666666666667
7 0.25703125 1.1300925925925926 0.3171875 0.04537037037037037
2 0.03828125 1.2472222222222222 0.0328125 0.11666666666666667
7 0.25703125 1.2467592592592593 0.3171875 0.04537037037037037
2 0.03828125 1.363888888888889 0.0328125 0.11666666666666667
7 0.25703125 1.3634259259259258 0.3171875 0.04537037037037037
2 0.03828125 1.4805555555555556 0.0328125 0.11666666666666667
7 0.25703125 1.4800925925925925 0.3171875 0.04537037037037037
7 0.21875 1.5819444444444444 0.4375 0.041666666666666664
