7 0.49953703703703706 0.14765625 0.6583333333333333 0.0328125
2 0.5 0.17473958333333334 0.9222222222222223 0.0067708333333333336
2 0.49953703703703706 0.29270833333333335 0.6101851851851852 0.21770833333333334
7 0.5 0.47578125 0.9222222222222223 0.1484375
7 0.15324074074074073 0.7794270833333333 0.22870370370370371 0.022395833333333334
7 0.26851851851851855 0.8067708333333333 0.17592592592592593 0.036458333333333336
8 0.24953703703703703 0.9015625 0.49722222222222223 0.065625
8 0.750462962962963 0.9015625 0.49907407407407406 0.065625
7 0.18055555555555555 0.07083333333333333 0.2833333333333333 0.036458333333333336
2 0.9513888888888888 0.07083333333333333 0.09722222222222222 0.065625
