7 0.49953703703703706 0.0625 0.4935185185185185 0.03229166666666667
7 0.49907407407407406 0.09322916666666667 0.22962962962962963 0.029166666666666667
7 0.22870370370370371 0.16979166666666667 0.42962962962962964 0.029166666666666667
7 0.2712962962962963 0.2296875 0.5055555555555555 0.028125
7 0.37453703703703706 0.26953125 0.7175925925925926 0.028645833333333332
7 0.19305555555555556 0.32369791666666664 0.3490740740740741 0.0359375
7 0.4185185185185185 0.39088541666666665 0.8018518518518518 0.09635416666666667
7 0.17407407407407408 0.47942708333333334 0.3055555555555556 0.0328125
7 0.4023148148148148 0.5197916666666667 0.7657407407407407 0.028125
7 0.2324074074074074 0.57421875 0.4222222222222222 0.033854166666666664
7 0.41805555555555557 0.6270833333333333 0.7935185185185185 0.058333333333333334
7 0.25324074074074077 0.7005208333333334 0.4675925925925926 0.036458333333333336
7 0.42824074074074076 0.7682291666666666 0.8212962962962963 0.090625
7 0.5032407407407408 0.8955729166666667 0.2175925925925926 0.033854166666666664
6 0.9041666666666667 0.24791666666666667 0.1527777777777778 0.04791666666666667
6 0.9125 0.37213541666666666 0.1675925925925926 0.049479166666666664
6 0.9041666666666667 0.4973958333333333 0.16203703703703703 0.04895833333333333
6 0.9064814814814814 0.6059895833333333 0.15925925925925927 0.0515625
6 0.9074074074074074 0.7479166666666667 0.14629629629629629 0.05
8 0.5009259259259259 0.8934895833333333 0.9981481481481481 0.0703125
