8 0.49953703703703706 0.8963541666666667 0.9027777777777778 0.06145833333333333
7 0.49953703703703706 0.14088541666666668 0.9027777777777778 0.049479166666666664
7 0.49953703703703706 0.20598958333333334 0.9027777777777778 0.08072916666666667
7 0.49953703703703706 0.2674479166666667 0.9027777777777778 0.0421875
7 0.49953703703703706 0.32864583333333336 0.9027777777777778 0.08020833333333334
7 0.49953703703703706 0.38046875 0.9027777777777778 0.0234375
7 0.49953703703703706 0.4036458333333333 0.9027777777777778 0.022916666666666665
7 0.49953703703703706 0.4265625 0.9027777777777778 0.022916666666666665
7 0.49953703703703706 0.44947916666666665 0.9027777777777778 0.022916666666666665
7 0.49953703703703706 0.4859375 0.9027777777777778 0.05
7 0.49953703703703706 0.53203125 0.9027777777777778 0.0421875
7 0.49953703703703706 0.5778645833333333 0.9027777777777778 0.049479166666666664
7 0.49953703703703706 0.65234375 0.9027777777777778 0.09947916666666666
7 0.13055555555555556 0.07083333333333333 0.18333333333333332 0.036458333333333336
