2 0.5680555555555555 0.35442708333333334 0.6805555555555556 0.3828125
7 0.4898148148148148 0.36432291666666666 0.4425925925925926 0.0546875
7 0.4898148148148148 0.40546875 0.4425925925925926 0.0546875
2 0.0824074074074074 0.63671875 0.08703703703703704 0.0359375
7 0.8597222222222223 0.63671875 0.20277777777777778 0.03802083333333333
7 0.2587962962962963 0.63671875 0.18796296296296297 0.03802083333333333
2 0.0824074074074074 0.709375 0.08703703703703704 0.035416666666666666
7 0.9472222222222222 0.709375 0.027777777777777776 0.0375
7 0.2490740740740741 0.709375 0.1685185185185185 0.0375
2 0.0824074074074074 0.78203125 0.08703703703703704 0.0359375
7 0.8402777777777778 0.78203125 0.24166666666666667 0.03802083333333333
7 0.2726851851851852 0.78203125 0.21574074074074073 0.03802083333333333
2 0.12731481481481483 0.878125 0.058333333333333334 0.040625
7 0.12777777777777777 0.91640625 0.14444444444444443 0.0359375
2 0.37546296296296294 0.8796875 0.058333333333333334 0.04375
2 0.6236111111111111 0.8796875 0.058333333333333334 0.04375
2 0.8708333333333333 0.8796875 0.058333333333333334 0.04375
7 0.13055555555555556 0.07083333333333333 0.18333333333333332 0.036458333333333336
2 0.8430555555555556 0.07057291666666667 0.058333333333333334 0.033854166666666664
2 0.9458333333333333 0.07213541666666666 0.025 0.034895833333333334
