4 0.0125 0.03958333333333333 0.023148148148148147 0.013541666666666667
2 0.7930555555555555 0.915625 0.0824074074074074 0.0375
2 0.875462962962963 0.915625 0.0824074074074074 0.0375
2 0.9583333333333334 0.915625 0.08333333333333333 0.0375
7 0.4930555555555556 0.053125 0.8416666666666667 0.040625
2 0.03611111111111111 0.053125 0.06296296296296296 0.035416666666666666
2 0.9634259259259259 0.053125 0.07314814814814814 0.040625
2 0.056018518518518516 0.10494791666666667 0.11018518518518519 0.06302083333333333
2 0.16712962962962963 0.10494791666666667 0.11203703703703703 0.06302083333333333
2 0.2791666666666667 0.10494791666666667 0.11203703703703703 0.06302083333333333
4 0.5555555555555556 0.10494791666666667 0.4166666666666667 0.04635416666666667
2 0.7222222222222222 0.10494791666666667 0.08333333333333333 0.04635416666666667
2 0.8319444444444445 0.10494791666666667 0.11203703703703703 0.06302083333333333
2 0.9439814814814815 0.10494791666666667 0.11203703703703703 0.06302083333333333
2 0.500462962962963 0.13567708333333334 0.9990740740740741 0.0015625
8 0.5097222222222222 0.8153645833333333 0.5083333333333333 0.0671875
3 0.49583333333333335 0.40182291666666664 0.7842592592592592 0.2796875
