4 0.0067708333333333336 0.07037037037037037 0.013541666666666667 0.024074074074074074
2 0.5390625 1.6277777777777778 0.046875 0.06666666666666667
7 0.27734375 0.09444444444444444 0.4734375 0.07222222222222222
2 0.0203125 0.09444444444444444 0.035416666666666666 0.06296296296296296
2 0.5419270833333333 0.09444444444444444 0.04114583333333333 0.07222222222222222
2 0.03125 0.1865740740740741 0.0625 0.11203703703703703
2 0.09401041666666667 0.1865740740740741 0.06302083333333333 0.11203703703703703
2 0.15703125 0.1865740740740741 0.06302083333333333 0.11203703703703703
4 0.3125 0.1865740740740741 0.234375 0.0824074074074074
2 0.40625 0.1865740740740741 0.046875 0.0824074074074074
2 0.46796875 0.1865740740740741 0.06302083333333333 0.11203703703703703
2 0.5309895833333333 0.1865740740740741 0.06302083333333333 0.11203703703703703
2 0.28125 0.2412037037037037 0.5625 0.002777777777777778
2 0.29921875 0.47129629629629627 0.5265625 0.825925925925926
7 0.28125 0.10648148148148148 0.090625 0.04259259259259259
2 0.51875 0.10694444444444444 0.0875 0.09722222222222222
0 0.028645833333333332 0.22175925925925927 0.04375 0.06759259259259259
7 0.165625 0.22175925925925927 0.215625 0.08055555555555556
7 0.31015625 0.2625 0.5046875 0.05277777777777778
0 0.028645833333333332 0.3574074074074074 0.04375 0.06851851851851852
7 0.2 0.35694444444444445 0.284375 0.08055555555555556
7 0.3046875 0.39814814814814814 0.49375 0.053703703703703705
0 0.028645833333333332 0.4925925925925926 0.04375 0.06851851851851852
7 0.17916666666666667 0.4930555555555556 0.24270833333333333 0.08055555555555556
7 0.2875 0.5333333333333333 0.459375 0.053703703703703705
2 0.052083333333333336 1.6125 0.10416666666666667 0.09722222222222222
2 0.15885416666666666 1.6125 0.109375 0.09722222222222222
2 0.25729166666666664 1.6125 0.0875 0.09722222222222222
