2 0.28125 0.8597222222222223 0.5625 1.6027777777777779
2 0.28098958333333335 0.11435185185185186 0.30052083333333335 0.09722222222222222
2 0.04088541666666667 0.12037037037037036 0.059895833333333336 0.10740740740740741
7 0.16614583333333333 0.2740740740740741 0.3104166666666667 0.12407407407407407
7 0.0765625 0.3625 0.13125 0.05277777777777778
2 0.08645833333333333 0.587037037037037 0.06354166666666666 0.11666666666666667
2 0.28072916666666664 0.5837962962962963 0.09583333333333334 0.11018518518518519
7 0.27395833333333336 0.5847222222222223 0.0625 0.05277777777777778
4 0.28098958333333335 0.7407407407407407 0.19114583333333332 0.11666666666666667
2 0.34270833333333334 0.7402777777777778 0.057291666666666664 0.10277777777777777
2 0.28072916666666664 0.8930555555555556 0.20520833333333333 0.11388888888888889
7 0.27890625 0.8912037037037037 0.16822916666666668 0.05277777777777778
