2 0.14088541666666668 0.04953703703703704 0.2671875 0.09907407407407408
2 0.42161458333333335 0.04953703703703704 0.2671875 0.09907407407407408
2 0.14088541666666668 0.36064814814814816 0.2671875 0.475
2 0.42161458333333335 0.36064814814814816 0.2671875 0.475
2 0.14088541666666668 0.8597222222222223 0.2671875 0.475
2 0.42161458333333335 0.8597222222222223 0.2671875 0.475
2 0.14088541666666668 1.3597222222222223 0.2671875 0.475
2 0.42161458333333335 1.3597222222222223 0.2671875 0.475
2 0.14088541666666668 1.6412037037037037 0.2671875 0.03981481481481482
2 0.42161458333333335 1.6412037037037037 0.2671875 0.03981481481481482
