2 0.28125 0.8305555555555556 0.5625 1.6611111111111112
2 0.28125 0.8305555555555556 0.5625 1.6611111111111112
7 0.19010416666666666 0.12824074074074074 0.3416666666666667 0.24351851851851852
7 0.28125 0.8305555555555556 0.5625 1.6611111111111112
7 0.17083333333333334 1.5916666666666666 0.3416666666666667 0.1388888888888889
7 0.28125 0.8305555555555556 0.5625 1.6611111111111112
7 0.31145833333333334 0.9518518518518518 0.3416666666666667 0.24259259259259258
7 0.28125 0.8305555555555556 0.5625 1.6611111111111112
2 0.03411458333333333 0.2550925925925926 0.06822916666666666 0.12129629629629629
2 0.03411458333333333 0.3958333333333333 0.06822916666666666 0.12129629629629629
2 0.03411458333333333 0.5365740740740741 0.06822916666666666 0.12129629629629629
2 0.03411458333333333 0.6777777777777778 0.06822916666666666 0.12222222222222222
2 0.03411458333333333 0.8189814814814815 0.06822916666666666 0.12129629629629629
7 0.3572916666666667 0.5365740740740741 0.3416666666666667 0.24351851851851852
7 0.28125 0.8305555555555556 0.5625 1.6611111111111112
2 0.28125 0.013888888888888888 0.015625 0.027777777777777776
2 0.5236979166666667 0.060648148148148145 0.06822916666666666 0.12129629629629629
7 0.5236979166666667 0.1375 0.06822916666666666 0.032407407407407406
2 0.5236979166666667 0.21435185185185185 0.06822916666666666 0.12129629629629629
7 0.5236979166666667 0.2916666666666667 0.06822916666666666 0.03333333333333333
2 0.5236979166666667 0.36898148148148147 0.06822916666666666 0.12129629629629629
7 0.5236979166666667 0.44583333333333336 0.06822916666666666 0.032407407407407406
2 0.5236979166666667 0.5226851851851851 0.06822916666666666 0.12129629629629629
7 0.5236979166666667 0.6 0.06822916666666666 0.03333333333333333
2 0.5236979166666667 0.6773148148148148 0.06822916666666666 0.12129629629629629
7 0.5236979166666667 0.7685185185185185 0.06822916666666666 0.06111111111111111
2 0.5236979166666667 0.8597222222222223 0.06822916666666666 0.12129629629629629
7 0.5236979166666667 0.9365740740740741 0.06822916666666666 0.032407407407407406
2 0.5236979166666667 1.0138888888888888 0.06822916666666666 0.12222222222222222
7 0.5236979166666667 1.1055555555555556 0.06822916666666666 0.06111111111111111
2 0.5236979166666667 1.1967592592592593 0.06822916666666666 0.12129629629629629
7 0.5236979166666667 1.273611111111111 0.06822916666666666 0.032407407407407406
2 0.5236979166666667 1.350462962962963 0.06822916666666666 0.12129629629629629
7 0.5236979166666667 1.4277777777777778 0.06822916666666666 0.03333333333333333
2 0.5236979166666667 1.5050925925925926 0.06822916666666666 0.12129629629629629
7 0.5236979166666667 1.5819444444444444 0.06822916666666666 0.032407407407407406
2 0.5236979166666667 1.6296296296296295 0.06822916666666666 0.06296296296296296
2 0.45625 1.6092592592592592 0.058333333333333334 0.1037037037037037
2 0.02890625 1.6092592592592592 0.0578125 0.1037037037037037
