7 0.49953703703703706 0.06328125 0.13240740740740742 0.03177083333333333
7 0.1875 0.12317708333333334 0.25277777777777777 0.024479166666666666
7 0.2064814814814815 0.2526041666666667 0.29074074074074074 0.026041666666666668
7 0.8268518518518518 0.2518229166666667 0.14629629629629629 0.0296875
7 0.1527777777777778 0.3346354166666667 0.18333333333333332 0.025520833333333333
7 0.22870370370370371 0.4166666666666667 0.3351851851851852 0.026041666666666668
7 0.2587962962962963 0.4986979166666667 0.3824074074074074 0.025520833333333333
7 0.44814814814814813 0.5752604166666667 0.774074074074074 0.0546875
7 0.4532407407407407 0.62734375 0.7842592592592592 0.027604166666666666
7 0.8444444444444444 0.33515625 0.09259259259259259 0.024479166666666666
7 0.8439814814814814 0.13880208333333333 0.09722222222222222 0.022395833333333334
7 0.8398148148148148 0.41875 0.09259259259259259 0.028125
7 0.8407407407407408 0.5002604166666667 0.0962962962962963 0.024479166666666666
