2 0.49953703703703706 0.03359375 0.7287037037037037 0.0546875
7 0.49953703703703706 0.08802083333333334 0.5509259259259259 0.036458333333333336
4 0.500462962962963 0.15260416666666668 0.9990740740740741 0.065625
4 0.500462962962963 0.23177083333333334 0.9990740740740741 0.065625
4 0.500462962962963 0.3458333333333333 0.9990740740740741 0.065625
8 0.5 0.4231770833333333 0.5 0.06197916666666667
7 0.49953703703703706 0.48072916666666665 0.30462962962962964 0.026041666666666668
8 0.5 0.5380208333333333 0.5 0.06145833333333333
2 0.060648148148148145 0.9002604166666667 0.09722222222222222 0.0546875
2 0.49953703703703706 0.9002604166666667 0.09722222222222222 0.0546875
2 0.9023148148148148 0.9002604166666667 0.09722222222222222 0.0546875
2 0.2125 0.8143229166666667 0.13425925925925927 0.07552083333333333
2 0.49953703703703706 0.8143229166666667 0.13425925925925927 0.07552083333333333
2 0.7865740740740741 0.8143229166666667 0.13425925925925927 0.07552083333333333
