7 0.2825520833333333 0.08564814814814815 0.39739583333333334 0.0787037037037037
2 0.2825520833333333 0.12638888888888888 0.39739583333333334 0.002777777777777778
7 0.2825520833333333 0.18101851851851852 0.39739583333333334 0.05648148148148148
7 0.2825520833333333 0.2361111111111111 0.39739583333333334 0.05
7 0.2825520833333333 0.2884259259259259 0.39739583333333334 0.05092592592592592
7 0.2825520833333333 0.33796296296296297 0.39739583333333334 0.044444444444444446
7 0.2825520833333333 0.3939814814814815 0.39739583333333334 0.06574074074074074
7 0.2825520833333333 0.4759259259259259 0.39739583333333334 0.0962962962962963
7 0.2825520833333333 0.5546296296296296 0.39739583333333334 0.05925925925925926
7 0.2825520833333333 0.612037037037037 0.39739583333333334 0.05185185185185185
7 0.2825520833333333 0.6666666666666666 0.39739583333333334 0.05555555555555555
7 0.2825520833333333 0.7268518518518519 0.39739583333333334 0.06111111111111111
7 0.2825520833333333 0.7865740740740741 0.39739583333333334 0.05648148148148148
7 0.2825520833333333 0.8467592592592592 0.39739583333333334 0.06018518518518518
7 0.2825520833333333 0.9194444444444444 0.39739583333333334 0.08333333333333333
7 0.2825520833333333 0.9912037037037037 0.39739583333333334 0.058333333333333334
7 0.2825520833333333 1.0657407407407407 0.39739583333333334 0.08703703703703704
7 0.2825520833333333 1.1375 0.39739583333333334 0.05277777777777778
7 0.2825520833333333 1.1953703703703704 0.39739583333333334 0.06111111111111111
7 0.2825520833333333 1.2444444444444445 0.39739583333333334 0.03333333333333333
7 0.2825520833333333 1.2884259259259259 0.39739583333333334 0.05092592592592592
7 0.2825520833333333 1.3532407407407407 0.39739583333333334 0.07685185185185185
7 0.2825520833333333 1.425462962962963 0.39739583333333334 0.06574074074074074
7 0.2825520833333333 1.4902777777777778 0.39739583333333334 0.062037037037037036
7 0.2825520833333333 1.5472222222222223 0.39739583333333334 0.05
7 0.2825520833333333 1.5949074074074074 0.39739583333333334 0.041666666666666664
