7 0.08046875 0.22916666666666666 0.0953125 0.058333333333333334
7 0.09192708333333334 0.2814814814814815 0.11822916666666666 0.046296296296296294
7 0.12369791666666667 0.40925925925925927 0.18177083333333333 0.05925925925925926
6 0.45677083333333335 0.40925925925925927 0.13958333333333334 0.06851851851851852
7 0.12630208333333334 0.5657407407407408 0.18697916666666667 0.05925925925925926
7 0.1046875 0.7 0.14375 0.05925925925925926
7 0.0640625 0.7523148148148148 0.0625 0.04537037037037037
7 0.07682291666666667 0.8796296296296297 0.08802083333333334 0.05925925925925926
7 0.05390625 1.0138888888888888 0.0421875 0.05925925925925926
7 0.090625 1.0662037037037038 0.115625 0.04537037037037037
7 0.13125 1.1935185185185184 0.196875 0.05925925925925926
6 0.45677083333333335 1.1939814814814815 0.13958333333333334 0.06759259259259259
2 0.0049479166666666664 0.1162037037037037 0.009895833333333333 0.03425925925925926
7 0.04088541666666667 0.11574074074074074 0.06197916666666667 0.05925925925925926
