2 0.084375 0.30833333333333335 0.16875 0.26666666666666666
7 0.25833333333333336 0.30833333333333335 0.125 0.05925925925925926
7 0.07578125 0.4962962962962963 0.0671875 0.05925925925925926
7 0.07369791666666667 0.549074074074074 0.06302083333333333 0.046296296296296294
7 0.1140625 0.6763888888888889 0.14375 0.058333333333333334
7 0.10520833333333333 0.8333333333333334 0.12604166666666666 0.05925925925925926
7 0.24375 0.8333333333333334 0.1375 0.05925925925925926
0 0.5046875 0.8333333333333334 0.04375 0.07777777777777778
7 0.14713541666666666 1.6009259259259259 0.22552083333333334 0.05925925925925926
2 0.39401041666666664 1.6009259259259259 0.2682291666666667 0.06851851851851852
2 0.0049479166666666664 0.1162037037037037 0.009895833333333333 0.03425925925925926
2 0.0049479166666666664 0.11666666666666667 0.0005208333333333333 0.0
7 0.11640625 0.11574074074074074 0.2109375 0.05925925925925926
