7 0.22005208333333334 0.21851851851851853 0.37447916666666664 0.05925925925925926
7 0.24140625 0.29074074074074074 0.4171875 0.08518518518518518
0 0.49375 0.2611111111111111 0.04375 0.07777777777777778
7 0.09739583333333333 0.4041666666666667 0.12916666666666668 0.058333333333333334
7 0.21171875 0.4564814814814815 0.3578125 0.046296296296296294
7 0.13359375 0.5611111111111111 0.2015625 0.05925925925925926
7 0.13671875 0.6134259259259259 0.2078125 0.04537037037037037
7 0.075 0.7180555555555556 0.084375 0.058333333333333334
7 0.13046875 0.7703703703703704 0.1953125 0.046296296296296294
7 0.10390625 0.875 0.1421875 0.05925925925925926
7 0.15078125 0.9273148148148148 0.2359375 0.04537037037037037
7 0.15286458333333333 1.0319444444444446 0.24010416666666667 0.058333333333333334
7 0.12630208333333334 1.0842592592592593 0.18697916666666667 0.046296296296296294
7 0.13020833333333334 1.1888888888888889 0.19479166666666667 0.05925925925925926
7 0.13671875 1.2412037037037038 0.2078125 0.04537037037037037
2 0.03854166666666667 0.11666666666666667 0.04375 0.07777777777777778
7 0.21276041666666667 0.11574074074074074 0.2942708333333333 0.05925925925925926
