2 0.1388888888888889 0.25859375 0.2518518518518518 0.1140625
7 0.5180555555555556 0.17786458333333333 0.9583333333333334 0.024479166666666666
7 0.6393518518518518 0.27265625 0.6416666666666667 0.13697916666666668
2 0.1388888888888889 0.50234375 0.2518518518518518 0.1140625
7 0.6393518518518518 0.471875 0.6416666666666667 0.04791666666666667
2 0.1388888888888889 0.709375 0.2518518518518518 0.11458333333333333
7 0.5180555555555556 0.6286458333333333 0.9583333333333334 0.023958333333333335
7 0.6393518518518518 0.7010416666666667 0.6416666666666667 0.09270833333333334
2 0.1388888888888889 0.91328125 0.2518518518518518 0.0421875
7 0.24166666666666667 0.07083333333333333 0.1925925925925926 0.036458333333333336
2 0.06712962962962964 0.07317708333333334 0.06759259259259259 0.0359375
7 0.5 0.13932291666666666 0.20925925925925926 0.024479166666666666
7 0.14907407407407408 0.4239583333333333 0.2462962962962963 0.023958333333333335
7 0.5013888888888889 0.5916666666666667 0.4935185185185185 0.029166666666666667
7 0.5009259259259259 0.83125 0.4185185185185185 0.028125
7 0.18101851851851852 0.8703125 0.2972222222222222 0.027083333333333334
2 0.9421296296296297 0.07161458333333333 0.0787037037037037 0.049479166666666664
