2 0.53515625 0.10694444444444444 0.0546875 0.09722222222222222
7 0.28125 0.10694444444444444 0.453125 0.09722222222222222
7 0.28098958333333335 0.22685185185185186 0.5484375 0.09444444444444444
4 0.28098958333333335 0.3333333333333333 0.5484375 0.09444444444444444
7 0.28125 0.44074074074074077 0.5625 0.09444444444444444
7 0.28125 0.537962962962963 0.5625 0.09444444444444444
7 0.28125 0.6351851851851852 0.5625 0.09444444444444444
7 0.28125 0.7324074074074074 0.5625 0.09444444444444444
7 0.28125 0.8296296296296296 0.5625 0.09444444444444444
7 0.28125 0.9268518518518518 0.5625 0.09444444444444444
7 0.28125 1.0240740740740741 0.5625 0.09444444444444444
