7 0.5 0.059895833333333336 0.49444444444444446 0.03958333333333333
2 0.9513888888888888 0.06015625 0.09722222222222222 0.0546875
2 0.500462962962963 0.2591145833333333 0.9990740740740741 0.31614583333333335
2 0.49953703703703706 0.2591145833333333 0.12129629629629629 0.06822916666666666
7 0.5 0.44895833333333335 0.5611111111111111 0.036458333333333336
2 0.8467592592592592 0.4513020833333333 0.07314814814814814 0.04114583333333333
7 0.3421296296296296 0.48463541666666665 0.12685185185185185 0.025520833333333333
7 0.674537037037037 0.48463541666666665 0.062037037037037036 0.025520833333333333
2 0.7416666666666667 0.48463541666666665 0.03333333333333333 0.018229166666666668
7 0.7824074074074074 0.48463541666666665 0.03888888888888889 0.025520833333333333
7 0.4444444444444444 0.6528645833333333 0.6555555555555556 0.05572916666666667
2 0.8458333333333333 0.6424479166666667 0.07314814814814814 0.04114583333333333
7 0.8430555555555556 0.6734375 0.06759259259259259 0.020833333333333332
7 0.49953703703703706 0.7171875 0.8138888888888889 0.036458333333333336
2 0.08657407407407407 0.7388020833333333 0.012037037037037037 0.0067708333333333336
2 0.912962962962963 0.7388020833333333 0.012962962962962963 0.0067708333333333336
7 0.2763888888888889 0.7690104166666667 0.3194444444444444 0.025520833333333333
2 0.9634259259259259 0.7713541666666667 0.07314814814814814 0.3260416666666667
8 0.2611111111111111 0.5515625 0.4777777777777778 0.04791666666666667
8 0.7388888888888889 0.5515625 0.4777777777777778 0.04791666666666667
7 0.27037037037037037 0.55078125 0.2611111111111111 0.022395833333333334
7 0.7467592592592592 0.55546875 0.25277777777777777 0.0171875
