7 0.28072916666666664 0.10648148148148148 0.23020833333333332 0.07037037037037037
2 0.027083333333333334 0.10648148148148148 0.027083333333333334 0.04814814814814815
2 0.02734375 0.10694444444444444 0.0546875 0.09722222222222222
2 0.53515625 0.10694444444444444 0.0546875 0.09722222222222222
2 0.19947916666666668 0.1814814814814815 0.025 0.037037037037037035
7 0.296875 0.18194444444444444 0.15625 0.05277777777777778
7 0.28125 1.2689814814814815 0.365625 0.12129629629629629
2 0.47630208333333335 1.2444444444444445 0.04114583333333333 0.07222222222222222
7 0.2015625 1.3523148148148147 0.071875 0.04537037037037037
7 0.39401041666666664 1.3523148148148147 0.04635416666666667 0.04537037037037037
2 0.43723958333333335 1.3523148148148147 0.018229166666666668 0.032407407407407406
7 0.45989583333333334 1.3523148148148147 0.021875 0.04537037037037037
7 0.25 1.474074074074074 0.36875 0.09814814814814815
2 0.47578125 1.4555555555555555 0.04114583333333333 0.07222222222222222
7 0.47421875 1.510185185185185 0.03802083333333333 0.037037037037037035
7 0.28098958333333335 1.587962962962963 0.4578125 0.06481481481481481
2 0.04869791666666667 1.6268518518518518 0.0067708333333333336 0.012962962962962963
2 0.5135416666666667 1.6268518518518518 0.007291666666666667 0.012962962962962963
7 0.14973958333333334 1.6592592592592592 0.16822916666666668 0.003703703703703704
7 0.5544270833333333 1.4736111111111112 0.016145833333333335 0.05277777777777778
7 0.54765625 1.587962962962963 0.0296875 0.06481481481481481
2 0.5291666666666667 1.6268518518518518 0.007291666666666667 0.012962962962962963
7 0.5544270833333333 1.6592592592592592 0.016145833333333335 0.003703703703703704
