7 0.28072916666666664 0.10648148148148148 0.23020833333333332 0.07037037037037037
2 0.53515625 0.10694444444444444 0.0546875 0.09722222222222222
2 0.28125 0.46064814814814814 0.5625 0.562037037037037
2 0.28098958333333335 0.46064814814814814 0.06822916666666666 0.12129629629629629
7 0.28125 0.7981481481481482 0.315625 0.06481481481481481
2 0.47630208333333335 0.8023148148148148 0.04114583333333333 0.07314814814814814
7 0.19244791666666666 0.861574074074074 0.07135416666666666 0.04537037037037037
7 0.37942708333333336 0.861574074074074 0.034895833333333334 0.04537037037037037
2 0.4171875 0.861574074074074 0.01875 0.032407407407407406
7 0.4401041666666667 0.861574074074074 0.021875 0.04537037037037037
7 0.25 1.160648148148148 0.36875 0.09907407407407408
2 0.47578125 1.1421296296296297 0.04114583333333333 0.07314814814814814
7 0.47421875 1.1972222222222222 0.03802083333333333 0.037037037037037035
7 0.28098958333333335 1.275 0.4578125 0.06481481481481481
2 0.04869791666666667 1.313425925925926 0.0067708333333333336 0.012037037037037037
2 0.5135416666666667 1.313425925925926 0.007291666666666667 0.012037037037037037
7 0.15546875 1.3671296296296296 0.1796875 0.04537037037037037
2 0.5419270833333333 1.3712962962962962 0.04114583333333333 0.5796296296296296
7 0.146875 0.9805555555555555 0.26875 0.08518518518518518
7 0.415625 0.9805555555555555 0.26875 0.08518518518518518
