7 0.09505208333333333 0.20787037037037037 0.14635416666666667 0.026851851851851852
7 0.24817708333333333 0.2439814814814815 0.45260416666666664 0.04537037037037037
7 0.103125 0.3736111111111111 0.1625 0.05277777777777778
7 0.13489583333333333 0.42314814814814816 0.22604166666666667 0.046296296296296294
0 0.51875 0.3972222222222222 0.04375 0.07777777777777778
7 0.28125 0.5300925925925926 0.5625 0.08425925925925926
7 0.05546875 0.6402777777777777 0.0671875 0.05277777777777778
7 0.05234375 0.6898148148148148 0.0609375 0.046296296296296294
7 0.09869791666666666 0.8199074074074074 0.15364583333333334 0.05277777777777778
7 0.2484375 0.8888888888888888 0.453125 0.08518518518518518
0 0.51875 0.862037037037037 0.04375 0.07777777777777778
7 0.12994791666666666 1.0384259259259259 0.21614583333333334 0.05277777777777778
7 0.19114583333333332 1.1717592592592592 0.3385416666666667 0.05277777777777778
7 0.14973958333333334 1.3050925925925927 0.2557291666666667 0.05277777777777778
7 0.11536458333333334 1.438425925925926 0.18697916666666667 0.05277777777777778
7 0.2484375 1.5074074074074073 0.453125 0.08518518518518518
0 0.51875 1.4805555555555556 0.04375 0.07777777777777778
7 0.28125 1.6263888888888889 0.5625 0.06944444444444445
7 0.09609375 0.1259259259259259 0.1484375 0.06481481481481481
