7 0.28098958333333335 0.32175925925925924 0.5515625 0.0787037037037037
7 0.28098958333333335 0.4083333333333333 0.5515625 0.09444444444444444
7 0.28098958333333335 0.49583333333333335 0.5515625 0.08055555555555556
7 0.28072916666666664 0.5703703703703704 0.07708333333333334 0.06851851851851852
7 0.28098958333333335 0.8050925925925926 0.5515625 0.0787037037037037
7 0.28098958333333335 0.8916666666666667 0.5515625 0.09444444444444444
7 0.28098958333333335 0.9791666666666666 0.5515625 0.08055555555555556
7 0.28072916666666664 1.0537037037037038 0.07708333333333334 0.06851851851851852
7 0.28098958333333335 1.288888888888889 0.5515625 0.07777777777777778
7 0.28098958333333335 1.375 0.5515625 0.09444444444444444
7 0.28098958333333335 1.4625 0.5515625 0.08055555555555556
7 0.28072916666666664 1.5375 0.07708333333333334 0.06944444444444445
7 0.11979166666666667 0.1259259259259259 0.19583333333333333 0.06481481481481481
2 0.53515625 0.1259259259259259 0.0546875 0.11666666666666667
