7 0.1912037037037037 0.07083333333333333 0.09166666666666666 0.036458333333333336
2 0.9513888888888888 0.07083333333333333 0.09722222222222222 0.065625
7 0.47962962962962963 0.20651041666666667 0.9203703703703704 0.1109375
7 0.5009259259259259 0.43984375 0.9629629629629629 0.3338541666666667
7 0.4787037037037037 0.7276041666666667 0.9185185185185185 0.22395833333333334
7 0.49212962962962964 0.88984375 0.9694444444444444 0.08697916666666666
2 0.8435185185185186 0.06848958333333334 0.07592592592592592 0.044270833333333336
2 0.7314814814814815 0.07239583333333334 0.07407407407407407 0.042708333333333334
2 0.06574074074074074 0.07239583333333334 0.07592592592592592 0.04479166666666667
7 0.1875 0.12734375 0.33425925925925926 0.0328125
