7 0.49953703703703706 0.18098958333333334 0.9805555555555555 0.044270833333333336
7 0.49953703703703706 0.2296875 0.9805555555555555 0.053125
7 0.49953703703703706 0.27890625 0.9805555555555555 0.0453125
8 0.49907407407407406 0.32083333333333336 0.13703703703703704 0.03854166666666667
7 0.49953703703703706 0.45286458333333335 0.9805555555555555 0.044270833333333336
7 0.49953703703703706 0.5015625 0.9805555555555555 0.053125
7 0.49953703703703706 0.55078125 0.9805555555555555 0.0453125
8 0.49907407407407406 0.5927083333333333 0.13703703703703704 0.03854166666666667
7 0.49953703703703706 0.725 0.9805555555555555 0.04375
7 0.49953703703703706 0.7734375 0.9805555555555555 0.053125
7 0.49953703703703706 0.82265625 0.9805555555555555 0.0453125
8 0.49907407407407406 0.86484375 0.13703703703703704 0.0390625
7 0.21296296296296297 0.07083333333333333 0.34814814814814815 0.036458333333333336
2 0.9513888888888888 0.07083333333333333 0.09722222222222222 0.065625
