4 0.28125 0.9601851851851851 0.5625 1.1574074074074074
2 0.0375 0.2611111111111111 0.04791666666666667 0.08518518518518518
7 0.21171875 0.2412037037037037 0.2734375 0.04537037037037037
7 0.14192708333333334 0.2865740740740741 0.13385416666666666 0.03981481481481482
2 0.08854166666666667 0.33935185185185185 0.04791666666666667 0.04537037037037037
7 0.14296875 0.33935185185185185 0.0546875 0.04537037037037037
2 0.196875 0.33935185185185185 0.04791666666666667 0.04537037037037037
2 0.03411458333333333 1.601388888888889 0.06822916666666666 0.11944444444444445
2 0.10234375 1.6 0.06822916666666666 0.12222222222222222
2 0.17057291666666666 1.6 0.06822916666666666 0.12222222222222222
2 0.2390625 1.6 0.06875 0.12222222222222222
2 0.30755208333333334 1.6 0.06822916666666666 0.12222222222222222
2 0.37578125 1.6 0.06822916666666666 0.12222222222222222
2 0.4401041666666667 1.6 0.06041666666666667 0.12222222222222222
7 0.5005208333333333 1.599537037037037 0.03854166666666667 0.04537037037037037
2 0.03828125 0.12638888888888888 0.0765625 0.1361111111111111
2 0.53515625 0.1259259259259259 0.0546875 0.11666666666666667
7 0.18671875 0.1259259259259259 0.20989583333333334 0.06481481481481481
