2 0.28098958333333335 0.3300925925925926 0.08177083333333333 0.14537037037037037
7 0.28072916666666664 0.46805555555555556 0.15104166666666666 0.05277777777777778
7 0.18515625 0.5143518518518518 0.034895833333333334 0.03981481481481482
7 0.28125 0.6509259259259259 0.221875 0.11666666666666667
2 0.14036458333333332 0.8550925925925926 0.08177083333333333 0.14537037037037037
7 0.14010416666666667 0.9930555555555556 0.17604166666666668 0.05277777777777778
7 0.14036458333333332 1.0393518518518519 0.034895833333333334 0.03981481481481482
2 0.42161458333333335 0.8550925925925926 0.08177083333333333 0.14537037037037037
7 0.42135416666666664 0.9930555555555556 0.20520833333333333 0.05277777777777778
7 0.42161458333333335 1.0393518518518519 0.025520833333333333 0.03981481481481482
7 0.28125 1.1759259259259258 0.221875 0.11666666666666667
2 0.28098958333333335 1.3800925925925926 0.08177083333333333 0.14537037037037037
7 0.28098958333333335 1.5180555555555555 0.17760416666666667 0.05277777777777778
7 0.28098958333333335 1.5643518518518518 0.025520833333333333 0.03981481481481482
2 0.03828125 0.12638888888888888 0.0765625 0.1361111111111111
7 0.18619791666666666 0.1259259259259259 0.20885416666666667 0.06481481481481481
2 0.19140625 0.21851851851851853 0.3828125 0.43703703703703706
2 0.065625 0.18055555555555555 0.0875 0.15555555555555556
7 0.07473958333333333 0.3199074074074074 0.10572916666666667 0.04537037037037037
7 0.1375 0.37037037037037035 0.23125 0.05555555555555555
7 0.31796875 0.37546296296296294 0.1296875 0.12314814814814815
7 0.19140625 0.5148148148148148 0.3390625 0.11666666666666667
7 0.19140625 0.6314814814814815 0.3390625 0.11666666666666667
7 0.19140625 0.7481481481481481 0.3390625 0.11666666666666667
7 0.19140625 0.8648148148148148 0.3390625 0.11666666666666667
7 0.19140625 0.9814814814814815 0.3390625 0.11666666666666667
7 0.19140625 1.098148148148148 0.3390625 0.11666666666666667
7 0.19140625 1.2148148148148148 0.3390625 0.11666666666666667
7 0.19140625 1.3731481481481482 0.3390625 0.11666666666666667
7 0.19140625 1.489814814814815 0.3390625 0.11666666666666667
