2 0.49953703703703706 0.18567708333333333 0.14537037037037037 0.08177083333333333
7 0.49907407407407406 0.26328125 0.26851851851851855 0.0296875
7 0.32916666666666666 0.28932291666666665 0.062037037037037036 0.022395833333333334
8 0.5 0.36614583333333334 0.39444444444444443 0.065625
2 0.24953703703703703 0.48098958333333336 0.14537037037037037 0.08177083333333333
7 0.2490740740740741 0.55859375 0.31296296296296294 0.0296875
7 0.24953703703703703 0.5846354166666666 0.062037037037037036 0.022395833333333334
2 0.749537037037037 0.48098958333333336 0.14537037037037037 0.08177083333333333
7 0.7490740740740741 0.55859375 0.3648148148148148 0.0296875
7 0.749537037037037 0.5846354166666666 0.04537037037037037 0.022395833333333334
8 0.5 0.6614583333333334 0.39444444444444443 0.065625
2 0.49953703703703706 0.7763020833333333 0.14537037037037037 0.08177083333333333
7 0.49953703703703706 0.85390625 0.31574074074074077 0.0296875
7 0.49953703703703706 0.8799479166666667 0.04537037037037037 0.022395833333333334
2 0.06851851851851852 0.07109375 0.13518518518518519 0.0765625
7 0.33101851851851855 0.07083333333333333 0.3712962962962963 0.036458333333333336
7 0.49907407407407406 0.37005208333333334 0.29444444444444445 0.030729166666666665
7 0.5064814814814815 0.66171875 0.30185185185185187 0.027604166666666666
