7 0.24713541666666666 0.2625 0.034895833333333334 0.03981481481481482
7 0.12630208333333334 0.31203703703703706 0.1765625 0.05925925925925926
7 0.09479166666666666 0.6356481481481482 0.15729166666666666 0.05277777777777778
2 0.24817708333333333 0.6356481481481482 0.0328125 0.058333333333333334
7 0.5174479166666667 0.2625 0.034895833333333334 0.03981481481481482
7 0.4161458333333333 0.337037037037037 0.215625 0.10925925925925926
7 0.3651041666666667 0.6356481481481482 0.15729166666666666 0.05277777777777778
2 0.5184895833333333 0.6356481481481482 0.0328125 0.058333333333333334
7 0.24713541666666666 0.7430555555555556 0.034895833333333334 0.03981481481481482
7 0.13776041666666666 0.7925925925925926 0.19947916666666668 0.05925925925925926
7 0.09479166666666666 1.1162037037037038 0.15729166666666666 0.05277777777777778
2 0.24817708333333333 1.1162037037037038 0.0328125 0.058333333333333334
7 0.5174479166666667 0.7430555555555556 0.034895833333333334 0.03981481481481482
7 0.3421875 0.7925925925925926 0.06770833333333333 0.05925925925925926
7 0.3651041666666667 1.1162037037037038 0.15729166666666666 0.05277777777777778
2 0.5184895833333333 1.1162037037037038 0.0328125 0.058333333333333334
7 0.24713541666666666 1.2236111111111112 0.034895833333333334 0.03981481481481482
7 0.14583333333333334 1.298148148148148 0.215625 0.10925925925925926
7 0.09479166666666666 1.5967592592592592 0.15729166666666666 0.05277777777777778
2 0.24817708333333333 1.5967592592592592 0.0328125 0.058333333333333334
7 0.5174479166666667 1.2236111111111112 0.034895833333333334 0.03981481481481482
7 0.34661458333333334 1.2731481481481481 0.0765625 0.05925925925925926
7 0.3651041666666667 1.5967592592592592 0.15729166666666666 0.05277777777777778
2 0.5184895833333333 1.5967592592592592 0.0328125 0.058333333333333334
2 0.03828125 0.12638888888888888 0.0765625 0.1361111111111111
7 0.17708333333333334 0.1259259259259259 0.190625 0.06481481481481481
