2 0.10277777777777777 0.47291666666666665 0.06111111111111111 0.034375
8 0.8444444444444444 0.6125 0.2722222222222222 0.065625
7 0.17685185185185184 0.6125 0.3148148148148148 0.065625
2 0.325 0.12578125 0.11666666666666667 0.0328125
2 0.44166666666666665 0.12578125 0.11666666666666667 0.0328125
2 0.5583333333333333 0.12578125 0.11666666666666667 0.0328125
2 0.675 0.12578125 0.11666666666666667 0.0328125
2 0.06851851851851852 0.07109375 0.13518518518518519 0.0765625
7 0.32083333333333336 0.07083333333333333 0.3509259259259259 0.036458333333333336
7 0.8486111111111111 0.61484375 0.16203703703703703 0.019270833333333334
