7 0.28125 0.23657407407407408 0.5625 0.08425925925925926
7 0.05677083333333333 0.3212962962962963 0.08854166666666667 0.046296296296296294
7 0.28203125 0.38101851851851853 0.5390625 0.07314814814814814
7 0.03177083333333333 0.47962962962962963 0.03854166666666667 0.046296296296296294
7 0.20052083333333334 0.5222222222222223 0.37604166666666666 0.03888888888888889
7 0.04192708333333333 0.6037037037037037 0.058854166666666666 0.046296296296296294
7 0.0703125 0.6467592592592593 0.115625 0.03981481481481482
7 0.03177083333333333 0.7282407407407407 0.03854166666666667 0.04537037037037037
7 0.096875 0.7708333333333334 0.16875 0.03981481481481482
7 0.07552083333333333 0.8523148148148149 0.12604166666666666 0.04537037037037037
7 0.17864583333333334 0.8949074074074074 0.33229166666666665 0.03981481481481482
7 0.03671875 0.9768518518518519 0.0484375 0.046296296296296294
7 0.18125 1.0194444444444444 0.3375 0.03888888888888889
7 0.0734375 1.1009259259259259 0.121875 0.046296296296296294
7 0.12473958333333333 1.1439814814814815 0.22447916666666667 0.03981481481481482
7 0.04609375 1.225462962962963 0.0671875 0.04537037037037037
7 0.2390625 1.2680555555555555 0.453125 0.03981481481481482
7 0.04739583333333333 1.349537037037037 0.06979166666666667 0.04537037037037037
7 0.22317708333333333 1.3921296296296297 0.42135416666666664 0.03981481481481482
7 0.025520833333333333 1.474074074074074 0.026041666666666668 0.046296296296296294
7 0.06744791666666666 1.5166666666666666 0.10989583333333333 0.03888888888888889
7 0.03619791666666667 1.598148148148148 0.04739583333333333 0.046296296296296294
7 0.10078125 1.6412037037037037 0.1765625 0.03981481481481482
2 0.03828125 0.12638888888888888 0.0765625 0.1361111111111111
7 0.13567708333333334 0.1259259259259259 0.1078125 0.06481481481481481
2 0.19140625 0.21851851851851853 0.3828125 0.43703703703703706
2 0.065625 0.18055555555555555 0.0875 0.15555555555555556
7 0.07473958333333333 0.3199074074074074 0.10572916666666667 0.04537037037037037
7 0.1375 0.37037037037037035 0.23125 0.05555555555555555
7 0.31796875 0.37546296296296294 0.1296875 0.12314814814814815
7 0.19140625 0.5148148148148148 0.3390625 0.11666666666666667
7 0.19140625 0.6314814814814815 0.3390625 0.11666666666666667
7 0.19140625 0.7481481481481481 0.3390625 0.11666666666666667
7 0.19140625 0.8648148148148148 0.3390625 0.11666666666666667
7 0.19140625 0.9814814814814815 0.3390625 0.11666666666666667
7 0.19140625 1.098148148148148 0.3390625 0.11666666666666667
7 0.19140625 1.2148148148148148 0.3390625 0.11666666666666667
7 0.19140625 1.3731481481481482 0.3390625 0.11666666666666667
7 0.19140625 1.489814814814815 0.3390625 0.11666666666666667
