2 0.058333333333333334 0.14192708333333334 0.07777777777777778 0.0328125
4 0.3402777777777778 0.1421875 0.6787037037037037 0.065625
7 0.8166666666666667 0.14036458333333332 0.13333333333333333 0.025520833333333333
7 0.39861111111111114 0.20546875 0.4861111111111111 0.028645833333333332
7 0.07777777777777778 0.21875 0.07777777777777778 0.04375
7 0.3212962962962963 0.23098958333333333 0.3314814814814815 0.022395833333333334
2 0.17916666666666667 0.2604166666666667 0.08611111111111111 0.026041666666666668
7 0.27546296296296297 0.2604166666666667 0.09722222222222222 0.026041666666666668
2 0.3712962962962963 0.2604166666666667 0.08518518518518518 0.026041666666666668
2 0.9412037037037037 0.2526041666666667 0.06759259259259259 0.03854166666666667
7 0.6486111111111111 0.25286458333333334 0.46944444444444444 0.022395833333333334
7 0.25601851851851853 0.31692708333333336 0.20092592592592592 0.028645833333333332
7 0.07777777777777778 0.3296875 0.07777777777777778 0.04375
7 0.31296296296296294 0.3421875 0.3148148148148148 0.021875
2 0.17916666666666667 0.37161458333333336 0.08611111111111111 0.025520833333333333
7 0.27546296296296297 0.37161458333333336 0.09722222222222222 0.025520833333333333
2 0.3712962962962963 0.37161458333333336 0.08518518518518518 0.025520833333333333
2 0.9412037037037037 0.36380208333333336 0.06759259259259259 0.03802083333333333
7 0.6486111111111111 0.3640625 0.46944444444444444 0.021875
7 0.28935185185185186 0.428125 0.2675925925925926 0.028125
7 0.07777777777777778 0.44114583333333335 0.07777777777777778 0.04375
7 0.3212962962962963 0.45338541666666665 0.3314814814814815 0.022395833333333334
2 0.17916666666666667 0.4830729166666667 0.08611111111111111 0.025520833333333333
7 0.2657407407407407 0.4830729166666667 0.07777777777777778 0.025520833333333333
2 0.35185185185185186 0.4830729166666667 0.08518518518518518 0.025520833333333333
2 0.9412037037037037 0.4752604166666667 0.06759259259259259 0.03802083333333333
7 0.6388888888888888 0.4752604166666667 0.4888888888888889 0.022395833333333334
7 0.34444444444444444 0.5393229166666667 0.37777777777777777 0.028645833333333332
7 0.07777777777777778 0.5526041666666667 0.07777777777777778 0.04375
7 0.3212962962962963 0.56484375 0.3314814814814815 0.022395833333333334
2 0.17916666666666667 0.5942708333333333 0.08611111111111111 0.026041666666666668
7 0.27546296296296297 0.5942708333333333 0.09722222222222222 0.026041666666666668
2 0.3712962962962963 0.5942708333333333 0.08518518518518518 0.026041666666666668
2 0.9412037037037037 0.5864583333333333 0.06759259259259259 0.03854166666666667
7 0.6486111111111111 0.58671875 0.46944444444444444 0.022395833333333334
7 0.34675925925925927 0.65078125 0.3824074074074074 0.028645833333333332
7 0.07777777777777778 0.6640625 0.07777777777777778 0.04375
7 0.3212962962962963 0.6763020833333333 0.3314814814814815 0.022395833333333334
2 0.17916666666666667 0.7057291666666666 0.08611111111111111 0.026041666666666668
7 0.2657407407407407 0.7057291666666666 0.07777777777777778 0.026041666666666668
2 0.35185185185185186 0.7057291666666666 0.08518518518518518 0.026041666666666668
2 0.9412037037037037 0.6979166666666666 0.06759259259259259 0.03854166666666667
7 0.6388888888888888 0.6981770833333333 0.4888888888888889 0.022395833333333334
7 0.3101851851851852 0.7622395833333333 0.30925925925925923 0.028645833333333332
7 0.07777777777777778 0.775 0.07777777777777778 0.04375
7 0.3212962962962963 0.7875 0.3314814814814815 0.021875
2 0.17916666666666667 0.8169270833333333 0.08611111111111111 0.025520833333333333
7 0.27546296296296297 0.8169270833333333 0.09722222222222222 0.025520833333333333
2 0.3712962962962963 0.8169270833333333 0.08518518518518518 0.025520833333333333
2 0.9412037037037037 0.8091145833333333 0.06759259259259259 0.03802083333333333
7 0.6486111111111111 0.809375 0.46944444444444444 0.021875
7 0.25046296296296294 0.8734375 0.18981481481481483 0.028125
7 0.07777777777777778 0.8864583333333333 0.07777777777777778 0.04375
7 0.2833333333333333 0.8986979166666667 0.25555555555555554 0.022395833333333334
2 0.17916666666666667 0.925 0.08611111111111111 0.01875
7 0.25601851851851853 0.925 0.058333333333333334 0.01875
2 0.33240740740740743 0.925 0.08518518518518518 0.01875
2 0.9412037037037037 0.91796875 0.06759259259259259 0.0328125
7 0.6291666666666667 0.9205729166666666 0.5083333333333333 0.022395833333333334
2 0.8930555555555556 0.87421875 0.1361111111111111 0.0765625
2 0.06851851851851852 0.07109375 0.13518518518518519 0.0765625
7 0.33194444444444443 0.07083333333333333 0.3731481481481482 0.036458333333333336
4 0.3962962962962963 0.14348958333333334 0.5685185185185185 0.028645833333333332
