2 0.5 0.19453125 0.7277777777777777 0.06197916666666667
4 0.5 0.3770833333333333 0.7666666666666667 0.05416666666666667
4 0.5 0.45078125 0.7666666666666667 0.0546875
2 0.8444444444444444 0.45416666666666666 0.07777777777777778 0.06145833333333333
8 0.5 0.5333333333333333 0.7666666666666667 0.065625
7 0.49953703703703706 0.5989583333333334 0.33425925925925926 0.065625
8 0.5 0.7479166666666667 0.7666666666666667 0.065625
8 0.5 0.8083333333333333 0.7666666666666667 0.065625
8 0.5 0.890625 0.7666666666666667 0.065625
7 0.5032407407407408 0.5361979166666667 0.13796296296296295 0.027604166666666666
7 0.538425925925926 0.7481770833333333 0.39351851851851855 0.034895833333333334
7 0.5453703703703704 0.8106770833333333 0.3685185185185185 0.019270833333333334
7 0.49907407407407406 0.88984375 0.362962962962963 0.024479166666666666
