2 0.28125 0.34953703703703703 0.5625 0.3398148148148148
2 0.28098958333333335 0.3925925925925926 0.11614583333333334 0.2074074074074074
2 0.09348958333333333 0.6509259259259259 0.13697916666666668 0.24259259259259258
7 0.052083333333333336 0.8208333333333333 0.09375 0.03981481481481482
2 0.28098958333333335 0.6509259259259259 0.13697916666666668 0.24259259259259258
7 0.23307291666666666 0.8208333333333333 0.08072916666666667 0.03981481481481482
2 0.46848958333333335 0.6509259259259259 0.13697916666666668 0.24259259259259258
7 0.46848958333333335 0.8212962962962963 0.1765625 0.07407407407407407
7 0.08541666666666667 1.1805555555555556 0.16041666666666668 0.03888888888888889
2 0.28098958333333335 1.0106481481481482 0.13697916666666668 0.24351851851851852
7 0.24166666666666667 1.1805555555555556 0.09791666666666667 0.03888888888888889
2 0.46848958333333335 1.0106481481481482 0.13697916666666668 0.24351851851851852
7 0.421875 1.1805555555555556 0.08333333333333333 0.03888888888888889
2 0.09348958333333333 1.3703703703703705 0.13697916666666668 0.24259259259259258
7 0.0390625 1.5402777777777779 0.06770833333333333 0.03981481481481482
2 0.28098958333333335 1.3703703703703705 0.13697916666666668 0.24259259259259258
7 0.2513020833333333 1.5402777777777779 0.1171875 0.03981481481481482
2 0.46848958333333335 1.3703703703703705 0.13697916666666668 0.24259259259259258
7 0.43463541666666666 1.5402777777777779 0.10885416666666667 0.03981481481481482
2 0.09348958333333333 1.6347222222222222 0.13697916666666668 0.05277777777777778
2 0.28098958333333335 1.6347222222222222 0.13697916666666668 0.05277777777777778
2 0.46848958333333335 1.6347222222222222 0.13697916666666668 0.05277777777777778
7 0.14166666666666666 0.24722222222222223 0.11979166666666667 0.06481481481481481
2 0.03828125 0.24768518518518517 0.0765625 0.1361111111111111
2 0.04088541666666667 1.587962962962963 0.08177083333333333 0.14629629629629629
7 0.2830729166666667 1.5453703703703703 0.39427083333333335 0.046296296296296294
7 0.2830729166666667 1.587037037037037 0.39427083333333335 0.037037037037037035
7 0.2830729166666667 1.6245370370370371 0.39427083333333335 0.03796296296296296
2 0.5213541666666667 1.6171296296296296 0.08229166666666667 0.08796296296296297
