2 0.28125 0.34953703703703703 0.5625 0.3398148148148148
2 0.28098958333333335 0.3925925925925926 0.11614583333333334 0.2074074074074074
2 0.49661458333333336 0.5152777777777777 0.0765625 0.1361111111111111
7 0.28125 0.6050925925925926 0.5625 0.04351851851851852
2 0.04505208333333333 0.7069444444444445 0.06822916666666666 0.12129629629629629
7 0.30572916666666666 0.6814814814814815 0.42604166666666665 0.046296296296296294
7 0.30572916666666666 0.7231481481481481 0.42604166666666665 0.037037037037037035
2 0.53515625 0.7069444444444445 0.0328125 0.058333333333333334
2 0.04505208333333333 0.8310185185185185 0.06822916666666666 0.12129629629629629
7 0.30572916666666666 0.8060185185185185 0.42604166666666665 0.04537037037037037
7 0.30572916666666666 0.8472222222222222 0.42604166666666665 0.037037037037037035
2 0.53515625 0.8310185185185185 0.0328125 0.058333333333333334
2 0.04505208333333333 0.9555555555555556 0.06822916666666666 0.12222222222222222
7 0.30572916666666666 0.9300925925925926 0.42604166666666665 0.04537037037037037
7 0.30572916666666666 0.9712962962962963 0.42604166666666665 0.037037037037037035
2 0.53515625 0.9550925925925926 0.0328125 0.058333333333333334
2 0.04505208333333333 1.0800925925925926 0.06822916666666666 0.12129629629629629
7 0.30572916666666666 1.0546296296296296 0.42604166666666665 0.046296296296296294
7 0.30572916666666666 1.0958333333333334 0.42604166666666665 0.03611111111111111
2 0.53515625 1.0791666666666666 0.0328125 0.058333333333333334
2 0.04505208333333333 1.2041666666666666 0.06822916666666666 0.12129629629629629
7 0.30572916666666666 1.1787037037037038 0.42604166666666665 0.046296296296296294
7 0.30572916666666666 1.2203703703703703 0.42604166666666665 0.037037037037037035
2 0.53515625 1.2041666666666666 0.0328125 0.058333333333333334
2 0.04505208333333333 1.3282407407407408 0.06822916666666666 0.12129629629629629
7 0.30572916666666666 1.3032407407407407 0.42604166666666665 0.04537037037037037
7 0.30572916666666666 1.3444444444444446 0.42604166666666665 0.037037037037037035
2 0.53515625 1.3282407407407408 0.0328125 0.058333333333333334
2 0.04505208333333333 1.4527777777777777 0.06822916666666666 0.12222222222222222
7 0.30572916666666666 1.427314814814815 0.42604166666666665 0.04537037037037037
7 0.30572916666666666 1.4685185185185186 0.42604166666666665 0.037037037037037035
2 0.53515625 1.4523148148148148 0.0328125 0.058333333333333334
7 0.27838541666666666 1.549074074074074 0.5567708333333333 0.046296296296296294
7 0.28125 1.6467592592592593 0.5625 0.028703703703703703
7 0.14583333333333334 0.24722222222222223 0.128125 0.06481481481481481
2 0.03828125 0.24768518518518517 0.0765625 0.1361111111111111
2 0.04088541666666667 1.587962962962963 0.08177083333333333 0.14629629629629629
7 0.2830729166666667 1.5453703703703703 0.39427083333333335 0.046296296296296294
7 0.2830729166666667 1.587037037037037 0.39427083333333335 0.037037037037037035
7 0.2830729166666667 1.6245370370370371 0.39427083333333335 0.03796296296296296
2 0.5213541666666667 1.587962962962963 0.08229166666666667 0.14629629629629629
