2 0.065625 0.4222222222222222 0.109375 0.19444444444444445
7 0.34270833333333334 0.40046296296296297 0.41770833333333335 0.05277777777777778
2 0.065625 0.6268518518518519 0.109375 0.19444444444444445
7 0.34270833333333334 0.6041666666666666 0.41770833333333335 0.05277777777777778
2 0.065625 0.8305555555555556 0.109375 0.19444444444444445
7 0.34270833333333334 0.8087962962962963 0.41770833333333335 0.05277777777777778
2 0.065625 1.0351851851851852 0.109375 0.19444444444444445
7 0.34270833333333334 1.0125 0.41770833333333335 0.05277777777777778
2 0.065625 1.238888888888889 0.109375 0.19444444444444445
7 0.34270833333333334 1.2171296296296297 0.41770833333333335 0.05277777777777778
2 0.065625 1.4435185185185184 0.109375 0.19444444444444445
7 0.34270833333333334 1.4208333333333334 0.41770833333333335 0.05277777777777778
2 0.065625 1.6055555555555556 0.109375 0.1111111111111111
7 0.34270833333333334 1.6254629629629629 0.41770833333333335 0.05277777777777778
7 0.20416666666666666 0.24722222222222223 0.24479166666666666 0.06481481481481481
2 0.03828125 0.24768518518518517 0.0765625 0.1361111111111111
2 0.04088541666666667 1.587962962962963 0.08177083333333333 0.14629629629629629
7 0.2830729166666667 1.5453703703703703 0.39427083333333335 0.046296296296296294
7 0.2830729166666667 1.587037037037037 0.39427083333333335 0.037037037037037035
7 0.2830729166666667 1.6245370370370371 0.39427083333333335 0.03796296296296296
2 0.5213541666666667 1.587962962962963 0.08229166666666667 0.14629629629629629
