7 0.28125 0.35648148148148145 0.5625 0.04259259259259259
2 0.10390625 0.5430555555555555 0.1640625 0.2916666666666667
7 0.10390625 0.6467592592592593 0.1640625 0.03981481481481482
2 0.27890625 0.5430555555555555 0.1640625 0.2916666666666667
7 0.27890625 0.6467592592592593 0.1640625 0.03981481481481482
2 0.45390625 0.5430555555555555 0.1640625 0.2916666666666667
7 0.45390625 0.6467592592592593 0.1640625 0.03981481481481482
2 0.5546875 0.5430555555555555 0.015625 0.2916666666666667
7 0.5546875 0.6467592592592593 0.015625 0.03981481481481482
7 0.28125 0.7300925925925926 0.5625 0.04351851851851852
2 0.10390625 0.9171296296296296 0.1640625 0.2916666666666667
7 0.10390625 1.0199074074074075 0.1640625 0.03981481481481482
2 0.27890625 0.9171296296296296 0.1640625 0.2916666666666667
7 0.27890625 1.0199074074074075 0.1640625 0.03981481481481482
2 0.45390625 0.9171296296296296 0.1640625 0.2916666666666667
7 0.45390625 1.0199074074074075 0.1640625 0.03981481481481482
2 0.5546875 0.9171296296296296 0.015625 0.2916666666666667
7 0.5546875 1.0199074074074075 0.015625 0.03981481481481482
7 0.28125 1.1254629629629629 0.5625 0.04351851851851852
2 0.10390625 1.3125 0.1640625 0.2916666666666667
7 0.10390625 1.4944444444444445 0.1640625 0.03888888888888889
2 0.27890625 1.3125 0.1640625 0.2916666666666667
7 0.27890625 1.4944444444444445 0.1640625 0.03888888888888889
2 0.45390625 1.3125 0.1640625 0.2916666666666667
7 0.45390625 1.4944444444444445 0.1640625 0.03888888888888889
2 0.5546875 1.3125 0.015625 0.2916666666666667
7 0.5546875 1.4944444444444445 0.015625 0.03888888888888889
7 0.28125 1.5935185185185186 0.5625 0.04259259259259259
2 0.039322916666666666 1.6476851851851853 0.06822916666666666 0.026851851851851852
7 0.30572916666666666 1.6541666666666666 0.43645833333333334 0.013888888888888888
7 0.12760416666666666 0.24722222222222223 0.09166666666666666 0.06481481481481481
2 0.03828125 0.24768518518518517 0.0765625 0.1361111111111111
