2 0.28125 0.22824074074074074 0.5625 0.09722222222222222
2 0.28098958333333335 0.2162037037037037 0.11614583333333334 0.07314814814814814
2 0.49661458333333336 0.27361111111111114 0.0765625 0.1361111111111111
2 0.04505208333333333 0.4023148148148148 0.06822916666666666 0.12129629629629629
7 0.30572916666666666 0.3768518518518518 0.42604166666666665 0.046296296296296294
7 0.30572916666666666 0.41805555555555557 0.42604166666666665 0.03611111111111111
2 0.53515625 0.4013888888888889 0.0328125 0.058333333333333334
2 0.04505208333333333 0.5263888888888889 0.06822916666666666 0.12129629629629629
7 0.30572916666666666 0.5009259259259259 0.42604166666666665 0.046296296296296294
7 0.30572916666666666 0.5425925925925926 0.42604166666666665 0.037037037037037035
2 0.53515625 0.5263888888888889 0.0328125 0.058333333333333334
2 0.04505208333333333 0.6504629629629629 0.06822916666666666 0.12129629629629629
7 0.30572916666666666 0.625462962962963 0.42604166666666665 0.04537037037037037
7 0.30572916666666666 0.6666666666666666 0.42604166666666665 0.037037037037037035
2 0.53515625 0.6504629629629629 0.0328125 0.058333333333333334
2 0.04505208333333333 0.775 0.06822916666666666 0.12222222222222222
7 0.30572916666666666 0.749537037037037 0.42604166666666665 0.04537037037037037
7 0.30572916666666666 0.7907407407407407 0.42604166666666665 0.037037037037037035
2 0.53515625 0.774537037037037 0.0328125 0.058333333333333334
2 0.04505208333333333 0.899537037037037 0.06822916666666666 0.12129629629629629
7 0.30572916666666666 0.8740740740740741 0.42604166666666665 0.046296296296296294
7 0.30572916666666666 0.9152777777777777 0.42604166666666665 0.03611111111111111
2 0.53515625 0.8986111111111111 0.0328125 0.058333333333333334
2 0.04505208333333333 1.023611111111111 0.06822916666666666 0.12129629629629629
7 0.30572916666666666 0.9981481481481481 0.42604166666666665 0.046296296296296294
7 0.30572916666666666 1.0398148148148147 0.42604166666666665 0.037037037037037035
2 0.53515625 1.023611111111111 0.0328125 0.058333333333333334
2 0.04505208333333333 1.1476851851851853 0.06822916666666666 0.12129629629629629
7 0.30572916666666666 1.1226851851851851 0.42604166666666665 0.04537037037037037
7 0.30572916666666666 1.163888888888889 0.42604166666666665 0.037037037037037035
2 0.53515625 1.1476851851851853 0.0328125 0.058333333333333334
2 0.04505208333333333 1.2722222222222221 0.06822916666666666 0.12222222222222222
7 0.30572916666666666 1.2467592592592593 0.42604166666666665 0.04537037037037037
7 0.30572916666666666 1.287962962962963 0.42604166666666665 0.037037037037037035
2 0.53515625 1.2717592592592593 0.0328125 0.058333333333333334
2 0.04505208333333333 1.3768518518518518 0.06822916666666666 0.08148148148148149
7 0.30572916666666666 1.3712962962962962 0.42604166666666665 0.046296296296296294
7 0.30572916666666666 1.4060185185185186 0.42604166666666665 0.023148148148148147
2 0.53515625 1.3921296296296297 0.0328125 0.05092592592592592
2 0.28125 0.9203703703703704 0.5625 1.4814814814814814
2 0.03125 0.22361111111111112 0.040625 0.07314814814814814
7 0.28098958333333335 0.22314814814814815 0.4588541666666667 0.046296296296296294
2 0.5309895833333333 0.22361111111111112 0.04114583333333333 0.07314814814814814
2 0.28098958333333335 0.7981481481481482 0.24635416666666668 0.43703703703703706
2 0.02578125 1.3097222222222222 0.04114583333333333 0.07314814814814814
7 0.2838541666666667 1.2842592592592592 0.475 0.046296296296296294
7 0.2838541666666667 1.3328703703703704 0.475 0.05092592592592592
2 0.5419270833333333 1.3097222222222222 0.04114583333333333 0.07314814814814814
7 0.030989583333333334 1.4175925925925925 0.0484375 0.046296296296296294
7 0.5309895833333333 1.4175925925925925 0.0484375 0.046296296296296294
2 0.03411458333333333 1.575462962962963 0.0546875 0.09722222222222222
2 0.20234375 1.575 0.0484375 0.08518518518518518
2 0.28098958333333335 1.575462962962963 0.08177083333333333 0.14537037037037037
2 0.35989583333333336 1.575 0.04791666666666667 0.08518518518518518
2 0.5278645833333333 1.575462962962963 0.0546875 0.09722222222222222
