2 0.28125 0.34953703703703703 0.5625 0.3398148148148148
2 0.28098958333333335 0.3925925925925926 0.11614583333333334 0.2074074074074074
2 0.49661458333333336 0.5162037037037037 0.0765625 0.1361111111111111
2 0.04505208333333333 0.6449074074074074 0.06822916666666666 0.12129629629629629
7 0.30572916666666666 0.6199074074074075 0.42604166666666665 0.04537037037037037
7 0.30572916666666666 0.6611111111111111 0.42604166666666665 0.037037037037037035
2 0.53515625 0.6449074074074074 0.0328125 0.058333333333333334
2 0.04505208333333333 0.7694444444444445 0.06822916666666666 0.12222222222222222
7 0.30572916666666666 0.7439814814814815 0.42604166666666665 0.04537037037037037
7 0.30572916666666666 0.7851851851851852 0.42604166666666665 0.037037037037037035
2 0.53515625 0.7689814814814815 0.0328125 0.058333333333333334
2 0.04505208333333333 0.8939814814814815 0.06822916666666666 0.12129629629629629
7 0.30572916666666666 0.8685185185185185 0.42604166666666665 0.046296296296296294
7 0.30572916666666666 0.9097222222222222 0.42604166666666665 0.03611111111111111
2 0.53515625 0.8930555555555556 0.0328125 0.058333333333333334
2 0.04505208333333333 1.0180555555555555 0.06822916666666666 0.12129629629629629
7 0.30572916666666666 0.9925925925925926 0.42604166666666665 0.046296296296296294
7 0.30572916666666666 1.0342592592592592 0.42604166666666665 0.037037037037037035
2 0.53515625 1.0180555555555555 0.0328125 0.058333333333333334
2 0.04505208333333333 1.1421296296296297 0.06822916666666666 0.12129629629629629
7 0.30572916666666666 1.1171296296296296 0.42604166666666665 0.04537037037037037
7 0.30572916666666666 1.1583333333333334 0.42604166666666665 0.037037037037037035
2 0.53515625 1.1421296296296297 0.0328125 0.058333333333333334
2 0.04505208333333333 1.2666666666666666 0.06822916666666666 0.12222222222222222
7 0.30572916666666666 1.2412037037037038 0.42604166666666665 0.04537037037037037
7 0.30572916666666666 1.2824074074074074 0.42604166666666665 0.037037037037037035
2 0.53515625 1.2662037037037037 0.0328125 0.058333333333333334
2 0.04505208333333333 1.3912037037037037 0.06822916666666666 0.12129629629629629
7 0.30572916666666666 1.3657407407407407 0.42604166666666665 0.046296296296296294
7 0.30572916666666666 1.4069444444444446 0.42604166666666665 0.03611111111111111
2 0.53515625 1.3902777777777777 0.0328125 0.058333333333333334
2 0.04505208333333333 1.5152777777777777 0.06822916666666666 0.12129629629629629
7 0.30572916666666666 1.489814814814815 0.42604166666666665 0.046296296296296294
7 0.30572916666666666 1.5314814814814814 0.42604166666666665 0.037037037037037035
2 0.53515625 1.5152777777777777 0.0328125 0.058333333333333334
2 0.04505208333333333 1.6199074074074074 0.06822916666666666 0.0824074074074074
7 0.30572916666666666 1.6143518518518518 0.42604166666666665 0.04537037037037037
7 0.30572916666666666 1.6490740740740741 0.42604166666666665 0.024074074074074074
2 0.53515625 1.6356481481481482 0.0328125 0.05092592592592592
7 0.18411458333333333 0.24722222222222223 0.2046875 0.06481481481481481
2 0.03828125 0.24768518518518517 0.0765625 0.1361111111111111
2 0.04088541666666667 1.587962962962963 0.08177083333333333 0.14629629629629629
7 0.2830729166666667 1.5453703703703703 0.39427083333333335 0.046296296296296294
7 0.2830729166666667 1.587037037037037 0.39427083333333335 0.037037037037037035
7 0.2830729166666667 1.6245370370370371 0.39427083333333335 0.03796296296296296
