2 0.28098958333333335 0.4962962962962963 0.5078125 0.5074074074074074
2 0.04765625 0.7138888888888889 0.04114583333333333 0.07222222222222222
7 0.10677083333333333 0.7138888888888889 0.07708333333333334 0.07222222222222222
7 0.28098958333333335 0.8268518518518518 0.5078125 0.1537037037037037
2 0.28098958333333335 1.2064814814814815 0.5078125 0.5074074074074074
2 0.04765625 1.4236111111111112 0.04114583333333333 0.07314814814814814
7 0.10677083333333333 1.4236111111111112 0.07708333333333334 0.07314814814814814
7 0.28098958333333335 1.537037037037037 0.5078125 0.1537037037037037
2 0.03828125 0.12638888888888888 0.0765625 0.1361111111111111
7 0.21484375 0.1259259259259259 0.26614583333333336 0.06481481481481481
