2 0.07592592592592592 0.06822916666666666 0.07777777777777778 0.04375
2 0.07592592592592592 0.06822916666666666 0.07777777777777778 0.04375
2 0.825 0.06822916666666666 0.11666666666666667 0.07083333333333333
2 0.9416666666666667 0.06822916666666666 0.11666666666666667 0.07083333333333333
4 0.46111111111111114 0.4005208333333333 0.8722222222222222 0.05416666666666667
8 0.9439814814814815 0.39765625 0.10092592592592593 0.06302083333333333
8 0.8930555555555556 0.13776041666666666 0.1527777777777778 0.03802083333333333
7 0.09259259259259259 0.13776041666666666 0.06111111111111111 0.03802083333333333
7 0.22777777777777777 0.13723958333333333 0.13333333333333333 0.030729166666666665
2 0.7587962962962963 0.14088541666666668 0.06944444444444445 0.03802083333333333
2 0.4986111111111111 0.29192708333333334 0.4046296296296296 0.07239583333333334
7 0.5518518518518518 0.88125 0.2351851851851852 0.0375
8 0.8268518518518518 0.8802083333333334 0.21666666666666667 0.04583333333333333
7 0.8268518518518518 0.8838541666666667 0.07777777777777778 0.01875
