7 0.039322916666666666 0.23472222222222222 0.0515625 0.032407407407407406
7 0.15833333333333333 0.23472222222222222 0.159375 0.032407407407407406
7 0.28020833333333334 0.23472222222222222 0.057291666666666664 0.032407407407407406
7 0.28098958333333335 0.27546296296296297 0.5348958333333333 0.03981481481481482
2 0.28125 0.9541666666666667 0.5625 1.1212962962962962
2 0.28125 1.587962962962963 0.0875 0.14629629629629629
2 0.11875 1.587962962962963 0.2375 0.14629629629629629
2 0.44375 1.587962962962963 0.2375 0.14629629629629629
2 0.020572916666666666 0.262037037037037 0.027604166666666666 0.04814814814814815
7 0.22213541666666667 0.262037037037037 0.37552083333333336 0.046296296296296294
2 0.20494791666666667 0.3351851851851852 0.40989583333333335 0.009259259259259259
2 0.020572916666666666 0.4078703703703704 0.027604166666666666 0.049074074074074076
7 0.22213541666666667 0.4078703703703704 0.37552083333333336 0.04537037037037037
7 0.20494791666666667 0.5439814814814815 0.40989583333333335 0.04537037037037037
7 0.20494791666666667 0.6800925925925926 0.40989583333333335 0.04537037037037037
7 0.20494791666666667 0.8162037037037037 0.40989583333333335 0.04537037037037037
7 0.20494791666666667 0.9523148148148148 0.40989583333333335 0.04537037037037037
7 0.20494791666666667 1.088425925925926 0.40989583333333335 0.04537037037037037
2 0.20494791666666667 1.161574074074074 0.40989583333333335 0.010185185185185186
2 0.020572916666666666 1.2342592592592592 0.027604166666666666 0.04814814814814815
7 0.22213541666666667 1.2342592592592592 0.37552083333333336 0.046296296296296294
2 0.020572916666666666 1.3703703703703705 0.027604166666666666 0.04814814814814815
7 0.22213541666666667 1.3703703703703705 0.37552083333333336 0.046296296296296294
2 0.020572916666666666 1.5064814814814815 0.027604166666666666 0.04814814814814815
7 0.22213541666666667 1.5064814814814815 0.37552083333333336 0.046296296296296294
2 0.20494791666666667 1.5796296296296297 0.40989583333333335 0.009259259259259259
7 0.20494791666666667 1.6453703703703704 0.40989583333333335 0.03148148148148148
2 0.03828125 0.12638888888888888 0.0765625 0.1361111111111111
7 0.11822916666666666 0.1259259259259259 0.07291666666666667 0.06481481481481481
2 0.3927083333333333 0.1259259259259259 0.04375 0.07777777777777778
