7 0.0699074074074074 0.13203125 0.09166666666666666 0.018229166666666668
7 0.2814814814814815 0.13203125 0.2833333333333333 0.018229166666666668
7 0.4981481481481482 0.13203125 0.10185185185185185 0.018229166666666668
7 0.49953703703703706 0.15494791666666666 0.950925925925926 0.022395833333333334
2 0.500462962962963 0.53671875 0.9990740740740741 0.6307291666666667
8 0.5 0.8932291666666666 0.15555555555555556 0.08229166666666667
8 0.21157407407407408 0.8932291666666666 0.4212962962962963 0.08229166666666667
8 0.7888888888888889 0.8932291666666666 0.4222222222222222 0.08229166666666667
2 0.06851851851851852 0.07109375 0.13518518518518519 0.0765625
7 0.2101851851851852 0.07083333333333333 0.12962962962962962 0.036458333333333336
2 0.6981481481481482 0.07083333333333333 0.07777777777777778 0.04375
