7 0.28098958333333335 0.0875 0.5515625 0.05648148148148148
7 0.28125 0.1935185185185185 0.5625 0.14814814814814814
2 0.05078125 0.32175925925925924 0.0328125 0.058333333333333334
7 0.13072916666666667 0.32175925925925924 0.1 0.06018518518518518
2 0.05078125 0.43194444444444446 0.0328125 0.058333333333333334
7 0.13072916666666667 0.43148148148148147 0.1 0.05925925925925926
2 0.05078125 0.5412037037037037 0.0328125 0.058333333333333334
7 0.13072916666666667 0.5412037037037037 0.1 0.06018518518518518
2 0.05078125 0.6513888888888889 0.0328125 0.058333333333333334
7 0.13072916666666667 0.6509259259259259 0.1 0.05925925925925926
2 0.05078125 0.7606481481481482 0.0328125 0.058333333333333334
7 0.14166666666666666 0.7606481481481482 0.121875 0.06018518518518518
