2 0.026041666666666668 0.10046296296296296 0.03854166666666667 0.06759259259259259
7 0.08567708333333333 0.10092592592592593 0.08072916666666667 0.08518518518518518
2 0.56015625 0.10092592592592593 0.0046875 0.08518518518518518
2 0.5440104166666667 0.10092592592592593 0.019270833333333334 0.07037037037037037
2 0.029427083333333333 0.20185185185185187 0.058854166666666666 0.11666666666666667
2 0.08255208333333333 0.20185185185185187 0.06302083333333333 0.11666666666666667
2 0.1375 0.20185185185185187 0.0625 0.11666666666666667
2 0.19244791666666666 0.20185185185185187 0.06302083333333333 0.11666666666666667
2 0.24765625 0.20185185185185187 0.06302083333333333 0.11666666666666667
2 0.3028645833333333 0.20185185185185187 0.06302083333333333 0.11666666666666667
2 0.3578125 0.20185185185185187 0.0625 0.11666666666666667
2 0.4127604166666667 0.20185185185185187 0.06302083333333333 0.11666666666666667
2 0.46796875 0.20185185185185187 0.06302083333333333 0.11666666666666667
2 0.5231770833333333 0.20185185185185187 0.06302083333333333 0.11666666666666667
2 0.5546875 0.20185185185185187 0.015625 0.11666666666666667
2 0.028125 0.3055555555555556 0.05625 0.06111111111111111
7 0.309375 0.3055555555555556 0.50625 0.09074074074074075
2 0.028125 0.399537037037037 0.05625 0.06018518518518518
7 0.309375 0.3990740740740741 0.50625 0.09074074074074075
2 0.028125 0.4930555555555556 0.05625 0.06018518518518518
7 0.309375 0.4930555555555556 0.50625 0.09166666666666666
2 0.028125 0.586574074074074 0.05625 0.06018518518518518
7 0.309375 0.587037037037037 0.50625 0.09074074074074075
2 0.028125 0.6805555555555556 0.05625 0.06111111111111111
7 0.309375 0.6805555555555556 0.50625 0.09074074074074075
2 0.028125 0.774537037037037 0.05625 0.06018518518518518
7 0.309375 0.774074074074074 0.50625 0.09074074074074075
2 0.028125 0.8680555555555556 0.05625 0.06018518518518518
7 0.309375 0.8680555555555556 0.50625 0.09166666666666666
2 0.028125 0.961574074074074 0.05625 0.06018518518518518
7 0.309375 0.962037037037037 0.50625 0.09074074074074075
2 0.028125 1.0555555555555556 0.05625 0.06111111111111111
7 0.309375 1.0555555555555556 0.50625 0.09074074074074075
2 0.028125 1.149537037037037 0.05625 0.06018518518518518
7 0.309375 1.1490740740740741 0.50625 0.09074074074074075
2 0.028125 1.2430555555555556 0.05625 0.06018518518518518
7 0.309375 1.2430555555555556 0.50625 0.09166666666666666
2 0.028125 1.3365740740740741 0.05625 0.06018518518518518
7 0.309375 1.337037037037037 0.50625 0.09074074074074075
2 0.028125 1.4305555555555556 0.05625 0.06111111111111111
7 0.309375 1.4305555555555556 0.50625 0.09074074074074075
2 0.028125 1.524537037037037 0.05625 0.06018518518518518
7 0.309375 1.5240740740740741 0.50625 0.09074074074074075
2 0.028125 1.6180555555555556 0.05625 0.06018518518518518
7 0.309375 1.6166666666666667 0.50625 0.08888888888888889
