2 0.026041666666666668 0.10046296296296296 0.03854166666666667 0.06759259259259259
7 0.15364583333333334 0.10092592592592593 0.21666666666666667 0.08518518518518518
2 0.56015625 0.10092592592592593 0.0046875 0.08518518518518518
2 0.52734375 0.10092592592592593 0.05260416666666667 0.07037037037037037
2 0.06145833333333333 0.15787037037037038 0.109375 0.004629629629629629
7 0.33567708333333335 0.15694444444444444 0.4390625 0.002777777777777778
2 0.06145833333333333 0.20925925925925926 0.109375 0.09259259259259259
7 0.33567708333333335 0.20833333333333334 0.4390625 0.09074074074074075
2 0.06145833333333333 0.3050925925925926 0.109375 0.09351851851851851
7 0.33567708333333335 0.30416666666666664 0.4390625 0.09166666666666666
2 0.06145833333333333 0.4009259259259259 0.109375 0.09259259259259259
7 0.33567708333333335 0.4 0.4390625 0.09074074074074075
2 0.06145833333333333 0.49675925925925923 0.109375 0.09351851851851851
7 0.33567708333333335 0.49583333333333335 0.4390625 0.09166666666666666
2 0.06145833333333333 0.5925925925925926 0.109375 0.09259259259259259
7 0.33567708333333335 0.5916666666666667 0.4390625 0.09074074074074075
2 0.06145833333333333 0.6884259259259259 0.109375 0.09351851851851851
7 0.33567708333333335 0.6875 0.4390625 0.09166666666666666
2 0.06145833333333333 0.7842592592592592 0.109375 0.09259259259259259
7 0.33567708333333335 0.7833333333333333 0.4390625 0.09074074074074075
2 0.06145833333333333 0.8800925925925925 0.109375 0.09351851851851851
7 0.33567708333333335 0.8791666666666667 0.4390625 0.09166666666666666
2 0.06145833333333333 0.975925925925926 0.109375 0.09259259259259259
7 0.33567708333333335 0.975 0.4390625 0.09074074074074075
2 0.06145833333333333 1.0717592592592593 0.109375 0.09351851851851851
7 0.33567708333333335 1.0708333333333333 0.4390625 0.09166666666666666
2 0.06145833333333333 1.1675925925925925 0.109375 0.09259259259259259
7 0.33567708333333335 1.1666666666666667 0.4390625 0.09074074074074075
2 0.06145833333333333 1.263425925925926 0.109375 0.09351851851851851
7 0.33567708333333335 1.2625 0.4390625 0.09166666666666666
2 0.06145833333333333 1.3592592592592592 0.109375 0.09259259259259259
7 0.33567708333333335 1.3583333333333334 0.4390625 0.09074074074074075
2 0.06145833333333333 1.4550925925925926 0.109375 0.09351851851851851
7 0.33567708333333335 1.4541666666666666 0.4390625 0.09166666666666666
2 0.09322916666666667 1.5546296296296296 0.029166666666666667 0.05185185185185185
7 0.09322916666666667 1.6342592592592593 0.057291666666666664 0.046296296296296294
2 0.28072916666666664 1.5546296296296296 0.029166666666666667 0.05185185185185185
7 0.28098958333333335 1.6342592592592593 0.06510416666666667 0.046296296296296294
2 0.46822916666666664 1.5546296296296296 0.029166666666666667 0.05185185185185185
7 0.46822916666666664 1.6342592592592593 0.030208333333333334 0.046296296296296294
