2 0.026041666666666668 0.10046296296296296 0.03854166666666667 0.06759259259259259
7 0.1140625 0.10092592592592593 0.1375 0.08518518518518518
2 0.56015625 0.10092592592592593 0.0046875 0.08518518518518518
2 0.029427083333333333 0.20185185185185187 0.058854166666666666 0.11666666666666667
2 0.08255208333333333 0.20185185185185187 0.06302083333333333 0.11666666666666667
2 0.1375 0.20185185185185187 0.0625 0.11666666666666667
2 0.19244791666666666 0.20185185185185187 0.06302083333333333 0.11666666666666667
2 0.24765625 0.20185185185185187 0.06302083333333333 0.11666666666666667
2 0.3028645833333333 0.20185185185185187 0.06302083333333333 0.11666666666666667
2 0.3578125 0.20185185185185187 0.0625 0.11666666666666667
2 0.4127604166666667 0.20185185185185187 0.06302083333333333 0.11666666666666667
2 0.46796875 0.20185185185185187 0.06302083333333333 0.11666666666666667
2 0.5231770833333333 0.20185185185185187 0.06302083333333333 0.11666666666666667
2 0.5546875 0.20185185185185187 0.015625 0.11666666666666667
7 0.28098958333333335 0.32314814814814813 0.5432291666666667 0.09074074074074075
2 0.05 0.4162037037037037 0.08125 0.09351851851851851
7 0.23984375 0.4152777777777778 0.2984375 0.09166666666666666
7 0.4708333333333333 0.4152777777777778 0.16354166666666667 0.09166666666666666
2 0.05 0.5106481481481482 0.08125 0.09351851851851851
7 0.23984375 0.5097222222222222 0.2984375 0.09166666666666666
7 0.4708333333333333 0.5097222222222222 0.16354166666666667 0.09166666666666666
2 0.05 0.6050925925925926 0.08125 0.09351851851851851
7 0.23984375 0.6041666666666666 0.2984375 0.09166666666666666
7 0.4708333333333333 0.6041666666666666 0.16354166666666667 0.09166666666666666
7 0.28098958333333335 0.7222222222222222 0.5432291666666667 0.09074074074074075
2 0.05 0.8157407407407408 0.08125 0.09259259259259259
7 0.23984375 0.8138888888888889 0.2984375 0.08888888888888889
7 0.4708333333333333 0.8148148148148148 0.16354166666666667 0.09074074074074075
2 0.05 0.9101851851851852 0.08125 0.09259259259259259
7 0.23984375 0.9083333333333333 0.2984375 0.08888888888888889
7 0.4708333333333333 0.9092592592592592 0.16354166666666667 0.09074074074074075
2 0.05 1.0046296296296295 0.08125 0.09259259259259259
7 0.23984375 1.0027777777777778 0.2984375 0.08888888888888889
7 0.4708333333333333 1.0037037037037038 0.16354166666666667 0.09074074074074075
