7 0.2439814814814815 0.07083333333333333 0.19722222222222222 0.036458333333333336
2 0.06898148148148148 0.07083333333333333 0.062037037037037036 0.03229166666666667
3 0.15092592592592594 0.23411458333333332 0.26296296296296295 0.10677083333333333
7 0.14907407407407408 0.13776041666666666 0.26851851851851855 0.025520833333333333
7 0.6453703703703704 0.23984375 0.6537037037037037 0.13697916666666668
3 0.15092592592592594 0.49296875 0.26296296296296295 0.10677083333333333
7 0.19166666666666668 0.3966145833333333 0.3537037037037037 0.025520833333333333
7 0.6453703703703704 0.45416666666666666 0.6537037037037037 0.04791666666666667
3 0.15092592592592594 0.6752604166666667 0.26296296296296295 0.10677083333333333
7 0.04722222222222222 0.5791666666666667 0.06481481481481481 0.026041666666666668
7 0.6453703703703704 0.6700520833333333 0.6537037037037037 0.11510416666666666
7 0.850925925925926 0.7669270833333334 0.19444444444444445 0.0484375
3 0.15092592592592594 0.8966145833333333 0.26296296296296295 0.07552083333333333
7 0.046296296296296294 0.8158854166666667 0.06296296296296296 0.025520833333333333
7 0.6453703703703704 0.8919270833333334 0.6537037037037037 0.08489583333333334
2 0.8300925925925926 0.07161458333333333 0.08425925925925926 0.0421875
2 0.9453703703703704 0.07317708333333334 0.07407407407407407 0.0390625
