2 0.026041666666666668 0.10046296296296296 0.03854166666666667 0.06759259259259259
7 0.08802083333333334 0.10092592592592593 0.08541666666666667 0.08518518518518518
2 0.56015625 0.10092592592592593 0.0046875 0.08518518518518518
2 0.008854166666666666 0.20185185185185187 0.017708333333333333 0.11666666666666667
2 0.04140625 0.20185185185185187 0.06302083333333333 0.11666666666666667
2 0.09661458333333334 0.20185185185185187 0.06302083333333333 0.11666666666666667
2 0.1515625 0.20185185185185187 0.0625 0.11666666666666667
2 0.20651041666666667 0.20185185185185187 0.06302083333333333 0.11666666666666667
2 0.26171875 0.20185185185185187 0.06302083333333333 0.11666666666666667
2 0.31692708333333336 0.20185185185185187 0.06302083333333333 0.11666666666666667
2 0.371875 0.20185185185185187 0.0625 0.11666666666666667
2 0.42682291666666666 0.20185185185185187 0.06302083333333333 0.11666666666666667
2 0.48203125 0.20185185185185187 0.06302083333333333 0.11666666666666667
2 0.5341145833333333 0.20185185185185187 0.05677083333333333 0.11666666666666667
2 0.56171875 0.20185185185185187 0.0015625 0.11666666666666667
