2 0.026041666666666668 0.10046296296296296 0.03854166666666667 0.06759259259259259
7 0.15364583333333334 0.10092592592592593 0.21666666666666667 0.08518518518518518
2 0.56015625 0.10092592592592593 0.0046875 0.08518518518518518
2 0.5276041666666667 0.10092592592592593 0.052083333333333336 0.07037037037037037
2 0.09322916666666667 1.5546296296296296 0.029166666666666667 0.05185185185185185
7 0.09322916666666667 1.6342592592592593 0.057291666666666664 0.046296296296296294
2 0.28072916666666664 1.5546296296296296 0.029166666666666667 0.05185185185185185
7 0.28098958333333335 1.6342592592592593 0.06510416666666667 0.046296296296296294
2 0.46822916666666664 1.5546296296296296 0.029166666666666667 0.05185185185185185
7 0.46822916666666664 1.6342592592592593 0.030208333333333334 0.046296296296296294
