7 0.5 0.32916666666666666 0.8722222222222222 0.065625
7 0.5 0.3953125 0.8722222222222222 0.065625
7 0.5 0.46197916666666666 0.8722222222222222 0.065625
7 0.5 0.528125 0.8722222222222222 0.065625
7 0.5 0.5947916666666667 0.8722222222222222 0.065625
7 0.5 0.6609375 0.8722222222222222 0.065625
8 0.5 0.7276041666666667 0.8722222222222222 0.065625
7 0.5106481481481482 0.7299479166666667 0.13240740740740742 0.027604166666666666
5 0.8597222222222223 0.3294270833333333 0.06018518518518518 0.028645833333333332
5 0.8675925925925926 0.3966145833333333 0.06481481481481481 0.030729166666666665
5 0.8634259259259259 0.46432291666666664 0.05648148148148148 0.024479166666666666
5 0.8597222222222223 0.52890625 0.06018518518518518 0.0234375
5 0.8643518518518518 0.5979166666666667 0.05462962962962963 0.025
5 0.8597222222222223 0.6596354166666667 0.049074074074074076 0.0296875
