7 0.13177083333333334 0.22916666666666666 0.19791666666666666 0.058333333333333334
7 0.27265625 0.2814814814814815 0.4796875 0.046296296296296294
7 0.14583333333333334 0.3861111111111111 0.22604166666666667 0.05925925925925926
7 0.24817708333333333 0.43842592592592594 0.43072916666666666 0.04537037037037037
7 0.15546875 0.5430555555555555 0.2453125 0.058333333333333334
7 0.21458333333333332 0.5953703703703703 0.36354166666666665 0.046296296296296294
7 0.1453125 0.6898148148148148 0.225 0.05925925925925926
7 0.24140625 0.7620370370370371 0.4171875 0.08518518518518518
0 0.49375 0.7324074074074074 0.04375 0.07777777777777778
7 0.17578125 0.8981481481481481 0.2859375 0.05925925925925926
7 0.16276041666666666 1.0546296296296296 0.2598958333333333 0.05925925925925926
7 0.08723958333333333 1.212037037037037 0.10885416666666667 0.05925925925925926
2 0.03854166666666667 0.11666666666666667 0.04375 0.07777777777777778
7 0.11041666666666666 0.11574074074074074 0.08958333333333333 0.05925925925925926
