0 0.36435185185185187 0.14739583333333334 0.6324074074074074 0.04375
7 0.2222222222222222 0.19765625 0.34814814814814815 0.0296875
7 0.49953703703703706 0.2421875 0.9027777777777778 0.04791666666666667
7 0.29907407407407405 0.30052083333333335 0.17592592592592593 0.026041666666666668
7 0.4722222222222222 0.2984375 0.17037037037037037 0.03333333333333333
8 0.6731481481481482 0.30078125 0.23148148148148148 0.0546875
7 0.12962962962962962 0.35651041666666666 0.16296296296296298 0.0296875
8 0.7037037037037037 0.40546875 0.19444444444444445 0.0546875
2 0.06851851851851852 0.065625 0.07777777777777778 0.04375
7 0.34814814814814815 0.06510416666666667 0.46296296296296297 0.03333333333333333
