7 0.3221354166666667 0.06018518518518518 0.4421875 0.003703703703703704
7 0.28802083333333334 0.10462962962962963 0.33541666666666664 0.046296296296296294
2 0.47760416666666666 0.11064814814814815 0.04375 0.058333333333333334
2 0.5213541666666667 0.11064814814814815 0.04375 0.058333333333333334
2 0.04895833333333333 0.25787037037037036 0.08229166666666667 0.14537037037037037
7 0.20260416666666667 0.20787037037037037 0.16458333333333333 0.04537037037037037
7 0.35546875 0.20787037037037037 0.14114583333333333 0.04537037037037037
7 0.3221354166666667 0.34953703703703703 0.4421875 0.19907407407407407
7 0.28802083333333334 0.4912037037037037 0.33541666666666664 0.04537037037037037
2 0.47760416666666666 0.4976851851851852 0.04375 0.058333333333333334
2 0.5213541666666667 0.4976851851851852 0.04375 0.058333333333333334
2 0.04895833333333333 1.2537037037037038 0.08229166666666667 0.14629629629629629
7 0.17421875 1.2037037037037037 0.1078125 0.046296296296296294
7 0.3109375 1.2037037037037037 0.165625 0.046296296296296294
7 0.3221354166666667 1.424537037037037 0.4421875 0.35648148148148145
7 0.28802083333333334 1.6416666666666666 0.33541666666666664 0.03888888888888889
2 0.47760416666666666 1.6416666666666666 0.04375 0.03888888888888889
2 0.5213541666666667 1.6416666666666666 0.04375 0.03888888888888889
