2 0.04895833333333333 0.2810185185185185 0.08229166666666667 0.14537037037037037
7 0.19947916666666668 0.2310185185185185 0.15833333333333333 0.04537037037037037
7 0.38046875 0.2310185185185185 0.20364583333333333 0.04537037037037037
7 0.3221354166666667 0.33287037037037037 0.4421875 0.11944444444444445
7 0.20494791666666667 0.36203703703703705 0.40989583333333335 0.6074074074074074
2 0.47760416666666666 0.48009259259259257 0.04375 0.058333333333333334
2 0.5213541666666667 0.48009259259259257 0.04375 0.058333333333333334
2 0.04895833333333333 0.6273148148148148 0.08229166666666667 0.14537037037037037
7 0.1609375 0.5773148148148148 0.08125 0.04537037037037037
7 0.28125 0.5773148148148148 0.159375 0.04537037037037037
7 0.3221354166666667 0.6791666666666667 0.4421875 0.11944444444444445
7 0.28802083333333334 0.8203703703703704 0.33541666666666664 0.046296296296296294
2 0.47760416666666666 0.8263888888888888 0.04375 0.058333333333333334
2 0.5213541666666667 0.8263888888888888 0.04375 0.058333333333333334
2 0.04895833333333333 0.9740740740740741 0.08229166666666667 0.14629629629629629
7 0.19609375 0.924074074074074 0.1515625 0.046296296296296294
7 0.38567708333333334 0.924074074074074 0.22760416666666666 0.046296296296296294
7 0.3221354166666667 1.0657407407407407 0.4421875 0.19814814814814816
7 0.28802083333333334 1.2462962962962962 0.33541666666666664 0.046296296296296294
2 0.47760416666666666 1.2523148148148149 0.04375 0.058333333333333334
2 0.5213541666666667 1.2523148148148149 0.04375 0.058333333333333334
2 0.28125 1.5930555555555554 0.5625 0.1361111111111111
2 0.0390625 1.6 0.078125 0.12222222222222222
2 0.07942708333333333 1.6 0.0026041666666666665 0.12222222222222222
2 0.11979166666666667 1.6 0.078125 0.12222222222222222
2 0.19791666666666666 1.6 0.078125 0.12222222222222222
2 0.27786458333333336 1.6 0.08177083333333333 0.12222222222222222
2 0.3578125 1.6 0.078125 0.12222222222222222
2 0.3984375 1.6 0.003125 0.12222222222222222
2 0.4390625 1.6 0.078125 0.12222222222222222
2 0.47942708333333334 1.6 0.0026041666666666665 0.12222222222222222
2 0.5197916666666667 1.6 0.078125 0.12222222222222222
7 0.0546875 1.538888888888889 0.046875 0.08703703703703704
7 0.5390625 1.538888888888889 0.046875 0.08703703703703704
2 0.28098958333333335 1.575925925925926 0.11510416666666666 0.17037037037037037
2 0.28098958333333335 0.12268518518518519 0.4265625 0.10648148148148148
7 0.11979166666666667 0.12268518518518519 0.10416666666666667 0.10648148148148148
2 0.1734375 0.12268518518518519 0.003125 0.10648148148148148
7 0.22734375 0.12268518518518519 0.1046875 0.10648148148148148
2 0.28098958333333335 0.12268518518518519 0.0026041666666666665 0.10648148148148148
7 0.3346354166666667 0.12268518518518519 0.1046875 0.10648148148148148
2 0.38828125 0.12268518518518519 0.0026041666666666665 0.10648148148148148
7 0.44192708333333336 0.12268518518518519 0.1046875 0.10648148148148148
