7 0.3221354166666667 0.06805555555555555 0.4421875 0.019444444444444445
7 0.28802083333333334 0.11990740740740741 0.33541666666666664 0.04537037037037037
2 0.47760416666666666 0.12638888888888888 0.04375 0.058333333333333334
2 0.5213541666666667 0.12638888888888888 0.04375 0.058333333333333334
2 0.04895833333333333 0.27314814814814814 0.08229166666666667 0.14629629629629629
7 0.18177083333333333 0.22314814814814815 0.12291666666666666 0.046296296296296294
7 0.31953125 0.22314814814814815 0.15260416666666668 0.046296296296296294
7 0.3221354166666667 0.3648148148148148 0.4421875 0.19814814814814816
7 0.28802083333333334 0.5064814814814815 0.33541666666666664 0.046296296296296294
2 0.47760416666666666 0.5125 0.04375 0.058333333333333334
2 0.5213541666666667 0.5125 0.04375 0.058333333333333334
2 0.04895833333333333 1.2689814814814815 0.08229166666666667 0.14537037037037037
7 0.21875 1.2189814814814814 0.196875 0.04537037037037037
7 0.3958333333333333 1.2189814814814814 0.15729166666666666 0.04537037037037037
7 0.3221354166666667 1.3208333333333333 0.4421875 0.11944444444444445
7 0.28802083333333334 1.423148148148148 0.33541666666666664 0.046296296296296294
2 0.47760416666666666 1.4291666666666667 0.04375 0.058333333333333334
2 0.5213541666666667 1.4291666666666667 0.04375 0.058333333333333334
2 0.04895833333333333 1.576851851851852 0.08229166666666667 0.14629629629629629
7 0.1671875 1.526851851851852 0.09375 0.046296296296296294
7 0.30390625 1.526851851851852 0.1796875 0.046296296296296294
7 0.3221354166666667 1.6152777777777778 0.4421875 0.09166666666666666
