2 0.08703703703703704 0.39348958333333334 0.14629629629629629 0.08177083333333333
7 0.3175925925925926 0.35989583333333336 0.2074074074074074 0.026041666666666668
7 0.5726851851851852 0.4200520833333333 0.7861111111111111 0.07239583333333334
7 0.5995370370370371 0.47994791666666664 0.7712962962962963 0.025520833333333333
2 0.08703703703703704 0.5700520833333333 0.14629629629629629 0.08177083333333333
7 0.275 0.5364583333333334 0.12222222222222222 0.026041666666666668
7 0.5726851851851852 0.58984375 0.7861111111111111 0.058854166666666666
7 0.5995370370370371 0.6432291666666666 0.7712962962962963 0.026041666666666668
2 0.1111111111111111 0.17083333333333334 0.19444444444444445 0.109375
7 0.3351851851851852 0.12916666666666668 0.14629629629629629 0.026041666666666668
7 0.5967592592592592 0.20026041666666666 0.7379629629629629 0.09427083333333333
7 0.5847222222222223 0.2747395833333333 0.6453703703703704 0.025520833333333333
2 0.9365740740740741 0.2747395833333333 0.058333333333333334 0.0328125
7 0.37083333333333335 0.30416666666666664 0.325 0.026041666666666668
7 0.5657407407407408 0.30416666666666664 0.03888888888888889 0.026041666666666668
7 0.6564814814814814 0.30416666666666664 0.10740740740740741 0.026041666666666668
7 0.7449074074074075 0.30416666666666664 0.019444444444444445 0.026041666666666668
7 0.8666666666666667 0.30416666666666664 0.18888888888888888 0.026041666666666668
2 0.500462962962963 0.33880208333333334 0.9990740740740741 0.016145833333333335
4 0.4111111111111111 0.9015625 0.7833333333333333 0.065625
8 0.9013888888888889 0.8973958333333333 0.15833333333333333 0.057291666666666664
7 0.49907407407407406 0.06901041666666667 0.28703703703703703 0.0296875
2 0.07361111111111111 0.06875 0.04722222222222222 0.021875
