3 0.500462962962963 0.87578125 0.9990740740740741 0.1171875
3 0.16574074074074074 0.21510416666666668 0.3074074074074074 0.18333333333333332
7 0.16574074074074074 0.2955729166666667 0.3074074074074074 0.022395833333333334
3 0.49953703703703706 0.21510416666666668 0.30648148148148147 0.18333333333333332
7 0.49953703703703706 0.2955729166666667 0.30648148148148147 0.022395833333333334
3 0.8337962962962963 0.21510416666666668 0.30648148148148147 0.18333333333333332
7 0.8337962962962963 0.2955729166666667 0.30648148148148147 0.022395833333333334
3 0.16620370370370371 0.396875 0.30833333333333335 0.16041666666666668
7 0.16435185185185186 0.49270833333333336 0.10648148148148148 0.01875
3 0.49953703703703706 0.41067708333333336 0.30648148148148147 0.18385416666666668
7 0.49953703703703706 0.49140625 0.30648148148148147 0.022395833333333334
3 0.8337962962962963 0.41067708333333336 0.30648148148148147 0.18385416666666668
7 0.8337962962962963 0.49140625 0.30648148148148147 0.022395833333333334
3 0.16435185185185186 0.59609375 0.30462962962962964 0.16302083333333334
7 0.16712962962962963 0.68828125 0.11018518518518519 0.0171875
3 0.49907407407407406 0.5924479166666666 0.3 0.1640625
7 0.49953703703703706 0.6893229166666667 0.12314814814814815 0.021354166666666667
7 0.2101851851851852 0.07083333333333333 0.12962962962962962 0.036458333333333336
2 0.07314814814814814 0.071875 0.05925925925925926 0.034375
2 0.9467592592592593 0.071875 0.03981481481481482 0.035416666666666666
2 0.7291666666666666 0.07161458333333333 0.07685185185185185 0.0421875
2 0.8472222222222222 0.071875 0.06481481481481481 0.04375
