2 0.03958333333333333 0.13842592592592592 0.06041666666666667 0.10648148148148148
7 0.28098958333333335 0.13842592592592592 0.10989583333333333 0.10648148148148148
7 0.28125 0.24861111111111112 0.5625 0.0787037037037037
7 0.12578125 0.3439814814814815 0.2078125 0.0712962962962963
7 0.14947916666666666 0.4023148148148148 0.2552083333333333 0.04537037037037037
7 0.10052083333333334 0.500462962962963 0.15729166666666666 0.0712962962962963
7 0.14947916666666666 0.5592592592592592 0.2552083333333333 0.046296296296296294
0 0.5348958333333333 0.524074074074074 0.052083333333333336 0.11666666666666667
7 0.15104166666666666 0.6805555555555556 0.25833333333333336 0.07222222222222222
0 0.5348958333333333 0.6805555555555556 0.052083333333333336 0.11666666666666667
7 0.0875 0.8375 0.13125 0.0712962962962963
7 0.14375 0.9717592592592592 0.24375 0.0712962962962963
7 0.16536458333333334 1.0300925925925926 0.2869791666666667 0.04537037037037037
7 0.09375 1.1282407407407407 0.14375 0.0712962962962963
7 0.16536458333333334 1.1870370370370371 0.2869791666666667 0.046296296296296294
7 0.11041666666666666 1.3083333333333333 0.17708333333333334 0.07222222222222222
7 0.26119791666666664 1.4726851851851852 0.4786458333333333 0.13425925925925927
7 0.26119791666666664 1.5824074074074075 0.4786458333333333 0.08518518518518518
0 0.5348958333333333 1.5157407407407408 0.052083333333333336 0.11666666666666667
