2 0.09322916666666667 0.18194444444444444 0.08645833333333333 0.1527777777777778
2 0.3953125 0.08101851851851852 0.034375 0.03981481481481482
7 0.06510416666666667 0.4125 0.06979166666666667 0.08055555555555556
2 0.5153645833333333 0.41203703703703703 0.024479166666666666 0.06296296296296296
7 0.08072916666666667 0.5347222222222222 0.10104166666666667 0.08055555555555556
2 0.5153645833333333 0.5347222222222222 0.024479166666666666 0.06388888888888888
7 0.08020833333333334 0.674537037037037 0.1 0.08055555555555556
2 0.5153645833333333 0.674074074074074 0.024479166666666666 0.06296296296296296
7 0.05416666666666667 0.7976851851851852 0.04791666666666667 0.08055555555555556
2 0.5153645833333333 0.7972222222222223 0.024479166666666666 0.06296296296296296
7 0.04921875 0.9375 0.03802083333333333 0.08055555555555556
2 0.5153645833333333 0.937037037037037 0.024479166666666666 0.06296296296296296
7 0.06380208333333333 1.0597222222222222 0.0671875 0.08055555555555556
2 0.5153645833333333 1.0597222222222222 0.024479166666666666 0.06388888888888888
2 0.09348958333333333 1.5856481481481481 0.06822916666666666 0.09722222222222222
2 0.22890625 1.586111111111111 0.0546875 0.07222222222222222
7 0.31484375 1.586111111111111 0.1171875 0.1425925925925926
2 0.46875 1.5856481481481481 0.184375 0.09722222222222222
