2 0.03958333333333333 0.13842592592592592 0.06041666666666667 0.10648148148148148
7 0.28098958333333335 0.13842592592592592 0.10989583333333333 0.10648148148148148
7 0.28125 0.24861111111111112 0.5625 0.0787037037037037
7 0.11041666666666666 0.3439814814814815 0.17708333333333334 0.0712962962962963
7 0.14947916666666666 0.4023148148148148 0.2552083333333333 0.04537037037037037
0 0.5348958333333333 0.36666666666666664 0.052083333333333336 0.11666666666666667
7 0.18723958333333332 0.500462962962963 0.3307291666666667 0.0712962962962963
7 0.16536458333333334 0.5592592592592592 0.2869791666666667 0.046296296296296294
0 0.5348958333333333 0.524074074074074 0.052083333333333336 0.11666666666666667
7 0.1890625 0.6578703703703703 0.334375 0.0712962962962963
7 0.14947916666666666 0.7162037037037037 0.2552083333333333 0.04537037037037037
0 0.5348958333333333 0.6805555555555556 0.052083333333333336 0.11666666666666667
7 0.09921875 0.8143518518518519 0.1546875 0.0712962962962963
7 0.16536458333333334 0.8731481481481481 0.2869791666666667 0.046296296296296294
2 0.28125 0.9180555555555555 0.5625 0.002777777777777778
7 0.28671875 0.975 0.5296875 0.07222222222222222
7 0.28671875 1.0537037037037038 0.5296875 0.08518518518518518
2 0.28125 1.2662037037037037 0.5625 0.002777777777777778
7 0.2140625 1.323611111111111 0.384375 0.0712962962962963
7 0.14947916666666666 1.3824074074074073 0.2552083333333333 0.046296296296296294
0 0.5348958333333333 1.3472222222222223 0.052083333333333336 0.11666666666666667
