2 0.07037037037037037 0.07786458333333333 0.10740740740740741 0.059895833333333336
7 0.49953703703703706 0.07786458333333333 0.19537037037037036 0.059895833333333336
7 0.500462962962963 0.13984375 0.9990740740740741 0.044270833333333336
7 0.5046296296296297 0.19375 0.9518518518518518 0.040625
7 0.5046296296296297 0.33984375 0.9518518518518518 0.04010416666666667
8 0.18472222222222223 0.509375 0.2916666666666667 0.065625
2 0.500462962962963 0.56484375 0.9990740740740741 0.0015625
7 0.5046296296296297 0.59765625 0.9518518518518518 0.04010416666666667
8 0.18472222222222223 0.6833333333333333 0.2916666666666667 0.065625
2 0.500462962962963 0.7388020833333333 0.9990740740740741 0.0015625
7 0.2708333333333333 0.7841145833333333 0.4638888888888889 0.04010416666666667
0 0.950925925925926 0.784375 0.09259259259259259 0.065625
