2 0.09322916666666667 0.1787037037037037 0.08645833333333333 0.1537037037037037
2 0.3953125 0.08101851851851852 0.034375 0.03981481481481482
2 0.28203125 0.3638888888888889 0.5609375 0.12222222222222222
2 0.28203125 0.7694444444444445 0.5609375 0.5722222222222222
2 0.03697916666666667 1.1041666666666667 0.07083333333333333 0.09722222222222222
7 0.07473958333333333 1.1023148148148147 0.0046875 0.04537037037037037
7 0.28072916666666664 1.3083333333333333 0.16145833333333334 0.05925925925925926
2 0.09348958333333333 1.5875 0.06822916666666666 0.09722222222222222
2 0.22890625 1.588425925925926 0.0546875 0.07314814814814814
7 0.31484375 1.588425925925926 0.1171875 0.13796296296296295
2 0.46875 1.5875 0.184375 0.09722222222222222
