2 0.28098958333333335 0.23842592592592593 0.3671875 0.287962962962963
2 0.09010416666666667 0.47962962962962963 0.109375 0.19444444444444445
7 0.08984375 0.612037037037037 0.0953125 0.07037037037037037
2 0.28125 0.47962962962962963 0.109375 0.19444444444444445
7 0.28098958333333335 0.612037037037037 0.13072916666666667 0.07037037037037037
2 0.471875 0.47962962962962963 0.109375 0.19444444444444445
7 0.471875 0.612037037037037 0.059375 0.07037037037037037
2 0.09010416666666667 0.8166666666666667 0.109375 0.19444444444444445
7 0.09010416666666667 0.9486111111111111 0.05416666666666667 0.06944444444444445
2 0.28125 0.8166666666666667 0.109375 0.19444444444444445
7 0.28125 0.9486111111111111 0.059375 0.06944444444444445
2 0.471875 0.8166666666666667 0.109375 0.19444444444444445
7 0.471875 0.9486111111111111 0.0375 0.06944444444444445
2 0.09010416666666667 1.1527777777777777 0.109375 0.19444444444444445
7 0.08984375 1.2851851851851852 0.0984375 0.07037037037037037
2 0.28125 1.1527777777777777 0.109375 0.19444444444444445
7 0.28125 1.2851851851851852 0.078125 0.07037037037037037
2 0.471875 1.1527777777777777 0.109375 0.19444444444444445
7 0.47213541666666664 1.2851851851851852 0.07864583333333333 0.07037037037037037
2 0.28125 1.5273148148148148 0.5625 0.2675925925925926
