2 0.14036458333333332 0.17962962962962964 0.13697916666666668 0.24259259259259258
7 0.14036458333333332 0.33611111111111114 0.11510416666666666 0.07037037037037037
2 0.42161458333333335 0.17962962962962964 0.13697916666666668 0.24259259259259258
7 0.42135416666666664 0.33611111111111114 0.12916666666666668 0.07037037037037037
2 0.14036458333333332 0.7134259259259259 0.13697916666666668 0.24351851851851852
7 0.14036458333333332 0.8703703703703703 0.11927083333333334 0.07037037037037037
2 0.42161458333333335 0.7134259259259259 0.13697916666666668 0.24351851851851852
7 0.42161458333333335 0.8703703703703703 0.06302083333333333 0.07037037037037037
2 0.14036458333333332 1.2476851851851851 0.13697916666666668 0.24351851851851852
7 0.14036458333333332 1.4041666666666666 0.10989583333333333 0.06944444444444445
2 0.42161458333333335 1.2476851851851851 0.13697916666666668 0.24351851851851852
7 0.42161458333333335 1.4041666666666666 0.12135416666666667 0.06944444444444445
