2 0.07291666666666667 0.18703703703703703 0.13229166666666667 0.23333333333333334
7 0.07265625 0.26944444444444443 0.05572916666666667 0.06851851851851852
7 0.24322916666666666 0.09675925925925925 0.18125 0.05277777777777778
7 0.34713541666666664 0.16574074074074074 0.3890625 0.08518518518518518
2 0.07291666666666667 0.44722222222222224 0.13229166666666667 0.23333333333333334
7 0.07291666666666667 0.5291666666666667 0.08958333333333333 0.06944444444444445
7 0.24036458333333333 0.35694444444444445 0.17552083333333332 0.05277777777777778
7 0.34713541666666664 0.42592592592592593 0.3890625 0.08518518518518518
2 0.07291666666666667 0.7064814814814815 0.13229166666666667 0.23333333333333334
7 0.07291666666666667 0.7888888888888889 0.04583333333333333 0.06851851851851852
7 0.25286458333333334 0.6162037037037037 0.20052083333333334 0.05277777777777778
7 0.34713541666666664 0.6851851851851852 0.3890625 0.08518518518518518
2 0.07291666666666667 0.9666666666666667 0.13229166666666667 0.23333333333333334
7 0.07291666666666667 1.0486111111111112 0.04583333333333333 0.06944444444444445
7 0.21197916666666666 0.8763888888888889 0.11875 0.05277777777777778
7 0.34713541666666664 0.9453703703703704 0.3890625 0.08518518518518518
2 0.07291666666666667 1.2259259259259259 0.13229166666666667 0.23333333333333334
7 0.07291666666666667 1.3083333333333333 0.04583333333333333 0.06851851851851852
7 0.2375 1.1356481481481482 0.16979166666666667 0.05277777777777778
7 0.34713541666666664 1.2046296296296297 0.3890625 0.08518518518518518
2 0.07291666666666667 1.4861111111111112 0.13229166666666667 0.23333333333333334
7 0.07291666666666667 1.5680555555555555 0.04583333333333333 0.06944444444444445
7 0.2125 1.3958333333333333 0.11979166666666667 0.05277777777777778
7 0.34713541666666664 1.4648148148148148 0.3890625 0.08518518518518518
2 0.07291666666666667 1.6449074074074075 0.13229166666666667 0.032407407407407406
7 0.19609375 1.6449074074074075 0.08697916666666666 0.032407407407407406
