2 0.09140625 0.3416666666666667 0.1640625 0.18333333333333332
7 0.36302083333333335 0.3111111111111111 0.37916666666666665 0.12222222222222222
7 0.5091145833333334 0.39490740740740743 0.059895833333333336 0.04537037037037037
2 0.09140625 0.5393518518518519 0.1640625 0.1824074074074074
7 0.36302083333333335 0.5087962962962963 0.37916666666666665 0.12129629629629629
7 0.5091145833333334 0.5925925925925926 0.059895833333333336 0.046296296296296294
2 0.09140625 0.7375 0.1640625 0.1824074074074074
7 0.36302083333333335 0.7069444444444445 0.37916666666666665 0.12129629629629629
7 0.5091145833333334 0.7907407407407407 0.059895833333333336 0.046296296296296294
2 0.09140625 0.9356481481481481 0.1640625 0.1824074074074074
7 0.36302083333333335 0.9050925925925926 0.37916666666666665 0.12129629629629629
7 0.5091145833333334 0.9884259259259259 0.059895833333333336 0.04537037037037037
2 0.09140625 1.1333333333333333 0.1640625 0.18333333333333332
7 0.36302083333333335 1.1027777777777779 0.37916666666666665 0.12222222222222222
7 0.5091145833333334 1.186574074074074 0.059895833333333336 0.04537037037037037
2 0.09140625 1.3310185185185186 0.1640625 0.1824074074074074
7 0.36302083333333335 1.300462962962963 0.37916666666666665 0.12129629629629629
7 0.5091145833333334 1.3842592592592593 0.059895833333333336 0.046296296296296294
2 0.09140625 1.4884259259259258 0.1640625 0.10092592592592593
7 0.36302083333333335 1.4884259259259258 0.37916666666666665 0.10092592592592593
7 0.05703125 0.1259259259259259 0.0703125 0.06481481481481481
2 0.53515625 0.1259259259259259 0.0546875 0.11666666666666667
