2 0.03828125 0.12638888888888888 0.0765625 0.1361111111111111
7 0.1546875 0.1259259259259259 0.1125 0.06481481481481481
6 0.04583333333333333 0.2523148148148148 0.06458333333333334 0.06574074074074074
7 0.10703125 0.25277777777777777 0.0578125 0.11666666666666667
7 0.03854166666666667 1.4555555555555555 0.042708333333333334 0.03888888888888889
7 0.038802083333333334 1.4949074074074074 0.04739583333333333 0.03981481481481482
7 0.11666666666666667 1.4555555555555555 0.042708333333333334 0.03888888888888889
7 0.11692708333333333 1.4949074074074074 0.04739583333333333 0.03981481481481482
7 0.19479166666666667 1.4555555555555555 0.052083333333333336 0.03888888888888889
7 0.19505208333333332 1.4949074074074074 0.04739583333333333 0.03981481481481482
7 0.27291666666666664 1.4555555555555555 0.052083333333333336 0.03888888888888889
7 0.27317708333333335 1.4949074074074074 0.04739583333333333 0.03981481481481482
7 0.35104166666666664 1.4555555555555555 0.052083333333333336 0.03888888888888889
7 0.35130208333333335 1.4949074074074074 0.04739583333333333 0.03981481481481482
7 0.42942708333333335 1.4555555555555555 0.04114583333333333 0.03888888888888889
7 0.42942708333333335 1.4949074074074074 0.04739583333333333 0.03981481481481482
7 0.5075520833333333 1.4555555555555555 0.04114583333333333 0.03888888888888889
7 0.5075520833333333 1.4949074074074074 0.04739583333333333 0.03981481481481482
7 0.5622395833333333 1.4949074074074074 0.0005208333333333333 0.03981481481481482
