7 0.18359375 0.25277777777777777 0.2109375 0.11666666666666667
7 0.18359375 0.36944444444444446 0.2109375 0.11666666666666667
7 0.18359375 0.4861111111111111 0.2109375 0.11666666666666667
7 0.18359375 0.6027777777777777 0.2109375 0.11666666666666667
7 0.18359375 0.7194444444444444 0.2109375 0.11666666666666667
7 0.18359375 0.8361111111111111 0.2109375 0.11666666666666667
7 0.18359375 0.9527777777777777 0.2109375 0.11666666666666667
7 0.18359375 1.0694444444444444 0.2109375 0.11666666666666667
7 0.18359375 1.1861111111111111 0.2109375 0.11666666666666667
7 0.18359375 1.3027777777777778 0.2109375 0.11666666666666667
7 0.18359375 1.4194444444444445 0.2109375 0.11666666666666667
7 0.18359375 1.511111111111111 0.2109375 0.06666666666666667
