4 0.28125 0.2490740740740741 0.5625 0.10925925925925926
2 0.5333333333333333 0.2490740740740741 0.04375 0.07777777777777778
7 0.28125 0.36203703703703705 0.5625 0.11666666666666667
7 0.28125 0.48148148148148145 0.5625 0.11666666666666667
7 0.28125 0.600925925925926 0.5625 0.11666666666666667
7 0.28125 0.7203703703703703 0.5625 0.11666666666666667
7 0.28125 0.8398148148148148 0.5625 0.11666666666666667
7 0.28125 0.9592592592592593 0.5625 0.11666666666666667
7 0.28125 1.0787037037037037 0.5625 0.11666666666666667
7 0.28125 1.1981481481481482 0.5625 0.11666666666666667
7 0.28125 1.3175925925925926 0.5625 0.11666666666666667
7 0.28125 1.4370370370370371 0.5625 0.11666666666666667
7 0.28125 1.5564814814814816 0.5625 0.11666666666666667
7 0.28125 1.639351851851852 0.5625 0.04351851851851852
7 0.09557291666666666 0.1259259259259259 0.14739583333333334 0.06481481481481481
