7 0.5 0.0984375 0.8722222222222222 0.0875
7 0.5 0.1875 0.8722222222222222 0.0875
7 0.5 0.2765625 0.8722222222222222 0.0875
7 0.5 0.365625 0.8722222222222222 0.0875
7 0.5 0.4546875 0.8722222222222222 0.0875
7 0.5 0.54375 0.8722222222222222 0.0875
7 0.5 0.6328125 0.8722222222222222 0.0875
7 0.5 0.721875 0.8722222222222222 0.0875
7 0.5 0.8109375 0.8722222222222222 0.0875
7 0.5 0.884375 0.8722222222222222 0.05625
5 0.8875 0.09635416666666667 0.06574074074074074 0.05520833333333333
5 0.8824074074074074 0.19348958333333333 0.06111111111111111 0.043229166666666666
5 0.8893518518518518 0.2794270833333333 0.07314814814814814 0.0390625
5 0.8870370370370371 0.3609375 0.07777777777777778 0.046875
5 0.8814814814814815 0.45859375 0.06296296296296296 0.0296875
5 0.8856481481481482 0.5447916666666667 0.06574074074074074 0.036458333333333336
5 0.875 0.6356770833333333 0.06851851851851852 0.0328125
5 0.8847222222222222 0.7286458333333333 0.06018518518518518 0.026041666666666668
5 0.8819444444444444 0.8111979166666666 0.05462962962962963 0.034895833333333334
5 0.8851851851851852 0.90234375 0.07037037037037037 0.034895833333333334
