2 0.28125 1.2703703703703704 0.5625 0.7814814814814814
7 0.23151041666666666 0.1476851851851852 0.3703125 0.1398148148148148
7 0.23151041666666666 0.25925925925925924 0.3703125 0.14074074074074075
7 0.23151041666666666 0.3712962962962963 0.3703125 0.14074074074074075
7 0.23151041666666666 0.4828703703703704 0.3703125 0.1398148148148148
7 0.23151041666666666 0.5949074074074074 0.3703125 0.1398148148148148
7 0.23151041666666666 0.7064814814814815 0.3703125 0.14074074074074075
2 0.50625 0.12916666666666668 0.1125 0.14166666666666666
2 0.4979166666666667 1.4333333333333333 0.08229166666666667 0.053703703703703705
2 0.5466145833333333 1.5666666666666667 0.03177083333333333 0.15
