2 0.500462962962963 0.7145833333333333 0.9990740740740741 0.4395833333333333
7 0.4115740740740741 0.08307291666666666 0.6583333333333333 0.07864583333333333
7 0.4115740740740741 0.14583333333333334 0.6583333333333333 0.07916666666666666
7 0.4115740740740741 0.20885416666666667 0.6583333333333333 0.07916666666666666
7 0.4115740740740741 0.2716145833333333 0.6583333333333333 0.07864583333333333
7 0.4115740740740741 0.3346354166666667 0.6583333333333333 0.07864583333333333
7 0.4115740740740741 0.39739583333333334 0.6583333333333333 0.07916666666666666
2 0.4425925925925926 0.7083333333333334 0.8833333333333333 0.45208333333333334
7 0.6 0.07760416666666667 0.8 0.07916666666666666
7 0.32222222222222224 0.14765625 0.24444444444444444 0.0390625
4 0.5851851851851851 0.18984375 0.7518518518518519 0.0453125
7 0.3162037037037037 0.24296875 0.2324074074074074 0.0390625
4 0.5851851851851851 0.28541666666666665 0.7518518518518519 0.04583333333333333
7 0.2935185185185185 0.33880208333333334 0.18703703703703703 0.0390625
4 0.5851851851851851 0.38125 0.7518518518518519 0.04583333333333333
7 0.26944444444444443 0.43463541666666666 0.1388888888888889 0.0390625
4 0.5851851851851851 0.47708333333333336 0.7518518518518519 0.04583333333333333
7 0.3509259259259259 0.53046875 0.30185185185185187 0.0390625
4 0.5851851851851851 0.57265625 0.7518518518518519 0.0453125
7 0.38472222222222224 0.62578125 0.36944444444444446 0.0390625
7 0.8055555555555556 0.7440104166666667 0.3111111111111111 0.07239583333333334
2 0.10046296296296296 0.07265625 0.19907407407407407 0.0796875
2 0.2777777777777778 0.07786458333333333 0.07777777777777778 0.0328125
4 0.5 0.078125 0.6 0.065625
2 0.9 0.07552083333333333 0.2 0.08541666666666667
2 0.08518518518518518 0.80625 0.14629629629629629 0.030208333333333334
2 0.924074074074074 0.16041666666666668 0.10185185185185185 0.057291666666666664
2 0.924074074074074 0.7252604166666666 0.10185185185185185 0.05364583333333333
2 0.924074074074074 0.7799479166666666 0.10185185185185185 0.05572916666666667
2 0.32175925925925924 0.88125 0.35648148148148145 0.084375
2 0.6777777777777778 0.88125 0.35555555555555557 0.084375
4 0.5064814814814815 0.08098958333333334 0.6203703703703703 0.0734375
