7 0.13055555555555556 0.07135416666666666 0.18333333333333332 0.04479166666666667
7 0.49907407407407406 0.07682291666666667 0.5537037037037037 0.04635416666666667
2 0.3375 0.15052083333333333 0.32685185185185184 0.058333333333333334
2 0.662962962962963 0.15052083333333333 0.32407407407407407 0.058333333333333334
7 0.49953703703703706 0.2125 0.7768518518518519 0.04375
7 0.16111111111111112 0.26484375 0.24444444444444444 0.0390625
4 0.5046296296296297 0.30703125 0.912962962962963 0.0453125
7 0.1550925925925926 0.36015625 0.2324074074074074 0.0390625
4 0.5046296296296297 0.40260416666666665 0.912962962962963 0.04583333333333333
7 0.13240740740740742 0.45598958333333334 0.18703703703703703 0.0390625
4 0.5046296296296297 0.4984375 0.912962962962963 0.04583333333333333
7 0.10833333333333334 0.5518229166666667 0.1388888888888889 0.0390625
4 0.5046296296296297 0.5942708333333333 0.912962962962963 0.04583333333333333
7 0.3699074074074074 0.64765625 0.6620370370370371 0.0390625
4 0.5046296296296297 0.68984375 0.912962962962963 0.0453125
7 0.24259259259259258 0.74296875 0.4074074074074074 0.0390625
4 0.5046296296296297 0.7854166666666667 0.912962962962963 0.04583333333333333
7 0.2 0.8388020833333333 0.32222222222222224 0.0390625
7 0.11990740740740741 0.8674479166666667 0.16203703703703703 0.0390625
4 0.19074074074074074 0.9052083333333333 0.2851851851851852 0.036458333333333336
7 0.4 0.8674479166666667 0.09444444444444444 0.0390625
4 0.5046296296296297 0.9052083333333333 0.2851851851851852 0.036458333333333336
7 0.725925925925926 0.8674479166666667 0.11851851851851852 0.0390625
4 0.8185185185185185 0.9052083333333333 0.2851851851851852 0.036458333333333336
