7 0.28125 0.05 0.5625 0.1
2 0.06796875 0.12037037037037036 0.06822916666666666 0.040740740740740744
7 0.06796875 0.2361111111111111 0.0609375 0.037037037037037035
2 0.06796875 0.41805555555555557 0.06822916666666666 0.12129629629629629
7 0.06796875 0.5740740740740741 0.0796875 0.037037037037037035
2 0.06796875 0.7560185185185185 0.06822916666666666 0.12129629629629629
7 0.06822916666666666 0.9125 0.09583333333333334 0.03611111111111111
2 0.06796875 1.0944444444444446 0.06822916666666666 0.12222222222222222
7 0.06822916666666666 1.250925925925926 0.046875 0.037037037037037035
2 0.06796875 1.4328703703703705 0.06822916666666666 0.12129629629629629
7 0.06822916666666666 1.5888888888888888 0.052083333333333336 0.037037037037037035
2 0.24505208333333334 0.29305555555555557 0.1390625 0.24722222222222223
2 0.43671875 0.29305555555555557 0.1390625 0.24722222222222223
2 0.24505208333333334 0.6041666666666666 0.1390625 0.24722222222222223
