7 0.5407407407407407 0.06458333333333334 0.2351851851851852 0.04479166666666667
7 0.5712962962962963 0.13177083333333334 0.2962962962962963 0.04375
7 0.5111111111111111 0.19947916666666668 0.17592592592592593 0.03958333333333333
7 0.5694444444444444 0.2640625 0.29259259259259257 0.041666666666666664
7 0.5634259259259259 0.33046875 0.28055555555555556 0.04010416666666667
7 0.586574074074074 0.39479166666666665 0.32685185185185184 0.042708333333333334
7 0.6754629629629629 0.46145833333333336 0.5046296296296297 0.040625
7 0.6861111111111111 0.525 0.55 0.04375
7 0.5675925925925925 0.5927083333333333 0.2962962962962963 0.04479166666666667
7 0.5560185185185185 0.6604166666666667 0.28425925925925927 0.04583333333333333
