2 0.05390625 1.587962962962963 0.1078125 0.14629629629629629
2 0.11015625 1.587962962962963 0.0046875 0.14629629629629629
2 0.16666666666666666 1.587962962962963 0.10833333333333334 0.14629629629629629
2 0.2234375 1.587962962962963 0.005208333333333333 0.14629629629629629
2 0.28020833333333334 1.587962962962963 0.10833333333333334 0.14629629629629629
2 0.33671875 1.587962962962963 0.0046875 0.14629629629629629
2 0.39348958333333334 1.587962962962963 0.10885416666666667 0.14629629629629629
2 0.4505208333333333 1.587962962962963 0.005208333333333333 0.14629629629629629
2 0.5078125 1.587962962962963 0.109375 0.14629629629629629
2 0.19895833333333332 0.12268518518518519 0.39791666666666664 0.1287037037037037
2 0.43776041666666665 0.12268518518518519 0.0796875 0.1287037037037037
2 0.47994791666666664 0.12268518518518519 0.0046875 0.1287037037037037
2 0.5221354166666666 0.12268518518518519 0.0796875 0.1287037037037037
2 0.28125 0.45231481481481484 0.5625 0.5101851851851852
7 0.28125 0.7685185185185185 0.5625 0.12222222222222222
2 0.53828125 1.0912037037037037 0.0484375 0.5231481481481481
2 0.12552083333333333 0.9324074074074075 0.15520833333333334 0.20555555555555555
2 0.28098958333333335 0.9324074074074075 0.15572916666666667 0.20555555555555555
2 0.43645833333333334 0.9324074074074075 0.15520833333333334 0.20555555555555555
2 0.12552083333333333 1.2055555555555555 0.15520833333333334 0.20555555555555555
2 0.28098958333333335 1.2055555555555555 0.15572916666666667 0.20555555555555555
2 0.43645833333333334 1.2055555555555555 0.15520833333333334 0.20555555555555555
2 0.28125 1.3726851851851851 0.5625 0.03981481481481482
7 0.28125 1.4537037037037037 0.5625 0.12222222222222222
2 0.51328125 1.4537037037037037 0.0984375 0.12222222222222222
