7 0.5023148148148148 0.08671875 0.7064814814814815 0.0421875
7 0.5023148148148148 0.15208333333333332 0.7064814814814815 0.0875
7 0.5023148148148148 0.240625 0.7064814814814815 0.0875
7 0.5023148148148148 0.32864583333333336 0.7064814814814815 0.0875
7 0.5023148148148148 0.4171875 0.7064814814814815 0.0875
7 0.5023148148148148 0.5052083333333334 0.7064814814814815 0.0875
7 0.5023148148148148 0.59375 0.7064814814814815 0.0875
7 0.5023148148148148 0.6817708333333333 0.7064814814814815 0.0875
7 0.5023148148148148 0.7703125 0.7064814814814815 0.0875
7 0.5023148148148148 0.8583333333333333 0.7064814814814815 0.0875
5 0.799074074074074 0.14895833333333333 0.08703703703703704 0.05
5 0.7870370370370371 0.24166666666666667 0.09259259259259259 0.051041666666666666
5 0.7953703703703704 0.3302083333333333 0.08703703703703704 0.057291666666666664
5 0.7916666666666666 0.4161458333333333 0.06851851851851852 0.04895833333333333
5 0.7916666666666666 0.49947916666666664 0.06851851851851852 0.03958333333333333
5 0.7888888888888889 0.59375 0.06666666666666667 0.05520833333333333
5 0.7944444444444444 0.6828125 0.07777777777777778 0.040625
5 0.7935185185185185 0.77109375 0.09074074074074075 0.044270833333333336
5 0.7870370370370371 0.8578125 0.09259259259259259 0.03958333333333333
