7 0.19895833333333332 0.12268518518518519 0.39791666666666664 0.1287037037037037
2 0.43776041666666665 0.12268518518518519 0.0796875 0.1287037037037037
2 0.47994791666666664 0.12268518518518519 0.0046875 0.1287037037037037
2 0.5221354166666666 0.12268518518518519 0.0796875 0.1287037037037037
2 0.05390625 1.587962962962963 0.1078125 0.14629629629629629
2 0.11015625 1.587962962962963 0.0046875 0.14629629629629629
2 0.16666666666666666 1.587962962962963 0.10833333333333334 0.14629629629629629
2 0.2234375 1.587962962962963 0.005208333333333333 0.14629629629629629
2 0.28020833333333334 1.587962962962963 0.10833333333333334 0.14629629629629629
2 0.33671875 1.587962962962963 0.0046875 0.14629629629629629
2 0.39348958333333334 1.587962962962963 0.10885416666666667 0.14629629629629629
2 0.4505208333333333 1.587962962962963 0.005208333333333333 0.14629629629629629
2 0.5078125 1.587962962962963 0.109375 0.14629629629629629
