2 0.03411458333333333 1.55 0.0546875 0.1962962962962963
2 0.52109375 1.5875 0.06822916666666666 0.12129629629629629
2 0.03411458333333333 0.23564814814814813 0.0546875 0.09722222222222222
2 0.05182291666666667 0.10185185185185185 0.10364583333333334 0.08703703703703704
7 0.05182291666666667 0.16018518518518518 0.10364583333333334 0.02962962962962963
2 0.15572916666666667 0.10185185185185185 0.10416666666666667 0.08703703703703704
7 0.15572916666666667 0.16018518518518518 0.10416666666666667 0.02962962962962963
2 0.2625 0.10185185185185185 0.109375 0.08703703703703704
7 0.2625 0.16018518518518518 0.109375 0.02962962962962963
2 0.3690104166666667 0.10185185185185185 0.10364583333333334 0.08703703703703704
7 0.3690104166666667 0.16018518518518518 0.10364583333333334 0.02962962962962963
2 0.52421875 0.11666666666666667 0.0765625 0.11666666666666667
