2 0.03802083333333333 0.1259259259259259 0.065625 0.11666666666666667
2 0.5229166666666667 0.12546296296296297 0.057291666666666664 0.12314814814814815
7 0.28098958333333335 0.20462962962962963 0.5348958333333333 0.020370370370370372
7 0.28098958333333335 0.28935185185185186 0.5348958333333333 0.12314814814814815
7 0.28098958333333335 0.425462962962963 0.5348958333333333 0.12314814814814815
7 0.28098958333333335 0.5615740740740741 0.5348958333333333 0.12314814814814815
7 0.28098958333333335 0.6888888888888889 0.5348958333333333 0.10555555555555556
7 0.28098958333333335 0.8157407407407408 0.5348958333333333 0.12407407407407407
7 0.28098958333333335 0.9518518518518518 0.5348958333333333 0.12407407407407407
7 0.28098958333333335 1.087962962962963 0.5348958333333333 0.12407407407407407
7 0.28098958333333335 1.224074074074074 0.5348958333333333 0.12407407407407407
7 0.28098958333333335 1.374074074074074 0.5348958333333333 0.15185185185185185
7 0.28098958333333335 1.4884259259259258 0.5348958333333333 0.05277777777777778
