2 0.03802083333333333 0.1259259259259259 0.065625 0.11666666666666667
7 0.3138020833333333 0.12638888888888888 0.4859375 0.1361111111111111
7 0.28098958333333335 0.2824074074074074 0.5515625 0.1574074074074074
7 0.28098958333333335 0.3875 0.5515625 0.05277777777777778
7 0.22682291666666668 0.48842592592592593 0.45364583333333336 0.13055555555555556
6 0.5080729166666667 0.48842592592592593 0.10885416666666667 0.13055555555555556
7 0.22682291666666668 0.6189814814814815 0.45364583333333336 0.13055555555555556
6 0.5080729166666667 0.6189814814814815 0.10885416666666667 0.13055555555555556
7 0.22682291666666668 0.749537037037037 0.45364583333333336 0.13055555555555556
6 0.5080729166666667 0.749537037037037 0.10885416666666667 0.13055555555555556
7 0.22682291666666668 0.8800925925925925 0.45364583333333336 0.13055555555555556
6 0.5080729166666667 0.8800925925925925 0.10885416666666667 0.13055555555555556
7 0.22682291666666668 1.0106481481481482 0.45364583333333336 0.13055555555555556
6 0.5080729166666667 1.0106481481481482 0.10885416666666667 0.13055555555555556
7 0.22682291666666668 1.1412037037037037 0.45364583333333336 0.13055555555555556
6 0.5080729166666667 1.1412037037037037 0.10885416666666667 0.13055555555555556
7 0.22682291666666668 1.2717592592592593 0.45364583333333336 0.13055555555555556
6 0.5080729166666667 1.2717592592592593 0.10885416666666667 0.13055555555555556
7 0.22682291666666668 1.4023148148148148 0.45364583333333336 0.13055555555555556
6 0.5080729166666667 1.4023148148148148 0.10885416666666667 0.13055555555555556
7 0.22682291666666668 1.5328703703703703 0.45364583333333336 0.13055555555555556
6 0.5080729166666667 1.5328703703703703 0.10885416666666667 0.13055555555555556
