2 0.03802083333333333 0.1259259259259259 0.065625 0.11666666666666667
2 0.5229166666666667 0.12546296296296297 0.057291666666666664 0.12314814814814815
2 0.28125 0.475462962962963 0.5625 0.562037037037037
2 0.28098958333333335 0.475 0.13385416666666666 0.2388888888888889
7 0.28098958333333335 0.8944444444444445 0.5213541666666667 0.1537037037037037
7 0.28098958333333335 1.037962962962963 0.5213541666666667 0.08518518518518518
2 0.07421875 1.1962962962962962 0.1078125 0.06111111111111111
7 0.28098958333333335 1.1962962962962962 0.06510416666666667 0.05925925925925926
7 0.28125 1.3291666666666666 0.5625 0.10833333333333334
7 0.28125 1.461111111111111 0.5625 0.15555555555555556
