7 0.07213541666666666 0.1361111111111111 0.14427083333333332 0.15555555555555556
7 0.21067708333333332 0.1361111111111111 0.1484375 0.15555555555555556
7 0.35130208333333335 0.1361111111111111 0.1484375 0.15555555555555556
7 0.4901041666666667 0.1361111111111111 0.14479166666666668 0.15555555555555556
2 0.04453125 0.2916666666666667 0.0890625 0.15555555555555556
7 0.5520833333333334 0.27175925925925926 0.020833333333333332 0.04537037037037037
7 0.31536458333333334 0.26435185185185184 0.45260416666666664 0.06759259259259259
7 0.31536458333333334 0.324537037037037 0.45260416666666664 0.05277777777777778
2 0.04453125 0.45 0.0890625 0.15555555555555556
7 0.5520833333333334 0.42453703703703705 0.020833333333333332 0.04537037037037037
7 0.31536458333333334 0.41712962962962963 0.45260416666666664 0.06759259259259259
7 0.31536458333333334 0.4773148148148148 0.45260416666666664 0.05277777777777778
2 0.53359375 0.4930555555555556 0.024479166666666666 0.04351851851851852
2 0.04453125 0.6083333333333333 0.0890625 0.15555555555555556
7 0.5520833333333334 0.5884259259259259 0.020833333333333332 0.04537037037037037
7 0.31536458333333334 0.5810185185185185 0.45260416666666664 0.06759259259259259
7 0.31536458333333334 0.6412037037037037 0.45260416666666664 0.05277777777777778
2 0.04453125 0.7666666666666667 0.0890625 0.15555555555555556
7 0.5520833333333334 0.7467592592592592 0.020833333333333332 0.04537037037037037
7 0.31536458333333334 0.7393518518518518 0.45260416666666664 0.06759259259259259
7 0.31536458333333334 0.799537037037037 0.45260416666666664 0.05277777777777778
2 0.04453125 0.925 0.0890625 0.15555555555555556
7 0.5520833333333334 0.9050925925925926 0.020833333333333332 0.04537037037037037
7 0.31536458333333334 0.8976851851851851 0.45260416666666664 0.06759259259259259
7 0.31536458333333334 0.9578703703703704 0.45260416666666664 0.05277777777777778
2 0.04453125 1.0833333333333333 0.0890625 0.15555555555555556
7 0.5520833333333334 1.063425925925926 0.020833333333333332 0.04537037037037037
7 0.31536458333333334 1.0560185185185185 0.45260416666666664 0.06759259259259259
7 0.31536458333333334 1.1162037037037038 0.45260416666666664 0.05277777777777778
2 0.04453125 1.2416666666666667 0.0890625 0.15555555555555556
7 0.5520833333333334 1.2217592592592592 0.020833333333333332 0.04537037037037037
7 0.31536458333333334 1.214351851851852 0.45260416666666664 0.06759259259259259
7 0.31536458333333334 1.274537037037037 0.45260416666666664 0.05277777777777778
2 0.04453125 1.3527777777777779 0.0890625 0.06111111111111111
7 0.5520833333333334 1.3703703703703705 0.020833333333333332 0.025925925925925925
7 0.31536458333333334 1.3611111111111112 0.45260416666666664 0.044444444444444446
7 0.2513020833333333 1.4430555555555555 0.4484375 0.06759259259259259
7 0.2513020833333333 1.5013888888888889 0.4484375 0.049074074074074076
2 0.5192708333333333 1.4675925925925926 0.04375 0.07777777777777778
