7 0.07213541666666666 0.1361111111111111 0.14427083333333332 0.15555555555555556
7 0.21067708333333332 0.1361111111111111 0.1484375 0.15555555555555556
7 0.35130208333333335 0.1361111111111111 0.1484375 0.15555555555555556
7 0.4901041666666667 0.1361111111111111 0.14479166666666668 0.15555555555555556
7 0.5520833333333334 0.27175925925925926 0.020833333333333332 0.04537037037037037
7 0.2708333333333333 0.26435185185185184 0.5416666666666666 0.06759259259259259
7 0.2708333333333333 0.324537037037037 0.5416666666666666 0.05277777777777778
7 0.5328125 0.4300925925925926 0.059375 0.04537037037037037
7 0.2515625 0.42268518518518516 0.503125 0.06759259259259259
7 0.2515625 0.4828703703703704 0.503125 0.05277777777777778
7 0.5328125 0.5884259259259259 0.059375 0.04537037037037037
7 0.2515625 0.5810185185185185 0.503125 0.06759259259259259
7 0.2515625 0.6412037037037037 0.503125 0.05277777777777778
7 0.5328125 0.7467592592592592 0.059375 0.04537037037037037
7 0.2515625 0.7393518518518518 0.503125 0.06759259259259259
7 0.2515625 0.799537037037037 0.503125 0.05277777777777778
7 0.5328125 0.899537037037037 0.059375 0.04537037037037037
7 0.2515625 0.8921296296296296 0.503125 0.06759259259259259
7 0.2515625 0.9523148148148148 0.503125 0.05277777777777778
2 0.53359375 0.9680555555555556 0.024479166666666666 0.04351851851851852
7 0.5328125 1.063425925925926 0.059375 0.04537037037037037
7 0.2515625 1.0560185185185185 0.503125 0.06759259259259259
7 0.2515625 1.1162037037037038 0.503125 0.05277777777777778
7 0.5520833333333334 1.2217592592592592 0.020833333333333332 0.04537037037037037
7 0.2708333333333333 1.214351851851852 0.5416666666666666 0.06759259259259259
7 0.2708333333333333 1.274537037037037 0.5416666666666666 0.05277777777777778
7 0.5328125 1.3703703703703705 0.059375 0.025925925925925925
7 0.2515625 1.3611111111111112 0.503125 0.044444444444444446
7 0.2513020833333333 1.4430555555555555 0.4484375 0.06759259259259259
7 0.2513020833333333 1.5013888888888889 0.4484375 0.049074074074074076
2 0.5192708333333333 1.4675925925925926 0.04375 0.07777777777777778
