7 0.07213541666666666 0.1361111111111111 0.14427083333333332 0.15555555555555556
7 0.21067708333333332 0.1361111111111111 0.1484375 0.15555555555555556
7 0.35130208333333335 0.1361111111111111 0.1484375 0.15555555555555556
7 0.4901041666666667 0.1361111111111111 0.14479166666666668 0.15555555555555556
2 0.06432291666666666 0.2916666666666667 0.0005208333333333333 0.15555555555555556
7 0.5520833333333334 0.27175925925925926 0.020833333333333332 0.04537037037037037
7 0.303125 0.26435185185185184 0.47708333333333336 0.06759259259259259
7 0.303125 0.324537037037037 0.47708333333333336 0.05277777777777778
2 0.06432291666666666 0.45 0.0005208333333333333 0.15555555555555556
7 0.5520833333333334 0.4300925925925926 0.020833333333333332 0.04537037037037037
7 0.303125 0.42268518518518516 0.47708333333333336 0.06759259259259259
7 0.303125 0.4828703703703704 0.47708333333333336 0.05277777777777778
2 0.06432291666666666 0.6083333333333333 0.0005208333333333333 0.15555555555555556
7 0.5520833333333334 0.5884259259259259 0.020833333333333332 0.04537037037037037
7 0.303125 0.5810185185185185 0.47708333333333336 0.06759259259259259
7 0.303125 0.6412037037037037 0.47708333333333336 0.05277777777777778
2 0.06432291666666666 0.7666666666666667 0.0005208333333333333 0.15555555555555556
7 0.5520833333333334 0.7467592592592592 0.020833333333333332 0.04537037037037037
7 0.303125 0.7393518518518518 0.47708333333333336 0.06759259259259259
7 0.303125 0.799537037037037 0.47708333333333336 0.05277777777777778
2 0.06432291666666666 0.925 0.0005208333333333333 0.15555555555555556
7 0.5520833333333334 0.9050925925925926 0.020833333333333332 0.04537037037037037
7 0.303125 0.8976851851851851 0.47708333333333336 0.06759259259259259
7 0.303125 0.9578703703703704 0.47708333333333336 0.05277777777777778
2 0.06432291666666666 1.0833333333333333 0.0005208333333333333 0.15555555555555556
7 0.5520833333333334 1.063425925925926 0.020833333333333332 0.04537037037037037
7 0.303125 1.0560185185185185 0.47708333333333336 0.06759259259259259
7 0.303125 1.1162037037037038 0.47708333333333336 0.05277777777777778
