7 0.07213541666666666 0.1361111111111111 0.14427083333333332 0.15555555555555556
7 0.21067708333333332 0.1361111111111111 0.1484375 0.15555555555555556
7 0.35130208333333335 0.1361111111111111 0.1484375 0.15555555555555556
7 0.4901041666666667 0.1361111111111111 0.14479166666666668 0.15555555555555556
7 0.5520833333333334 0.27175925925925926 0.020833333333333332 0.04537037037037037
7 0.2708333333333333 0.26435185185185184 0.5416666666666666 0.06759259259259259
7 0.2708333333333333 0.324537037037037 0.5416666666666666 0.05277777777777778
7 0.5328125 0.4300925925925926 0.059375 0.04537037037037037
7 0.2515625 0.42268518518518516 0.503125 0.06759259259259259
7 0.2515625 0.4828703703703704 0.503125 0.05277777777777778
7 0.5328125 0.5884259259259259 0.059375 0.04537037037037037
7 0.2515625 0.5810185185185185 0.503125 0.06759259259259259
7 0.2515625 0.6412037037037037 0.503125 0.05277777777777778
7 0.2513020833333333 1.4430555555555555 0.4484375 0.06759259259259259
7 0.2513020833333333 1.5013888888888889 0.4484375 0.049074074074074076
2 0.5192708333333333 1.4675925925925926 0.04375 0.07777777777777778
