7 0.06848958333333334 1.1657407407407407 0.12135416666666667 0.05925925925925926
2 0.5234375 1.1666666666666667 0.034375 0.06111111111111111
7 0.05520833333333333 1.2351851851851852 0.09479166666666666 0.046296296296296294
7 0.15338541666666666 1.2351851851851852 0.06927083333333334 0.046296296296296294
7 0.22395833333333334 1.2351851851851852 0.03854166666666667 0.046296296296296294
2 0.06328125 1.5763888888888888 0.1265625 0.14351851851851852
2 0.1609375 1.575925925925926 0.06875 0.13333333333333333
2 0.22942708333333334 1.575925925925926 0.06822916666666666 0.13333333333333333
2 0.29765625 1.575925925925926 0.06822916666666666 0.13333333333333333
2 0.05182291666666667 0.1259259259259259 0.059895833333333336 0.10740740740740741
2 0.525 0.1259259259259259 0.046875 0.08333333333333333
