7 0.20078125 0.12638888888888888 0.2046875 0.05277777777777778
2 0.5390625 0.1259259259259259 0.046875 0.08333333333333333
2 0.48671875 0.12638888888888888 0.0578125 0.10277777777777777
2 0.03828125 0.12638888888888888 0.0765625 0.1361111111111111
7 0.14036458333333332 0.19768518518518519 0.04739583333333333 0.006481481481481481
7 0.42161458333333335 0.19768518518518519 0.13072916666666667 0.006481481481481481
7 0.14036458333333332 0.6351851851851852 0.09010416666666667 0.06481481481481481
7 0.42161458333333335 0.6351851851851852 0.07135416666666666 0.06481481481481481
7 0.14036458333333332 1.1018518518518519 0.13489583333333333 0.06481481481481481
7 0.42161458333333335 1.1018518518518519 0.08489583333333334 0.06481481481481481
7 0.14036458333333332 1.5685185185185184 0.0921875 0.06481481481481481
7 0.140625 0.23333333333333334 0.28125 0.4666666666666667
2 0.06822916666666666 0.14074074074074075 0.065625 0.11666666666666667
7 0.20833333333333334 0.14027777777777778 0.17083333333333334 0.058333333333333334
2 0.06822916666666666 0.30648148148148147 0.065625 0.11666666666666667
7 0.20963541666666666 0.30648148148148147 0.1734375 0.05925925925925926
2 0.06822916666666666 0.4722222222222222 0.065625 0.11666666666666667
7 0.21145833333333333 0.4722222222222222 0.17708333333333334 0.05925925925925926
7 0.21171875 0.6319444444444444 0.1234375 0.058333333333333334
7 0.21171875 0.8240740740740741 0.027604166666666666 0.05925925925925926
7 0.21145833333333333 1.0166666666666666 0.06354166666666666 0.05925925925925926
7 0.21171875 1.0662037037037038 0.1734375 0.03981481481481482
7 0.21171875 1.2092592592592593 0.12864583333333332 0.05925925925925926
7 0.21171875 1.2583333333333333 0.18072916666666666 0.03888888888888889
7 0.21171875 1.4013888888888888 0.1015625 0.058333333333333334
7 0.21171875 1.450462962962963 0.1828125 0.03981481481481482
7 0.21171875 1.5935185185185186 0.058854166666666666 0.05925925925925926
7 0.21171875 1.6421296296296297 0.1640625 0.03796296296296296
