7 0.20078125 0.12638888888888888 0.2046875 0.05277777777777778
2 0.5390625 0.1259259259259259 0.046875 0.08333333333333333
2 0.48671875 0.12638888888888888 0.0578125 0.10277777777777777
2 0.03828125 0.12638888888888888 0.0765625 0.1361111111111111
7 0.14036458333333332 0.6287037037037037 0.04739583333333333 0.06481481481481481
7 0.42161458333333335 0.6287037037037037 0.13072916666666667 0.06481481481481481
7 0.14036458333333332 1.0953703703703703 0.09010416666666667 0.06481481481481481
7 0.42161458333333335 1.0953703703703703 0.07135416666666666 0.06481481481481481
7 0.14036458333333332 1.5620370370370371 0.13489583333333333 0.06481481481481481
7 0.42161458333333335 1.5620370370370371 0.08489583333333334 0.06481481481481481
