7 0.21666666666666667 0.1259259259259259 0.26979166666666665 0.06481481481481481
2 0.03828125 0.12638888888888888 0.0765625 0.1361111111111111
7 0.28125 0.23333333333333334 0.51875 0.07777777777777778
7 0.20729166666666668 0.32222222222222224 0.3302083333333333 0.07222222222222222
7 0.25859375 0.4009259259259259 0.4328125 0.08518518518518518
0 0.5046875 0.3648148148148148 0.04375 0.07777777777777778
7 0.17734375 0.5125 0.2703125 0.0712962962962963
7 0.15260416666666668 0.5712962962962963 0.22083333333333333 0.046296296296296294
0 0.5046875 0.5361111111111111 0.04375 0.07777777777777778
7 0.2453125 0.6638888888888889 0.40625 0.07222222222222222
7 0.25859375 0.7425925925925926 0.4328125 0.08518518518518518
0 0.5046875 0.7064814814814815 0.04375 0.07777777777777778
7 0.2234375 0.8541666666666666 0.3625 0.0712962962962963
7 0.24869791666666666 0.912962962962963 0.41302083333333334 0.046296296296296294
0 0.5046875 0.8777777777777778 0.04375 0.07777777777777778
7 0.28125 0.9944444444444445 0.51875 0.07777777777777778
7 0.20729166666666668 1.0833333333333333 0.3302083333333333 0.07222222222222222
7 0.25859375 1.162037037037037 0.4328125 0.08518518518518518
0 0.5046875 1.125925925925926 0.04375 0.07777777777777778
7 0.17734375 1.273611111111111 0.2703125 0.0712962962962963
7 0.15260416666666668 1.3324074074074075 0.22083333333333333 0.046296296296296294
0 0.5046875 1.2972222222222223 0.04375 0.07777777777777778
7 0.2453125 1.425 0.40625 0.07222222222222222
7 0.25859375 1.5037037037037038 0.4328125 0.08518518518518518
0 0.5046875 1.4675925925925926 0.04375 0.07777777777777778
7 0.2234375 1.6152777777777778 0.3625 0.0712962962962963
7 0.24869791666666666 1.6560185185185186 0.41302083333333334 0.010185185185185186
0 0.5046875 1.6305555555555555 0.04375 0.06111111111111111
2 0.21875 0.21851851851851853 0.4375 0.43703703703703706
7 0.21875 0.5148148148148148 0.39375 0.11666666666666667
7 0.21875 0.6314814814814815 0.39375 0.11666666666666667
7 0.21875 0.7481481481481481 0.39375 0.11666666666666667
7 0.21875 0.8648148148148148 0.39375 0.11666666666666667
7 0.21875 0.9814814814814815 0.39375 0.11666666666666667
7 0.21875 1.1203703703703705 0.4375 0.11666666666666667
7 0.21875 1.237037037037037 0.39375 0.11666666666666667
7 0.21875 1.3537037037037036 0.39375 0.11666666666666667
