7 0.13854166666666667 0.1259259259259259 0.11354166666666667 0.06481481481481481
2 0.03828125 0.12638888888888888 0.0765625 0.1361111111111111
2 0.28098958333333335 0.42592592592592593 0.4713541666666667 0.43703703703703706
7 0.125 0.7351851851851852 0.115625 0.06481481481481481
7 0.28098958333333335 0.8490740740740741 0.4276041666666667 0.046296296296296294
7 0.28098958333333335 1.011111111111111 0.4276041666666667 0.11666666666666667
7 0.28098958333333335 1.1416666666666666 0.4276041666666667 0.11666666666666667
7 0.28098958333333335 1.2731481481481481 0.4276041666666667 0.11666666666666667
7 0.28098958333333335 1.4046296296296297 0.4276041666666667 0.11666666666666667
7 0.032552083333333336 1.6023148148148147 0.049479166666666664 0.04537037037037037
7 0.11197916666666667 1.6027777777777779 0.065625 0.11666666666666667
7 0.17760416666666667 1.6027777777777779 0.065625 0.11666666666666667
7 0.24322916666666666 1.6027777777777779 0.065625 0.11666666666666667
7 0.30885416666666665 1.6027777777777779 0.065625 0.11666666666666667
7 0.37447916666666664 1.6027777777777779 0.065625 0.11666666666666667
7 0.4401041666666667 1.6027777777777779 0.065625 0.11666666666666667
7 0.5057291666666667 1.6027777777777779 0.065625 0.11666666666666667
7 0.5505208333333333 1.6027777777777779 0.023958333333333335 0.11666666666666667
