7 0.21666666666666667 0.1259259259259259 0.26979166666666665 0.06481481481481481
2 0.03828125 0.12638888888888888 0.0765625 0.1361111111111111
7 0.09322916666666667 0.2523148148148148 0.08958333333333333 0.04537037037037037
7 0.28072916666666664 0.2523148148148148 0.06458333333333334 0.04537037037037037
7 0.46875 0.2523148148148148 0.1 0.04537037037037037
7 0.28125 0.3680555555555556 0.5625 0.11388888888888889
7 0.28125 0.4847222222222222 0.5625 0.11388888888888889
7 0.28125 0.6013888888888889 0.5625 0.11388888888888889
7 0.28125 0.7180555555555556 0.5625 0.11388888888888889
7 0.28125 0.8347222222222223 0.5625 0.11388888888888889
7 0.28125 0.9513888888888888 0.5625 0.11388888888888889
7 0.28125 1.0680555555555555 0.5625 0.11388888888888889
7 0.28125 1.1847222222222222 0.5625 0.11388888888888889
7 0.28125 1.301388888888889 0.5625 0.11388888888888889
7 0.28125 1.4180555555555556 0.5625 0.11388888888888889
7 0.28125 1.5347222222222223 0.5625 0.11388888888888889
7 0.28125 1.6277777777777778 0.5625 0.06666666666666667
