2 0.5296875 0.25277777777777777 0.065625 0.11666666666666667
2 0.4640625 0.25277777777777777 0.065625 0.11666666666666667
2 0.04791666666666667 1.6212962962962962 0.08229166666666667 0.053703703703703705
2 0.5096354166666667 1.5078703703703704 0.10572916666666667 0.15092592592592594
2 0.2265625 1.5240740740740741 0.109375 0.11851851851851852
2 0.3359375 1.5240740740740741 0.109375 0.11851851851851852
2 0.109375 0.2916666666666667 0.06875 0.12222222222222222
7 0.24583333333333332 0.2916666666666667 0.17708333333333334 0.05925925925925926
2 0.035416666666666666 0.462037037037037 0.04375 0.07777777777777778
7 0.10182291666666667 0.462037037037037 0.06197916666666667 0.05925925925925926
2 0.035416666666666666 0.6111111111111112 0.04375 0.07777777777777778
7 0.11666666666666667 0.6101851851851852 0.09166666666666666 0.05925925925925926
2 0.035416666666666666 0.7592592592592593 0.04375 0.07777777777777778
7 0.12578125 0.7592592592592593 0.10989583333333333 0.05925925925925926
2 0.035416666666666666 0.9083333333333333 0.04375 0.07777777777777778
7 0.09921875 0.9074074074074074 0.05677083333333333 0.05925925925925926
7 0.14557291666666666 0.12638888888888888 0.12760416666666666 0.06944444444444445
2 0.03828125 0.12638888888888888 0.0765625 0.1361111111111111
