7 0.28125 0.23055555555555557 0.5625 0.06111111111111111
7 0.28125 0.3416666666666667 0.5625 0.15555555555555556
2 0.109375 0.2916666666666667 0.06875 0.12222222222222222
7 0.24583333333333332 0.2916666666666667 0.17708333333333334 0.05925925925925926
2 0.035416666666666666 0.462037037037037 0.04375 0.07777777777777778
7 0.10182291666666667 0.462037037037037 0.06197916666666667 0.05925925925925926
2 0.035416666666666666 0.6111111111111112 0.04375 0.07777777777777778
7 0.11666666666666667 0.6101851851851852 0.09166666666666666 0.05925925925925926
2 0.035416666666666666 0.7592592592592593 0.04375 0.07777777777777778
7 0.12578125 0.7592592592592593 0.10989583333333333 0.05925925925925926
2 0.035416666666666666 0.9083333333333333 0.04375 0.07777777777777778
7 0.09921875 0.9074074074074074 0.05677083333333333 0.05925925925925926
7 0.13541666666666666 0.12638888888888888 0.10729166666666666 0.06944444444444445
2 0.03828125 0.12638888888888888 0.0765625 0.1361111111111111
