7 0.3199074074074074 0.07109375 0.3490740740740741 0.0390625
2 0.06851851851851852 0.07109375 0.13518518518518519 0.0765625
4 0.5018518518518519 0.22604166666666667 0.9351851851851852 0.042708333333333334
4 0.5009259259259259 0.3763020833333333 0.9518518518518518 0.049479166666666664
4 0.5046296296296297 0.43645833333333334 0.9555555555555556 0.057291666666666664
4 0.5027777777777778 0.5630208333333333 0.9518518518518518 0.05520833333333333
4 0.5037037037037037 0.6192708333333333 0.95 0.053125
4 0.5046296296296297 0.6729166666666667 0.9481481481481482 0.052083333333333336
4 0.5055555555555555 0.7286458333333333 0.9537037037037037 0.05520833333333333
4 0.5064814814814815 0.7838541666666666 0.9518518518518518 0.057291666666666664
4 0.5055555555555555 0.8385416666666666 0.9462962962962963 0.052083333333333336
4 0.5009259259259259 0.8966145833333333 0.9444444444444444 0.05572916666666667
