7 0.04296875 0.2412037037037037 0.058854166666666666 0.04537037037037037
7 0.04296875 0.28703703703703703 0.027604166666666666 0.046296296296296294
7 0.042708333333333334 0.33287037037037037 0.025 0.04537037037037037
7 0.5125 0.674537037037037 0.04479166666666667 0.04537037037037037
7 0.5125 0.7203703703703703 0.071875 0.046296296296296294
7 0.5125 0.7662037037037037 0.046875 0.04537037037037037
7 0.14401041666666667 0.8652777777777778 0.27447916666666666 0.058333333333333334
7 0.41822916666666665 0.8652777777777778 0.27395833333333336 0.058333333333333334
2 0.04140625 0.9550925925925926 0.0546875 0.09722222222222222
7 0.5125 0.9296296296296296 0.071875 0.046296296296296294
7 0.5328125 0.9837962962962963 0.03125 0.03981481481481482
7 0.12369791666666667 0.9296296296296296 0.09635416666666667 0.046296296296296294
2 0.04140625 1.0800925925925926 0.0546875 0.09722222222222222
7 0.5174479166666667 1.0546296296296296 0.06197916666666667 0.046296296296296294
7 0.5375 1.1087962962962963 0.021875 0.03981481481481482
7 0.12317708333333334 1.0546296296296296 0.0953125 0.046296296296296294
2 0.04140625 1.2050925925925926 0.0546875 0.09722222222222222
7 0.5234375 1.1796296296296296 0.05 0.046296296296296294
7 0.5375 1.2337962962962963 0.021875 0.03981481481481482
7 0.14322916666666666 1.1796296296296296 0.13541666666666666 0.046296296296296294
2 0.0203125 1.6157407407407407 0.040625 0.08703703703703704
7 0.11979166666666667 0.1259259259259259 0.19583333333333333 0.06481481481481481
2 0.53515625 0.1259259259259259 0.0546875 0.11666666666666667
