7 0.1203125 0.29583333333333334 0.196875 0.05277777777777778
7 0.15260416666666668 0.3449074074074074 0.26145833333333335 0.04537037037037037
7 0.07994791666666666 0.47453703703703703 0.11614583333333334 0.05277777777777778
7 0.16354166666666667 0.524074074074074 0.2833333333333333 0.046296296296296294
7 0.08619791666666667 0.6541666666666667 0.12864583333333332 0.05277777777777778
7 0.1359375 0.7032407407407407 0.228125 0.04537037037037037
0 0.51875 0.6768518518518518 0.04375 0.07777777777777778
7 0.09609375 0.8328703703703704 0.1484375 0.05277777777777778
7 0.18645833333333334 0.8824074074074074 0.32916666666666666 0.046296296296296294
0 0.51875 0.8555555555555555 0.04375 0.07777777777777778
7 0.10963541666666667 1.0125 0.17552083333333332 0.05277777777777778
7 0.15807291666666667 1.061574074074074 0.27239583333333334 0.04537037037037037
7 0.13671875 1.1912037037037038 0.2296875 0.05277777777777778
7 0.13671875 1.2407407407407407 0.2296875 0.046296296296296294
0 0.51875 1.2138888888888888 0.04375 0.07777777777777778
7 0.04609375 1.3708333333333333 0.0484375 0.05277777777777778
7 0.19921875 1.4199074074074074 0.3546875 0.04537037037037037
7 0.058854166666666666 1.549537037037037 0.07395833333333333 0.05277777777777778
7 0.05416666666666667 1.599074074074074 0.06458333333333334 0.046296296296296294
7 0.12213541666666666 0.1259259259259259 0.20052083333333334 0.06481481481481481
