7 0.28125 0.07037037037037037 0.5625 0.11296296296296296
2 0.03619791666666667 0.04722222222222222 0.07239583333333334 0.09444444444444444
7 0.28802083333333334 0.19027777777777777 0.5489583333333333 0.05277777777777778
7 0.28802083333333334 0.31574074074074077 0.5489583333333333 0.046296296296296294
7 0.5325520833333334 0.3162037037037037 0.059895833333333336 0.04537037037037037
7 0.28802083333333334 0.25462962962962965 0.5489583333333333 0.07592592592592592
7 0.28802083333333334 0.3662037037037037 0.5489583333333333 0.05277777777777778
7 0.28802083333333334 0.49212962962962964 0.5489583333333333 0.04537037037037037
7 0.5325520833333334 0.49212962962962964 0.059895833333333336 0.04537037037037037
7 0.28802083333333334 0.4310185185185185 0.5489583333333333 0.07685185185185185
7 0.28802083333333334 0.5430555555555555 0.5489583333333333 0.05277777777777778
7 0.28802083333333334 0.6685185185185185 0.5489583333333333 0.046296296296296294
7 0.5325520833333334 0.6689814814814815 0.059895833333333336 0.04537037037037037
7 0.28802083333333334 0.6074074074074074 0.5489583333333333 0.07592592592592592
7 0.28802083333333334 0.7189814814814814 0.5489583333333333 0.05277777777777778
7 0.28802083333333334 0.8449074074074074 0.5489583333333333 0.04537037037037037
7 0.5325520833333334 0.8449074074074074 0.059895833333333336 0.04537037037037037
7 0.28802083333333334 0.7837962962962963 0.5489583333333333 0.07685185185185185
7 0.28802083333333334 0.8958333333333334 0.5489583333333333 0.05277777777777778
7 0.28802083333333334 1.0212962962962964 0.5489583333333333 0.046296296296296294
7 0.5325520833333334 1.0217592592592593 0.059895833333333336 0.04537037037037037
7 0.28802083333333334 0.9601851851851851 0.5489583333333333 0.07592592592592592
7 0.28802083333333334 1.0717592592592593 0.5489583333333333 0.05277777777777778
7 0.28802083333333334 1.197685185185185 0.5489583333333333 0.04537037037037037
7 0.5325520833333334 1.197685185185185 0.059895833333333336 0.04537037037037037
7 0.28802083333333334 1.1365740740740742 0.5489583333333333 0.07685185185185185
7 0.28802083333333334 1.2486111111111111 0.5489583333333333 0.05277777777777778
7 0.28802083333333334 1.374074074074074 0.5489583333333333 0.046296296296296294
7 0.5325520833333334 1.3745370370370371 0.059895833333333336 0.04537037037037037
7 0.28802083333333334 1.3129629629629629 0.5489583333333333 0.07592592592592592
7 0.28802083333333334 1.424537037037037 0.5489583333333333 0.05277777777777778
7 0.28802083333333334 1.550462962962963 0.5489583333333333 0.04537037037037037
7 0.5325520833333334 1.550462962962963 0.059895833333333336 0.04537037037037037
7 0.28802083333333334 1.4893518518518518 0.5489583333333333 0.07685185185185185
7 0.28802083333333334 1.601388888888889 0.5489583333333333 0.05277777777777778
7 0.28802083333333334 1.6444444444444444 0.5489583333333333 0.03333333333333333
