7 0.49953703703703706 0.03359375 0.700925925925926 0.04010416666666667
8 0.49953703703703706 0.8875 0.950925925925926 0.065625
2 0.17407407407407408 0.128125 0.24074074074074073 0.134375
7 0.17453703703703705 0.20833333333333334 0.30092592592592593 0.026041666666666668
2 0.49907407407407406 0.128125 0.24074074074074073 0.134375
7 0.49953703703703706 0.20833333333333334 0.30092592592592593 0.026041666666666668
2 0.8240740740740741 0.128125 0.24074074074074073 0.134375
7 0.8245370370370371 0.20833333333333334 0.30092592592592593 0.026041666666666668
2 0.17407407407407408 0.30885416666666665 0.24074074074074073 0.134375
7 0.17453703703703705 0.3890625 0.30092592592592593 0.026041666666666668
2 0.49907407407407406 0.30885416666666665 0.24074074074074073 0.134375
7 0.49953703703703706 0.3890625 0.30092592592592593 0.026041666666666668
2 0.8240740740740741 0.30885416666666665 0.24074074074074073 0.134375
7 0.8245370370370371 0.3890625 0.30092592592592593 0.026041666666666668
2 0.17407407407407408 0.4895833333333333 0.24074074074074073 0.134375
7 0.17453703703703705 0.5697916666666667 0.30092592592592593 0.026041666666666668
2 0.49907407407407406 0.4895833333333333 0.24074074074074073 0.134375
7 0.49953703703703706 0.5697916666666667 0.30092592592592593 0.026041666666666668
2 0.8240740740740741 0.4895833333333333 0.24074074074074073 0.134375
7 0.8245370370370371 0.5697916666666667 0.30092592592592593 0.026041666666666668
