2 0.0837962962962963 0.031510416666666666 0.16574074074074074 0.059895833333333336
2 0.25 0.031510416666666666 0.16666666666666666 0.059895833333333336
2 0.4166666666666667 0.031510416666666666 0.16666666666666666 0.059895833333333336
2 0.5833333333333334 0.031510416666666666 0.16666666666666666 0.059895833333333336
2 0.75 0.031510416666666666 0.16666666666666666 0.059895833333333336
2 0.9166666666666666 0.031510416666666666 0.16666666666666666 0.059895833333333336
2 0.500462962962963 0.9015625 0.9990740740740741 0.065625
7 0.500462962962963 0.11666666666666667 0.9990740740740741 0.065625
7 0.500462962962963 0.1828125 0.9990740740740741 0.065625
7 0.500462962962963 0.24947916666666667 0.9990740740740741 0.065625
0 0.9495370370370371 0.11588541666666667 0.08055555555555556 0.034895833333333334
0 0.9324074074074075 0.18645833333333334 0.07037037037037037 0.03854166666666667
0 0.9439814814814815 0.25338541666666664 0.062037037037037036 0.0296875
