7 0.9287037037037037 0.065625 0.11666666666666667 0.065625
7 0.500462962962963 0.9 0.9990740740740741 0.06875
7 0.22268518518518518 0.14765625 0.18425925925925926 0.0765625
7 0.4074074074074074 0.14765625 0.18518518518518517 0.0765625
7 0.5916666666666667 0.14765625 0.18333333333333332 0.0765625
7 0.7759259259259259 0.14765625 0.18518518518518517 0.0765625
7 0.22268518518518518 0.22421875 0.18425925925925926 0.0765625
7 0.4074074074074074 0.22421875 0.18518518518518517 0.0765625
7 0.5916666666666667 0.22421875 0.18333333333333332 0.0765625
7 0.7759259259259259 0.22421875 0.18518518518518517 0.0765625
7 0.5 0.2994791666666667 0.9222222222222223 0.030208333333333334
7 0.5 0.38125 0.9222222222222223 0.08958333333333333
4 0.5 0.4942708333333333 0.9222222222222223 0.04895833333333333
7 0.500462962962963 0.5421875 0.9990740740740741 0.025
8 0.5 0.5997395833333333 0.9222222222222223 0.06822916666666666
7 0.5009259259259259 0.59609375 0.45 0.0265625
