7 0.28564814814814815 0.07083333333333333 0.2212962962962963 0.028125
2 0.06851851851851852 0.07109375 0.13518518518518519 0.0765625
2 0.12453703703703704 0.13046875 0.058333333333333334 0.0296875
7 0.12407407407407407 0.16067708333333333 0.08703703703703704 0.021354166666666667
2 0.37453703703703706 0.13046875 0.058333333333333334 0.0296875
7 0.37453703703703706 0.15911458333333334 0.1398148148148148 0.018229166666666668
2 0.624537037037037 0.13046875 0.058333333333333334 0.0296875
7 0.624537037037037 0.13411458333333334 0.026851851851851852 0.0140625
7 0.624537037037037 0.15911458333333334 0.11574074074074074 0.018229166666666668
2 0.874537037037037 0.13046875 0.058333333333333334 0.0296875
7 0.875 0.15911458333333334 0.12222222222222222 0.018229166666666668
2 0.9101851851851852 0.88359375 0.17962962962962964 0.1015625
4 0.5009259259259259 0.4984375 0.9185185185185185 0.05
8 0.5027777777777778 0.6005208333333333 0.9222222222222223 0.06666666666666667
7 0.5120370370370371 0.603125 0.4685185185185185 0.03854166666666667
