7 0.1986111111111111 0.07083333333333333 0.3194444444444444 0.036458333333333336
7 0.5185185185185185 0.07682291666666667 0.7351851851851852 0.0546875
2 0.0875 0.07682291666666667 0.058333333333333334 0.0328125
2 0.500462962962963 0.30364583333333334 0.9990740740740741 0.35520833333333335
7 0.500462962962963 0.4127604166666667 0.9990740740740741 0.027604166666666666
7 0.2569444444444444 0.525 0.475 0.065625
7 0.7425925925925926 0.525 0.4759259259259259 0.065625
7 0.2569444444444444 0.5963541666666666 0.475 0.065625
7 0.7425925925925926 0.5963541666666666 0.4759259259259259 0.065625
2 0.500462962962963 0.7528645833333333 0.9990740740740741 0.22552083333333334
4 0.49907407407407406 0.08046875 0.9481481481481482 0.07239583333333334
