7 0.18828125 0.1259259259259259 0.1796875 0.06481481481481481
2 0.03828125 0.12638888888888888 0.0765625 0.1361111111111111
7 0.2916666666666667 0.13657407407407407 0.41354166666666664 0.09722222222222222
2 0.04921875 0.13657407407407407 0.0328125 0.058333333333333334
2 0.28125 0.5398148148148149 0.5625 0.6314814814814815
7 0.28125 0.7337962962962963 0.5625 0.049074074074074076
7 0.14453125 0.9333333333333333 0.2671875 0.11666666666666667
7 0.41770833333333335 0.9333333333333333 0.2677083333333333 0.11666666666666667
7 0.14453125 1.0601851851851851 0.2671875 0.11666666666666667
7 0.41770833333333335 1.0601851851851851 0.2677083333333333 0.11666666666666667
2 0.28125 1.338425925925926 0.5625 0.4009259259259259
2 0.21875 0.21851851851851853 0.4375 0.43703703703703706
2 0.065625 0.175 0.0875 0.15555555555555556
7 0.19140625 0.32685185185185184 0.3390625 0.046296296296296294
7 0.19140625 0.3726851851851852 0.3390625 0.04537037037037037
2 0.03828125 0.5175925925925926 0.0328125 0.11666666666666667
7 0.25703125 0.5175925925925926 0.3171875 0.046296296296296294
2 0.03828125 0.6342592592592593 0.0328125 0.11666666666666667
7 0.25703125 0.6342592592592593 0.3171875 0.046296296296296294
2 0.03828125 0.7509259259259259 0.0328125 0.11666666666666667
7 0.25703125 0.7509259259259259 0.3171875 0.046296296296296294
2 0.03828125 0.8675925925925926 0.0328125 0.11666666666666667
7 0.25703125 0.8675925925925926 0.3171875 0.046296296296296294
2 0.03828125 0.9842592592592593 0.0328125 0.11666666666666667
7 0.25703125 0.9842592592592593 0.3171875 0.046296296296296294
2 0.03828125 1.1009259259259259 0.0328125 0.11666666666666667
7 0.25703125 1.1009259259259259 0.3171875 0.046296296296296294
2 0.03828125 1.2175925925925926 0.0328125 0.11666666666666667
7 0.25703125 1.2175925925925926 0.3171875 0.046296296296296294
2 0.03828125 1.3342592592592593 0.0328125 0.11666666666666667
7 0.25703125 1.3342592592592593 0.3171875 0.046296296296296294
2 0.03828125 1.450925925925926 0.0328125 0.11666666666666667
7 0.25703125 1.450925925925926 0.3171875 0.046296296296296294
2 0.03828125 1.5675925925925926 0.0328125 0.11666666666666667
7 0.25703125 1.5675925925925926 0.3171875 0.046296296296296294
2 0.03828125 1.6435185185185186 0.0328125 0.03518518518518519
