8 0.5009259259259259 0.79140625 0.9 0.0578125
5 0.08472222222222223 0.15572916666666667 0.049074074074074076 0.030208333333333334
5 0.07685185185185185 0.19921875 0.07037037037037037 0.03177083333333333
5 0.08703703703703704 0.24036458333333333 0.053703703703703705 0.0390625
5 0.0824074074074074 0.2869791666666667 0.05925925925925926 0.03958333333333333
5 0.08055555555555556 0.3299479166666667 0.06296296296296296 0.03802083333333333
5 0.08611111111111111 0.3731770833333333 0.05185185185185185 0.03697916666666667
5 0.08055555555555556 0.4197916666666667 0.07407407407407407 0.035416666666666666
5 0.08101851851851852 0.45989583333333334 0.05277777777777778 0.04895833333333333
5 0.08148148148148149 0.50703125 0.07592592592592592 0.0546875
5 0.08009259259259259 0.5510416666666667 0.05462962962962963 0.042708333333333334
5 0.08796296296296297 0.5927083333333333 0.05925925925925926 0.040625
5 0.0824074074074074 0.6356770833333333 0.05925925925925926 0.03697916666666667
5 0.08101851851851852 0.678125 0.05648148148148148 0.03958333333333333
5 0.08148148148148149 0.7205729166666667 0.06481481481481481 0.0390625
2 0.9467592592592593 0.078125 0.049074074074074076 0.04895833333333333
7 0.1597222222222222 0.075 0.23981481481481481 0.034375
