7 0.30462962962962964 0.07083333333333333 0.25925925925925924 0.036458333333333336
2 0.06851851851851852 0.07109375 0.13518518518518519 0.0765625
2 0.500462962962963 0.2869791666666667 0.9990740740740741 0.35520833333333335
7 0.500462962962963 0.39609375 0.9990740740740741 0.027604166666666666
7 0.2569444444444444 0.5083333333333333 0.475 0.065625
7 0.7425925925925926 0.5083333333333333 0.4759259259259259 0.065625
7 0.2569444444444444 0.5796875 0.475 0.065625
7 0.7425925925925926 0.5796875 0.4759259259259259 0.065625
2 0.500462962962963 0.74453125 0.9990740740740741 0.2421875
8 0.5 0.35260416666666666 0.8055555555555556 0.065625
8 0.5 0.4453125 0.8055555555555556 0.065625
2 0.22824074074074074 0.50859375 0.058333333333333334 0.0328125
7 0.5347222222222222 0.5083333333333333 0.5305555555555556 0.026041666666666668
8 0.49907407407407406 0.5578125 0.27037037037037037 0.065625
7 0.500462962962963 0.6716145833333333 0.9990740740740741 0.025520833333333333
