7 0.17942708333333332 0.1259259259259259 0.16197916666666667 0.06481481481481481
2 0.03828125 0.12638888888888888 0.0765625 0.1361111111111111
2 0.28125 0.5101851851851852 0.5625 0.6314814814814815
7 0.28125 0.7041666666666667 0.5625 0.049074074074074076
7 0.14453125 0.9037037037037037 0.2671875 0.11666666666666667
7 0.41770833333333335 0.9037037037037037 0.2677083333333333 0.11666666666666667
7 0.14453125 1.0305555555555554 0.2671875 0.11666666666666667
7 0.41770833333333335 1.0305555555555554 0.2677083333333333 0.11666666666666667
2 0.28125 1.323611111111111 0.5625 0.4305555555555556
7 0.084375 0.25555555555555554 0.109375 0.05
2 0.08463541666666667 0.38425925925925924 0.08177083333333333 0.2074074074074074
7 0.19947916666666668 0.25555555555555554 0.109375 0.05
2 0.19947916666666668 0.38425925925925924 0.08229166666666667 0.2074074074074074
7 0.3140625 0.25555555555555554 0.109375 0.05
2 0.3143229166666667 0.38425925925925924 0.08177083333333333 0.2074074074074074
7 0.42916666666666664 0.25555555555555554 0.109375 0.05
2 0.42916666666666664 0.38425925925925924 0.08229166666666667 0.2074074074074074
7 0.52578125 0.25555555555555554 0.0734375 0.05
2 0.5328125 0.38425925925925924 0.059375 0.2074074074074074
7 0.084375 0.549537037037037 0.109375 0.049074074074074076
2 0.08463541666666667 0.6777777777777778 0.08177083333333333 0.2074074074074074
7 0.19947916666666668 0.549537037037037 0.109375 0.049074074074074076
2 0.19947916666666668 0.6777777777777778 0.08229166666666667 0.2074074074074074
7 0.3140625 0.549537037037037 0.109375 0.049074074074074076
2 0.3143229166666667 0.6777777777777778 0.08177083333333333 0.2074074074074074
7 0.42916666666666664 0.549537037037037 0.109375 0.049074074074074076
2 0.42916666666666664 0.6777777777777778 0.08229166666666667 0.2074074074074074
7 0.52578125 0.549537037037037 0.0734375 0.049074074074074076
2 0.5328125 0.6777777777777778 0.059375 0.2074074074074074
7 0.084375 0.8430555555555556 0.109375 0.049074074074074076
2 0.08463541666666667 0.9712962962962963 0.08177083333333333 0.2074074074074074
7 0.19947916666666668 0.8430555555555556 0.109375 0.049074074074074076
2 0.19947916666666668 0.9712962962962963 0.08229166666666667 0.2074074074074074
7 0.3140625 0.8430555555555556 0.109375 0.049074074074074076
2 0.3143229166666667 0.9712962962962963 0.08177083333333333 0.2074074074074074
7 0.42916666666666664 0.8430555555555556 0.109375 0.049074074074074076
2 0.42916666666666664 0.9712962962962963 0.08229166666666667 0.2074074074074074
7 0.52578125 0.8430555555555556 0.0734375 0.049074074074074076
2 0.5328125 0.9712962962962963 0.059375 0.2074074074074074
7 0.084375 1.136111111111111 0.109375 0.05
2 0.08463541666666667 1.264351851851852 0.08177083333333333 0.2064814814814815
7 0.19947916666666668 1.136111111111111 0.109375 0.05
2 0.19947916666666668 1.264351851851852 0.08229166666666667 0.2064814814814815
7 0.3140625 1.136111111111111 0.109375 0.05
2 0.3143229166666667 1.264351851851852 0.08177083333333333 0.2064814814814815
7 0.42916666666666664 1.136111111111111 0.109375 0.05
2 0.42916666666666664 1.264351851851852 0.08229166666666667 0.2064814814814815
7 0.52578125 1.136111111111111 0.0734375 0.05
2 0.5328125 1.264351851851852 0.059375 0.2064814814814815
2 0.140625 1.514351851851852 0.28125 0.2935185185185185
7 0.421875 1.514351851851852 0.171875 0.075
