7 0.17421875 0.1259259259259259 0.1515625 0.06481481481481481
2 0.03828125 0.12638888888888888 0.0765625 0.1361111111111111
2 0.28125 0.5101851851851852 0.5625 0.6314814814814815
7 0.28125 0.7041666666666667 0.5625 0.049074074074074076
7 0.14453125 0.9037037037037037 0.2671875 0.11666666666666667
7 0.41770833333333335 0.9037037037037037 0.2677083333333333 0.11666666666666667
7 0.14453125 1.0305555555555554 0.2671875 0.11666666666666667
7 0.41770833333333335 1.0305555555555554 0.2677083333333333 0.11666666666666667
2 0.28125 1.323611111111111 0.5625 0.4305555555555556
2 0.28098958333333335 0.44675925925925924 0.5453125 0.4861111111111111
7 0.28098958333333335 0.750462962962963 0.5182291666666666 0.12129629629629629
7 0.23151041666666666 0.8356481481481481 0.41822916666666665 0.049074074074074076
7 0.23151041666666666 0.8842592592592593 0.41822916666666665 0.04814814814814815
7 0.49375 0.8597222222222223 0.10625 0.09722222222222222
2 0.28098958333333335 1.1958333333333333 0.5453125 0.4861111111111111
7 0.28098958333333335 1.488888888888889 0.5182291666666666 0.1
