7 0.18046875 0.1259259259259259 0.1640625 0.06481481481481481
2 0.03828125 0.12638888888888888 0.0765625 0.1361111111111111
2 0.28125 0.5101851851851852 0.5625 0.6314814814814815
7 0.28125 0.7041666666666667 0.5625 0.049074074074074076
7 0.14453125 0.9037037037037037 0.2671875 0.11666666666666667
7 0.41770833333333335 0.9037037037037037 0.2677083333333333 0.11666666666666667
7 0.14453125 1.0305555555555554 0.2671875 0.11666666666666667
7 0.41770833333333335 1.0305555555555554 0.2677083333333333 0.11666666666666667
2 0.28125 1.323611111111111 0.5625 0.4305555555555556
7 0.28125 0.8078703703703703 0.5625 0.09722222222222222
7 0.28125 0.9268518518518518 0.5625 0.14074074074074075
2 0.4979166666666667 1.425 0.10104166666666667 0.17962962962962964
