4 0.5 0.2950520833333333 0.8685185185185185 0.0734375
4 0.4986111111111111 0.3546875 0.8824074074074074 0.071875
7 0.49907407407407406 0.4270833333333333 0.10740740740740741 0.029166666666666667
7 0.48518518518518516 0.2078125 0.6944444444444444 0.029166666666666667
7 0.2101851851851852 0.12994791666666666 0.31851851851851853 0.0234375
7 0.5018518518518519 0.08098958333333334 0.32407407407407407 0.043229166666666666
7 0.5 0.47734375 0.04259259259259259 0.015104166666666667
7 0.5032407407407408 0.5315104166666667 0.33796296296296297 0.024479166666666666
7 0.17731481481481481 0.35390625 0.16574074074074074 0.022395833333333334
7 0.29259259259259257 0.2955729166666667 0.3907407407407407 0.03177083333333333
8 0.5009259259259259 0.425 0.8462962962962963 0.052083333333333336
8 0.5009259259259259 0.5286458333333334 0.4 0.04479166666666667
2 0.9467592592592593 0.8010416666666667 0.10648148148148148 0.042708333333333334
2 0.9319444444444445 0.88125 0.13240740740740742 0.058333333333333334
2 0.07453703703703704 0.8088541666666667 0.11203703703703703 0.06666666666666667
